20 5684 118 0 0 0 0 0 0 61 196 404 1155 833 2584 589 0 41 1221 2801 374 658 597 130 
11 6002 149 0 0 0 0 0 1 156 209 784 1297 651 2111 953 0 21 1971 1758 653 723 804 232 
53 8409 585 0 0 0 0 0 2 112 259 634 1869 1805 2879 1487 9 114 2521 3526 1008 572 972 325 
27 4797 1061 8 0 0 0 0 0 13 159 528 1079 1304 1828 982 0 44 1178 2427 876 754 475 139 
138 5426 1061 35 0 0 0 0 0 7 217 587 1335 1266 2111 1137 0 58 1963 2149 769 757 586 378 
4 3511 1740 63 0 1 6 0 51 125 343 1474 1043 1160 765 364 0 0 736 1912 1627 635 170 245 
0 3004 1654 28 0 0 0 0 0 40 379 1180 891 948 957 291 0 0 815 1444 1850 275 186 116 
162 3991 125 121 7 0 1 1 25 169 166 135 275 659 657 2322 0 0 1071 1816 667 717 104 33 
98 5766 10 0 0 0 0 0 19 109 225 301 853 629 867 2871 0 31 615 2011 1442 731 730 314 
20067 12932 1697 1156 5460 3819 4741 12410 7926 12544 8802 5115 5122 4146 3166 15461 16083 9010 9017 7675 4639 3824 4668 7366 
15754 16125 2751 730 1076 3626 12788 16079 4452 20759 15281 10757 3855 2328 2286 9211 12594 12352 12783 10571 6236 5813 4382 4198 
11924 8617 7202 545 204 5137 7451 19184 4789 16762 11490 7896 6087 2826 2314 8100 14610 13176 14633 8802 3623 2821 1355 1244 
5832 12696 5211 841 1078 4220 14664 12328 1681 27674 14379 6624 4361 717 725 709 1102 9494 12027 14399 10197 5665 2892 1094 
6171 14486 465 85 122 8813 14477 10056 3984 17096 11070 5949 4029 2932 2207 7408 12721 15095 9786 5827 5384 3860 1391 611 
9573 21123 1810 1565 1491 4319 4809 5317 2606 8419 9413 6638 5068 5203 4019 8641 14891 17518 7543 4208 2910 858 619 1460 
8892 16733 654 92 399 8377 7314 8377 2523 20545 11244 7236 4891 1298 946 2155 2179 11053 11423 6570 6233 7252 4354 1774 
8342 30536 3839 287 1177 7174 568 1141 3292 9594 7621 6802 5983 4120 3618 12034 20634 23333 4300 1288 1454 920 687 448 
19693 24719 528 99 116 322 357 2166 1866 5229 13149 13111 4350 3231 3002 4062 2386 7849 4898 5551 4440 4325 6424 12127 
7545 7932 811 1289 2746 17533 8587 10988 5912 20006 15449 5615 2624 2803 1923 3099 11635 9658 14079 9194 5750 3213 2461 1441 
6486 11768 1411 386 1724 14548 10622 10447 5944 20039 14307 7562 3781 2481 1234 2044 10322 9905 12392 9102 6787 4001 3103 1780 
0 3679 4568 825 0 0 0 0 29 814 971 1139 1131 1758 2958 272 2 917 1378 2435 2869 1363 108 0 
130 7972 2698 0 0 0 0 0 111 657 1160 1865 2366 2147 2427 67 9 219 1081 1895 2668 3317 1611 0 
0 9492 2137 53 0 0 0 0 0 33 1007 2089 2745 3598 2206 4 4 175 518 1579 1946 3731 3586 143 
656 2888 97 15 15 5777 309 301 1727 2917 4902 355 153 2 2 0 274 1070 1152 1371 2016 1177 1116 1882 
718 2937 73 8 2 4858 290 161 1532 2640 4577 285 12 1 0 0 347 851 1400 1374 1431 1298 1056 1290 
493 2151 207 40 11 6119 242 342 2460 1764 5196 180 5 0 0 0 1208 737 1084 1240 1082 1163 1760 1331 
1063 911 360 24 20 7875 219 440 1859 2068 6878 46 45 16 0 0 9 584 1288 2162 2290 2068 1772 739 
383 1822 683 0 10 7935 429 219 2141 2040 6593 583 113 11 0 0 827 1552 1641 2257 1747 1635 1575 247 
563 700 486 159 210 3826 412 319 1650 2057 2220 405 210 70 25 38 2315 1974 850 520 725 236 55 0 
1206 611 25 44 87 3914 595 294 1472 1951 2756 325 143 56 32 41 1851 1228 760 762 1030 1079 61 5 
771 959 571 140 402 2866 92 124 2200 2376 1054 166 68 19 8 34 2324 2066 327 205 544 424 35 0 
449 908 1983 365 339 1719 155 66 1500 1774 2126 405 88 23 19 49 1345 689 1645 741 1137 336 81 10 
170 319 2192 108 122 1023 151 227 1127 820 971 972 395 18 5 4 737 1638 899 503 531 4 0 0 
1460 3104 10244 383 166 59 37 153 3733 3576 5187 2548 518 24 8 12 527 393 549 861 1078 1327 2900 7971 
1170 2886 8845 1625 144 42 12 27 2402 4606 3394 2800 1263 183 41 62 652 735 723 898 1301 2147 4442 3853 
2144 6155 3434 266 175 325 581 1900 3482 4814 4170 1686 673 122 16 17 995 1158 1726 1874 1309 1538 1868 4512 
1641 879 369 404 1316 3629 3585 2697 4345 5147 2834 1117 486 372 191 28 2224 3005 2549 2269 1644 1238 748 843 
106 10507 5659 1427 86 7 0 0 1176 1722 2498 2830 3505 2183 1168 2710 3 728 977 1888 3410 4910 4608 1268 
65 7244 9334 2776 81 0 0 0 73 4362 3629 3016 1830 1565 1360 3665 0 563 1710 2212 4216 4527 4493 1779 
0 3041 8414 3350 651 0 0 0 178 6035 3433 3030 1348 627 414 391 0 16 856 562 1809 4406 6086 1721 
1198 6223 2729 590 384 0 0 0 577 2701 1327 2011 1290 761 764 1693 0 171 1193 1488 1288 2093 2841 2050 
728 7865 1575 64 22 1 12 5 248 1227 2226 2028 1169 972 962 1440 0 37 138 315 920 3286 4487 1089 
5718 6460 0 1 0 0 3 1879 686 4574 3754 2161 1471 1254 126 35 113 1532 3654 3091 3710 1397 355 209 
7328 5447 4 12 18 2 17 603 281 2244 3094 3553 2594 1307 226 132 351 3623 3419 2421 2451 1050 53 63 
4001 6088 206 159 260 217 98 395 3068 3553 2796 1307 518 167 12 3 218 3557 2160 1748 1454 1166 451 670 
616 1933 1063 178 175 1049 3380 2642 555 1518 3339 2991 722 678 555 678 1475 1692 1777 2820 1770 1024 330 148 
762 8764 1405 238 88 179 88 19 2028 3208 2252 1460 737 663 643 552 470 896 1034 1627 1552 1786 2132 2046 
1603 6380 1544 160 68 98 160 188 758 2591 1810 1475 1284 851 683 749 509 1347 1622 1886 1596 1662 1154 425 
720 6025 1284 327 206 413 399 205 1554 1431 1661 1816 1694 560 361 502 264 1109 1588 2591 1373 757 923 974 
751 2976 110 18 20 8 55 6 980 808 607 306 236 193 226 588 196 588 259 207 254 294 367 1779 
322 17374 4284 289 59 14 6 0 519 3052 3794 6551 4413 2773 1034 212 1549 2468 2782 1125 1311 1788 4729 6596 
596 21141 2334 195 181 6 0 0 363 2530 5012 7176 5350 2743 1033 246 1798 2736 1480 1553 1699 2919 6377 5891 
376 21672 949 332 21 9 8 6 683 2336 2613 5156 3758 5717 2941 169 214 2694 4214 3728 4584 3750 3270 919 
609 28950 201 235 27 15 8 6 1455 2271 4467 8160 7339 4957 1300 102 178 2768 2315 3251 2561 2045 3831 13102 
203 15497 257 281 0 2 3 7 646 994 3619 5662 3061 1781 482 5 17 789 1476 1427 2769 1981 4758 3033 
0 5407 60 0 0 0 0 0 58 149 550 1197 1632 1068 786 27 43 1041 1841 1854 688 0 0 0 
570 15541 310 2 0 0 0 116 832 1559 3956 3239 3930 2565 436 22 30 780 787 918 947 1408 3156 8513 
874 11374 546 0 0 3 1 6 262 2345 2675 3606 2470 1335 79 32 0 179 761 944 1275 1556 2424 5665 
693 13389 2405 459 82 16 11 55 968 1799 3913 5184 3867 1206 160 13 136 755 492 497 550 2694 3294 8692 
68 12441 1233 25 56 1 0 0 451 1804 2215 4304 4104 688 211 47 0 655 1104 726 410 537 1461 8931 
21 1648 203 83 152 0 0 0 167 384 588 792 176 0 0 0 0 2 48 118 375 836 697 31 
6 2531 201 53 9 0 0 0 88 438 709 1011 510 41 2 1 1 49 214 227 402 910 933 64 
56 862 28 4 0 0 0 0 99 257 301 214 41 31 5 2 0 28 55 63 121 272 406 5 
67 2185 152 31 97 2 1 3 88 325 597 877 565 82 4 0 3 118 118 230 480 792 734 63 
88 2803 264 24 13 0 0 0 65 354 585 723 1215 242 8 0 0 29 206 424 940 1131 441 21 
1940 10060 25 6 6 232 88 171 349 2243 2509 2824 3402 807 171 223 1670 578 1896 2259 1052 818 1754 2501 
2440 15566 356 0 0 0 37 1593 81 525 2296 4118 4590 3636 2766 1980 442 1166 2284 2152 1973 1767 2675 7533 
12317 2710 563 5 8 55 58 3319 63 1485 4301 5387 3830 3018 841 110 1845 2970 2076 1029 1217 1747 2747 5404 
9977 1074 18 15 21 81 110 6656 136 1817 4160 5373 3962 1858 426 220 1572 3614 2967 2438 1747 1487 2024 2103 
11999 2278 2 0 3 23 8 75 684 2853 1993 2970 3280 2207 278 123 385 549 523 1858 1273 1012 2510 6278 
13655 1676 0 0 0 0 0 41 36 640 2252 3202 5871 3152 193 26 187 1445 2580 1099 917 1066 2688 5390 
10016 3474 9 3 5 51 23 794 103 265 824 2885 7552 2403 253 90 678 1822 4519 3121 1634 857 1074 670 
10526 3628 9 7 0 1 20 87 56 510 1386 2848 5294 3172 963 49 375 1128 2587 1998 1339 1250 2541 3060 
4326 2735 7 2 2 19 49 4778 91 336 1788 2576 2884 2822 1368 53 1517 1932 1530 1224 1348 1294 721 2352 
105 11576 285 16 0 4 6 5 214 495 1216 1292 1214 2501 3310 1755 0 1361 1087 1270 1385 2710 3358 826 
492 10443 96 21 39 4 16 4 401 538 953 769 1142 1938 3063 2311 9 512 1406 3480 2234 2072 1037 365 
36 62 123 153 826 1198 1132 1511 920 2776 974 216 85 57 13 0 8 794 1767 1249 518 384 292 29 
41 4193 348 261 922 126 42 7 907 1369 1378 1343 677 245 16 5 0 197 475 1885 2044 971 232 136 
591 2226 993 380 1197 614 83 146 3438 2233 414 118 19 7 1 0 49 148 340 1370 3294 609 368 52 
149 210 199 265 889 1116 1952 890 1338 3684 465 161 20 1 1 0 131 441 881 1510 1952 731 24 0 
535 714 176 283 607 1747 49 37 1744 1624 658 77 16 7 5 17 894 989 471 585 685 414 107 3 
266 207 49 40 449 3304 217 328 1628 1672 1104 325 104 17 5 5 601 2120 800 279 218 389 408 45 
169 288 69 122 510 1459 1215 1132 566 2123 1378 546 227 80 30 14 228 1133 1646 1086 550 310 11 0 
174 311 175 206 862 770 43 39 791 902 504 284 51 27 8 13 357 567 494 510 302 278 36 36 
2 10 43 144 1382 520 14 0 668 722 468 241 16 0 0 0 8 217 415 329 274 146 230 496 
21 113 177 217 368 1099 76 17 451 736 831 63 5 2 0 0 69 506 411 524 328 45 27 178 
60 30 58 30 208 717 467 122 504 491 612 52 28 5 0 0 35 266 325 433 257 82 34 260 
0 86 54 30 1082 533 0 0 258 298 673 522 34 0 0 0 17 338 285 561 255 72 93 164 
130 45 445 121 712 568 61 18 539 701 513 291 47 9 0 0 8 130 701 434 399 113 33 282 
0 714 573 8 0 0 0 0 0 25 149 352 399 329 40 1 0 119 192 276 230 254 173 51 
1 1112 436 1 1 0 0 0 26 103 115 190 526 573 18 0 0 61 264 284 242 250 201 249 
0 696 392 0 0 0 0 0 0 20 39 119 507 367 36 0 0 102 232 233 191 185 82 63 
0 1091 650 59 0 0 0 0 0 0 82 527 363 763 63 2 23 455 242 237 393 271 162 17 
0 1089 0 0 0 0 0 0 4 118 228 280 405 54 0 0 0 0 3 125 113 164 293 391 
0 1440 0 0 0 0 0 0 4 235 496 535 143 27 0 0 0 0 0 83 217 242 414 484 
4 3987 2066 238 256 1 0 0 123 1379 1094 1021 1429 994 424 88 380 1721 605 1970 623 467 779 7 
54 4702 860 124 96 23 12 9 199 291 486 1070 1999 1499 296 40 269 1039 487 362 532 923 1871 397 
126 4839 209 1 1 0 1 7 99 344 855 1016 1224 1127 456 63 32 505 820 855 714 841 1301 116 
9 2879 161 117 20 0 0 0 43 222 526 685 884 663 153 10 204 248 135 165 245 582 1167 440 
2 4258 574 99 35 0 0 0 12 752 1164 725 1040 946 302 27 528 665 271 386 671 769 1180 498 
760 3813 396 0 0 0 0 1 645 413 222 461 1187 1603 424 15 313 1486 521 401 444 854 951 0 
10 3601 862 0 0 0 0 0 13 583 1452 937 832 472 184 0 0 289 1229 805 566 581 988 15 
274 2048 3017 142 15 1 2 9 357 213 673 1240 1888 1092 41 4 253 3939 396 362 200 185 173 0 
5066 993 0 0 0 0 0 1975 170 2015 1336 1154 1098 1067 751 443 2170 2952 1188 988 594 137 4 1 
4017 33 0 0 0 0 0 2301 89 2506 909 782 1204 584 181 96 1998 1808 760 1088 680 17 0 0 
4695 345 3 14 4 10 23 1936 269 2017 1555 997 1285 611 171 125 1934 1522 1167 1236 1014 109 28 20 
4545 476 0 0 0 0 8 1760 78 1125 1342 1533 1331 872 403 105 2215 2083 960 1146 310 70 4 1 
5148 545 0 0 0 0 8 923 50 1128 1723 1678 1056 597 262 130 2651 1763 863 922 419 6 0 0 
1108 260 226 379 37 11 43 1356 324 911 520 463 531 584 87 0 5 155 352 577 608 536 663 524 
663 428 265 84 29 59 101 1735 253 523 617 923 821 227 0 0 76 512 583 529 575 637 416 36 
579 1594 732 231 18 0 0 94 224 512 831 470 593 532 85 1 10 237 506 444 352 299 401 999 
793 121 333 457 59 37 74 1717 401 721 601 607 648 601 12 0 213 1221 1114 502 232 229 51 29 
947 6624 1234 78 149 166 24 174 407 106 217 140 250 560 1049 6667 1746 1302 6185 163 0 0 0 0 
1562 9599 4405 36 27 334 169 109 1252 53 699 1617 2442 3285 3109 3784 3303 961 2825 8121 1027 4 0 0 
599 6813 1997 40 24 27 50 110 173 29 218 1017 2075 1761 1342 3045 1922 493 832 3847 2333 229 4 0 
1081 12615 1329 50 25 145 48 82 540 869 1237 1853 2203 2198 2439 4036 1821 650 2100 4723 3438 1534 1109 0 
1378 5358 1075 45 87 130 10 51 384 104 56 83 327 783 1498 4899 1160 2486 3515 970 3 0 0 0 
656 4177 3627 50 63 0 13 156 42 127 207 1969 1932 1759 1377 1329 1078 898 3102 3627 37 0 0 0 
376 8951 2123 325 284 308 55 41 688 469 896 1184 2113 1931 2466 2716 454 866 3276 4780 2792 282 13 0 
114 6384 3512 191 58 31 10 0 88 156 954 1569 1621 1477 1478 2957 480 877 2684 3608 2518 133 0 0 
72 16848 2682 0 0 0 0 0 0 0 26 409 1382 2841 2692 12252 0 0 149 1528 4444 9959 1337 2185 
514 11801 5118 0 0 0 0 0 0 24 107 555 2260 848 760 12879 0 0 182 3577 8940 1979 555 2200 
143 18211 986 11 3 3 2 1 261 275 274 449 1215 1332 4875 10679 0 0 169 751 5874 9612 1069 1885 
437 11429 6301 37 0 0 0 0 6 48 356 282 754 2072 1434 13252 0 63 816 3162 5455 5210 1183 2315 
76 8420 8617 32 0 0 0 0 0 42 596 1260 1219 1749 2465 9814 0 20 281 1469 6482 4798 2227 1868 
180 15088 4163 0 0 0 0 0 0 0 122 724 1070 2766 2702 12047 0 442 703 1077 4299 7448 3684 1778 
0 14884 776 0 0 0 0 0 2 17 24 38 166 327 359 14727 0 34 2718 8420 3961 323 132 72 
135 12690 2295 0 0 0 0 0 0 3 84 366 913 1057 1881 10816 0 11 815 5788 5228 2018 768 492 
34 7843 2019 61 44 44 29 6 577 125 110 117 123 152 495 8381 0 783 3261 2863 2274 108 53 738 
47 10268 266 47 62 17 21 7 783 283 235 245 201 256 329 8403 0 187 1461 3321 3421 625 257 1463 
37 428 649 342 201 15 7 4 163 494 461 211 175 124 27 28 186 202 242 254 213 280 156 150 
69 799 468 145 84 53 8 6 109 237 168 149 227 384 144 214 506 202 235 224 201 124 56 84 
36 679 675 302 216 49 12 7 166 396 440 341 258 180 41 154 252 214 214 345 373 271 143 164 
271 1079 391 169 190 37 18 28 332 440 330 274 274 298 83 152 304 248 329 324 349 304 172 153 
0 819 63 57 49 0 0 0 14 151 135 98 152 152 120 166 0 3 183 192 82 109 211 208 
12 1006 42 10 143 2 0 1 19 65 162 139 214 231 127 259 0 56 220 143 112 163 269 253 
11 881 6 1 0 0 0 0 9 41 50 51 150 210 97 291 0 27 156 114 88 145 215 154 
0 612 50 16 24 0 0 0 11 66 129 128 198 94 33 43 0 7 351 171 41 34 82 16 
3 900 31 5 33 0 0 0 15 91 96 126 159 164 130 191 0 28 230 149 119 156 186 104 
6 762 17 5 10 0 0 0 6 64 103 177 280 145 25 0 0 18 514 142 35 19 16 56 
2 757 17 9 21 0 0 0 14 60 66 46 125 201 148 146 0 12 134 117 75 118 191 159 
25 925 19 6 45 4 0 0 11 62 113 120 128 250 186 154 0 16 158 135 104 149 280 182 
14 615 44 6 14 37 28 10 95 77 65 212 248 70 1 0 0 6 513 144 26 29 50 0 
3 452 41 5 0 4 0 1 19 14 63 182 111 105 12 0 6 105 252 130 8 5 0 0 
9 595 32 4 3 46 22 9 114 41 85 206 200 61 12 1 0 132 470 23 21 26 45 3 
11 712 38 18 27 0 0 0 8 61 145 226 219 65 34 48 0 124 375 132 54 46 52 23 
429 3495 123 109 401 18 0 0 591 93 384 307 368 1103 823 906 43 347 525 1180 1022 731 712 15 
1427 210 29 22 210 120 41 2189 589 326 567 621 614 459 307 765 1035 1944 648 236 234 97 54 0 
1383 662 29 26 113 37 8 1630 345 212 706 1214 604 276 187 344 409 915 875 455 459 491 255 29 
1163 1174 90 66 94 50 11 2581 470 246 357 731 750 790 696 1189 1245 2109 880 484 350 126 35 0 
1302 713 227 100 91 21 14 3406 530 716 2078 1063 433 268 244 542 503 812 1081 1081 1106 980 309 2 
2878 2423 120 30 0 3 52 1006 156 340 704 869 873 843 807 1920 3218 1061 953 467 310 474 29 0 
1545 2006 164 161 2254 605 85 1170 4240 2735 949 44 11 7 1 3 1153 3030 908 529 444 1030 889 7 
1203 1691 104 98 1232 465 28 338 2619 2172 301 42 12 5 0 8 1143 1714 550 397 251 425 578 101 
1969 2977 102 74 766 516 19 285 3807 2215 499 118 40 11 7 11 1805 2700 669 582 405 347 174 26 
1136 1868 127 45 651 214 116 133 1572 1263 722 610 87 23 4 9 805 1623 703 259 348 450 101 1 
479 1354 178 222 739 212 48 128 2221 944 129 41 13 8 3 1 382 1159 642 324 389 336 128 0 
1369 1370 27 142 444 203 28 281 2274 970 451 108 26 12 10 13 1505 1320 220 187 209 346 52 25 
1147 1631 1389 418 815 145 99 1196 2051 2740 1273 508 171 40 23 34 518 630 687 1204 1655 884 738 524 
1677 2957 1910 560 153 64 37 882 464 1709 2797 1853 1211 110 43 53 1009 901 740 1033 1003 1148 1696 710 
2217 2329 1460 743 205 57 73 1364 1111 2745 2746 1154 397 134 63 98 1456 1070 1126 1350 1134 833 956 523 
2929 2059 1168 693 107 7 2 619 449 3112 2204 1452 243 57 26 41 712 846 922 1124 1111 1341 1206 322 
959 3606 1034 476 36 18 16 245 311 1574 2767 1480 176 38 13 31 369 522 460 772 658 765 1818 1026 
1564 2258 878 1329 15 49 107 2000 379 965 2421 2597 1480 227 51 80 2064 905 936 1325 759 565 1243 403 
2432 1434 870 364 83 77 101 2010 988 1905 2760 1136 350 90 37 105 1398 1118 917 1156 914 868 740 260 
2564 3301 519 149 14 22 17 1714 322 410 1512 3827 1894 163 70 102 1006 855 764 1124 1068 1057 1363 1063 
2201 2272 949 155 14 0 0 2219 19 528 1608 3546 1828 127 50 104 672 1036 1195 1029 1136 878 1157 707 
2383 2419 865 299 7 1 0 1496 167 1084 1946 3020 1212 19 6 16 137 647 904 744 1435 1186 1238 1179 
2142 597 222 165 0 0 11 2561 341 465 1254 2221 1343 40 13 21 275 902 995 785 1012 1079 524 126 
1741 1454 575 194 10 1 0 1099 414 1022 1469 1733 416 10 1 9 151 743 590 679 757 791 771 592 
2132 45238 161 14 23 10 133 52 2646 3317 3900 3671 4848 9434 5463 14484 304 690 1598 10093 7590 14026 8895 4567 
1932 54807 72 30 50 10 82 57 1619 3099 6005 6004 6336 6380 7619 19978 809 1172 1831 8044 13948 14586 11611 5039 
6728 6575 4977 850 844 7622 3865 4377 5157 8484 12674 6676 1488 1330 29 0 13693 5554 5404 4875 2757 1829 1436 290 
9995 4985 2054 2318 1171 2501 1530 12288 3848 11655 9699 6438 3785 1395 20 2 5183 3476 5007 5738 5528 5498 4722 1690 
5169 3939 4328 2023 1409 2380 2519 6961 6765 8710 5630 4099 2557 865 52 50 1924 2948 3759 5744 5035 5579 2528 1211 
4128 1436 2618 522 3142 3431 2165 3837 4249 7316 4924 2870 1239 652 4 25 4718 3621 2143 3501 2783 2032 1402 1079 
5639 1510 0 0 0 0 0 51 137 416 592 750 805 1603 1926 971 1199 1162 1138 1424 1430 530 272 45 
3361 1746 2 7 2 81 196 1411 413 414 655 1630 696 773 500 1725 4212 761 252 536 891 154 0 0 
3556 2365 0 0 0 0 2 41 26 177 1122 1083 827 1437 867 425 236 769 692 1478 1288 1142 344 15 
144 7017 0 0 0 0 0 0 5 30 356 348 930 1266 2857 1369 166 376 478 1245 2046 2731 77 42 
114 5906 0 0 0 0 0 0 0 15 308 832 389 1547 1817 1112 149 223 791 733 1883 2092 131 18 
1 44 332 3 0 0 0 0 23 12 9 38 84 65 105 44 0 15 38 66 70 105 53 33 
0 15 291 0 0 0 0 0 0 0 15 25 57 96 103 10 0 8 67 50 57 94 30 0 
0 278 102 0 0 0 0 0 0 1 4 17 36 92 103 127 0 6 31 29 18 97 181 18 
1 210 104 3 2 0 0 0 17 10 13 23 35 59 86 77 0 6 15 23 34 83 113 46 
2 170 68 0 0 0 0 0 3 6 12 24 32 67 72 24 0 10 41 45 46 51 44 3 
291 48 14 0 0 0 0 7 7 22 84 121 78 38 6 4 19 79 115 94 46 3 2 2 
281 60 1 0 0 0 0 0 7 23 117 90 78 19 8 0 0 120 113 75 25 3 2 4 
34 15001 4 0 0 2 0 1 1539 1696 336 175 1793 8201 1232 70 11 31 191 1776 5215 6248 1344 226 
58 20608 65 87 140 37 1 4 2226 784 224 1427 11541 4245 535 18 4 27 107 792 3399 3794 6386 6491 
174 19833 234 110 110 182 6 15 5034 185 132 1241 9818 3671 542 41 0 4 37 626 3448 4302 8558 3689 
23 26599 13 3 1 9 0 1 4962 897 726 1311 9753 8098 834 68 0 242 840 1499 5372 6411 8333 3952 
982 3306 8 4 32 171 74 103 564 483 653 670 983 1147 180 0 0 96 278 952 1292 1243 181 638 
796 3260 0 0 4 258 44 60 415 167 238 383 982 1913 324 0 0 85 242 1873 1715 121 32 354 
406 2342 11 3 33 449 26 42 674 114 188 377 1120 733 106 0 0 24 69 1129 1294 211 45 540 
353 4020 1 0 3 264 215 218 579 445 373 623 894 1123 915 122 0 527 247 968 1511 1425 41 355 
504 3754 3 3 36 789 118 86 793 473 217 245 275 427 530 2333 0 133 275 1067 1404 1739 269 406 
779 4219 2 1 4 18 114 89 63 288 425 717 500 514 494 2225 0 410 386 812 1359 2183 75 1 
660 3509 18 11 43 278 52 65 364 285 270 599 400 461 311 1946 0 114 430 444 750 1895 820 183 
1023 2654 0 1 17 189 46 30 453 303 612 684 761 734 359 54 0 6 138 686 1213 1240 281 396 
4133 1658 274 35 395 6993 264 290 1603 3871 2530 2424 831 401 285 2097 3624 1533 2231 2178 1147 1991 1075 263 
3713 1802 401 7 32 489 3571 3297 1961 2440 2843 2255 1328 950 573 962 1812 2240 4035 1943 1320 1382 287 293 
494 13320 45 0 0 0 0 1 2 482 3082 4047 2748 1747 873 879 118 377 1652 1486 1286 1097 1292 6552 
162 16180 56 10 18 0 64 7 275 2925 1825 2135 2506 2809 2478 1544 0 569 1543 2767 2504 3225 2340 3549 
2176 4174 816 51 38 486 1501 5038 794 2599 2601 2210 1650 940 801 2685 4146 2422 1943 1365 852 887 2290 375 
1166 723 452 25 40 1132 3383 1356 1196 2296 1870 2160 722 33 0 0 2 2091 1523 627 703 1229 1191 911 
439 218 25 12 426 4070 85 57 201 630 1354 1511 763 340 221 312 409 966 1760 1329 633 194 15 26 
1195 302 274 83 817 5108 40 85 265 699 2246 2075 1050 704 457 408 534 1074 2195 1585 1323 1005 141 47 
456 862 217 6 218 5983 122 74 298 2114 1802 1751 945 478 245 305 445 1132 1333 1776 1100 873 1001 278 
2185 293 257 17 828 4675 97 76 32 551 1768 1517 1452 1068 906 1134 572 2274 2301 2393 789 32 28 39 
1783 169 4 1 156 5309 123 375 189 1528 1874 669 673 695 897 1395 868 1899 1475 1508 1197 835 120 18 
1755 153 28 18 607 5117 113 346 275 2029 1321 1101 1101 992 564 754 782 1113 1747 1937 1292 1028 204 34 
1714 223 3 4 767 7150 241 106 319 1990 1937 1793 1577 1127 516 949 877 1179 3046 3126 1402 420 135 23 
1606 1167 13 7 656 6157 273 149 429 2486 2071 1613 899 983 576 971 643 1242 1873 2245 1978 1358 355 334 
523 158 105 21 44 2875 160 56 436 998 1326 503 348 187 76 68 151 501 843 680 606 737 277 147 
180 18883 2987 526 1482 235 7 36 1247 1519 1497 3897 4503 4851 4852 1970 4698 5930 4056 3110 4952 1413 117 60 
294 17199 195 117 2538 134 0 5 218 646 897 3752 7623 3450 2168 1728 2964 4180 3736 3510 3474 2360 204 54 
103 2798 50 23 176 11 5 6 106 461 641 603 475 628 246 12 0 96 1195 400 544 461 410 66 
8 1988 268 142 492 42 0 0 122 400 776 822 752 68 0 0 0 231 1549 443 234 273 198 12 
35 2376 162 84 891 61 8 1 148 577 1072 548 1105 167 1 0 0 145 1749 331 228 231 457 477 
43 1936 161 112 647 5 0 0 27 236 755 501 659 628 90 8 0 493 1425 253 120 119 246 248 
68 2934 163 51 544 35 1 0 182 498 989 712 893 475 34 13 0 296 1030 914 415 367 500 274 
156 2139 283 104 704 18 0 0 55 362 749 466 847 758 130 37 0 770 1428 418 174 105 242 267 
30 2263 225 107 369 14 0 0 131 312 302 292 573 899 465 34 3 1192 1240 224 85 138 116 10 
412 3479 85 45 210 9 0 0 60 358 1156 1276 768 602 18 2 0 197 1395 1011 390 428 557 262 
129 2939 92 47 95 8 0 2 68 493 1108 673 485 368 103 14 1 425 865 350 267 447 558 399 
67 3603 57 35 256 0 0 0 95 413 1171 595 1140 549 41 14 6 499 1603 378 210 425 537 360 
106 3556 103 46 109 0 0 0 49 314 688 846 1273 621 107 22 18 702 1477 721 266 232 295 209 
78 2930 81 58 529 34 0 0 120 691 1403 392 772 302 18 12 14 136 1008 357 312 467 889 527 
2604 1866 1632 291 40 785 1630 3122 2187 3596 2662 1611 1092 472 189 161 1037 2406 2418 4148 1956 5 0 0 
3647 5884 916 18 0 0 0 767 3 1040 1848 2773 3116 1238 598 616 1611 1766 2529 3368 1930 27 1 0 
248 8869 894 78 12 0 0 0 205 683 1682 1742 4629 937 147 76 171 1618 1749 2163 2762 1638 0 0 
1003 11034 312 38 15 32 128 725 258 1365 4153 2245 4108 696 231 231 277 1684 1725 2245 2231 2256 2731 138 
1304 3996 1270 264 309 2929 1341 2107 3182 5319 2307 1202 983 96 72 359 1236 1151 1882 2390 3124 2349 1297 91 
1233 1006 2346 512 59 1544 1065 4135 1576 4104 2053 1320 899 801 584 563 2286 2796 2791 2474 1323 204 26 0 
232 242434 54849 696 156 1 0 0 4925 14550 28373 29645 84697 113353 22823 2 2744 41528 114435 99722 39647 292 0 0 
1375 314744 53704 711 15 0 0 8 1202 6596 22960 32671 92453 136609 76065 2001 2621 39952 168489 148875 6931 2071 1106 512 
1959 216707 42211 1986 63 7 38 24 2124 12512 20913 41763 68816 84648 32140 79 53 16115 60285 134362 32133 6223 6611 7213 
3461 74979 89010 1885 1441 36 20 56 7417 21621 79685 60028 2137 0 0 0 8653 100054 41730 7422 1426 452 1993 9158 
1131 113796 72653 839 37 0 5 8 4676 3436 7989 51949 85713 34095 610 1 61 31372 91596 50260 10348 305 151 4376 
7459 175591 21590 6014 396 40 294 144 15508 12217 16802 72746 74411 19516 326 2 208 40596 56558 87149 12857 743 608 12809 
3522 76047 67635 6111 484 6 44 24 4145 17196 27307 48681 54042 2493 3 6 5729 79816 57397 3341 1653 731 1326 3880 
382 69900 99797 19 0 0 1 1 159 2621 21602 57720 79253 8744 1 0 6144 64260 86056 9667 3586 198 80 109 
3768 104587 82411 3961 645 3 2 31 4552 29405 38285 69958 50394 2812 2 0 1390 53152 90638 35340 11115 3105 668 0 
188 181511 70827 5268 2209 23 4 10 7161 12771 29634 38571 73921 92886 5096 0 711 50815 92261 106873 8667 706 7 0 
522 103229 63557 7646 1160 26 4 36 12068 16204 21934 25102 46177 51701 2994 0 930 44905 50371 64519 13877 1319 238 21 
27 107289 84701 8781 9135 36 8 5 2567 23861 23003 38642 88905 32566 438 0 0 4047 68721 124647 11714 663 168 22 
2732 229765 9686 161 42 5 90 15 2644 4229 32997 52711 33119 47138 66167 3491 1565 16685 101379 68539 14076 9929 12237 18086 
506 26660 34934 7731 4973 10 0 0 2720 18499 29405 21261 2926 3 0 0 835 22231 33542 13177 1696 630 1844 859 
165 5961 1880 50 98 27 0 3 106 493 1771 2473 1362 1034 754 191 0 42 3012 3090 1505 315 165 55 
84 7795 1082 128 1 0 0 0 213 216 1115 2736 2545 1554 550 161 0 31 1996 2768 1675 783 763 1074 
31 10189 295 131 399 5 0 0 504 904 1476 1293 3052 2765 970 86 0 111 3704 6070 871 174 105 15 
44 6419 864 175 250 0 0 0 352 851 1382 2038 1628 969 405 127 0 9 1945 1644 759 875 1043 1477 
1898 4321 2724 20 0 0 0 1 4 404 3531 2283 1274 875 371 222 2 78 727 1167 1721 2485 1313 1471 
1584 3712 593 3 0 0 1 3 56 487 3013 935 521 613 217 54 4 46 424 683 422 457 752 3108 
7796 43308 15105 9 0 0 0 82 29 976 4660 9801 12960 9590 10164 18120 2519 11377 15306 10978 14944 10042 1134 0 
4716 37691 8113 214 26 4 0 0 39 573 1624 6355 6880 7151 9896 18246 1689 3877 8697 10476 17989 6325 1622 89 
1546 44355 10462 743 93 1 0 0 267 821 2255 4334 6736 9053 14443 19291 5845 4709 11747 9408 12994 10910 1319 268 
584 271 64 6 32 856 19 17 219 499 276 256 172 81 41 305 606 387 239 119 182 198 90 28 
424 260 51 4 0 70 437 464 212 408 265 176 179 155 107 208 453 559 228 123 187 102 26 32 
14 2092 0 0 0 0 0 1 28 335 274 309 325 286 317 233 0 152 291 288 282 393 282 419 
304 515 92 1 0 2 189 589 63 273 273 193 162 137 122 469 758 358 143 73 66 80 189 25 
21 1698 9 0 0 0 0 0 0 21 349 553 349 189 115 152 18 146 185 179 143 111 160 786 
132 105 58 4 4 110 350 257 109 355 155 237 133 25 3 3 149 274 88 81 91 107 130 100 
8 4373 428 1 0 0 0 0 0 16 57 69 130 309 610 3619 244 1373 742 568 559 833 412 79 
22 5045 494 35 14 0 0 0 3 91 59 114 218 385 960 3780 127 1269 890 872 643 1035 649 125 
0 3775 221 0 0 0 0 0 0 0 0 0 17 92 390 3497 29 1497 577 607 609 518 150 9 
56 2651 125 0 0 0 0 0 0 0 14 105 199 196 375 1943 47 862 273 313 481 402 250 204 
0 3542 106 0 0 0 0 0 0 0 0 0 0 8 204 3436 0 1159 1371 539 393 186 0 0 
1239 4548 1114 169 163 6537 8345 1537 7248 8555 6824 724 299 2 0 0 27 3703 5601 5545 4929 2614 880 353 
435 7898 2354 360 1941 17291 12805 476 10015 14041 15475 4020 9 0 0 0 6923 14852 6032 5140 3127 7248 171 67 
6824 9645 635 27 142 5126 6375 5456 5832 17793 7296 2217 1029 51 12 0 0 4246 7868 7433 6095 6103 1344 1141 
1832 3228 140 0 0 3808 12577 8361 3873 6588 14579 4639 267 0 0 0 929 14417 5367 4277 2983 1231 498 244 
341 2243 2289 160 1262 9061 13326 2580 5247 9560 13080 3308 67 0 0 0 6693 9479 5402 2629 2440 4280 264 75 
1060 1853 6992 650 290 6507 11811 3539 7035 10029 12244 3371 23 0 0 0 676 10877 9456 4683 3704 1542 767 997 
47 882 297 356 1258 482 57 38 1361 1286 442 318 8 2 0 0 259 740 739 314 661 323 368 13 
640 1059 100 83 86 293 313 306 1341 475 549 373 119 23 0 0 8 524 549 333 402 632 407 25 
696 626 323 243 229 578 532 465 2152 966 470 103 1 0 0 0 67 1209 711 484 332 510 365 14 
581 589 266 80 140 127 147 1170 1263 949 507 299 35 22 16 9 37 855 636 401 387 518 263 3 
724 1007 302 286 690 342 184 652 1311 1354 769 516 191 35 8 3 1498 1037 847 374 232 153 42 4 
912 234 40 60 414 237 178 961 667 910 782 451 162 52 8 4 960 1041 373 354 187 75 26 20 
1064 677 208 367 368 517 259 960 1433 1438 834 423 246 46 0 0 230 2480 547 607 249 173 102 32 
905 918 126 94 363 300 108 398 830 992 580 423 329 56 1 1 392 2007 310 270 89 100 31 13 
908 1767 141 67 19 17 45 513 420 1052 871 711 306 99 15 3 45 960 1032 613 197 205 300 125 
33886 26710 1561 8 6 7 11 24160 1080 2244 9443 22597 29872 17732 3042 339 85 6464 13788 14439 12851 18076 16719 3927 
17326 12221 407 0 0 0 0 14668 200 2848 10806 14044 11080 4476 1036 132 0 1856 4423 3903 6499 17198 9224 1519 
5387 38542 3800 30 0 10 22 1 784 4299 4950 6830 15542 14253 1010 124 2 130 4026 5355 5363 6641 9751 16524 
1338 45808 5283 275 0 0 0 0 543 4305 5561 7610 14755 14207 4580 1143 0 154 5229 8047 7110 7335 9484 15345 
1791 22893 1060 784 902 251 227 147 2982 1912 4216 4461 4392 4754 5225 113 100 1213 4182 5209 4180 5419 6752 1000 
3549 1624 750 718 214 7 8 410 828 2419 2618 1018 306 79 12 0 0 196 1403 2175 1815 1533 158 0 
1782 13026 1750 265 349 137 130 173 2841 3507 3770 2406 2566 2343 169 10 0 659 1069 1326 1976 3856 4965 3761 
3921 14227 1332 354 534 382 366 388 3426 3040 2835 3511 4461 3458 770 3 0 126 957 2506 3842 6329 4904 2840 
2209 7937 1299 472 508 120 146 241 1379 4069 2601 1706 2006 1061 109 1 0 136 448 2011 2661 2227 3644 1805 
93 3704 719 63 382 81 25 15 721 995 615 477 885 978 401 10 0 398 872 638 989 1010 1099 76 
2423 2490 401 132 54 4601 4268 3415 3336 8470 4989 839 109 8 4 29 319 5661 4193 2006 2640 2174 669 122 
1218 3086 1587 61 5 1969 5517 2573 2182 8063 4391 1054 274 23 10 19 539 6011 3888 2830 1928 615 192 13 
2184 2415 1368 25 2 492 1597 4231 1342 5722 3221 1713 295 16 1 4 189 3923 3369 2086 1316 519 900 12 
854 3798 807 666 93 3904 2312 334 4083 5941 2586 149 8 1 0 0 402 4764 1759 1575 2397 1638 233 0 
7907 2548 233 91 2 8 149 4630 1609 3013 4289 5184 1405 62 6 0 0 280 1666 3576 5769 4022 255 0 
1859 978 78 51 16 7 20 6474 576 564 938 4103 3254 48 0 0 0 830 2759 4457 1359 78 0 0 
3691 1987 1 2 33 27 105 1308 352 495 1549 2668 1568 378 105 39 15 527 1069 1320 1276 1381 682 884 
3043 6523 4 0 0 0 0 0 9 1057 1697 2871 3158 444 143 191 100 474 990 1400 2640 2325 830 811 
3807 2072 31 6 55 662 848 1367 974 1579 1495 2146 1759 509 139 247 203 1977 2773 1755 654 387 243 856 
1061 6610 2 0 0 6 10 165 266 504 1034 1884 2474 1327 171 194 466 606 831 501 411 512 765 3762 
1196 1188 293 35 54 462 996 2658 1618 2225 1462 1161 256 62 23 75 139 815 1936 1582 1056 506 302 546 
2457 1783 15 0 0 6 1 1073 47 297 1162 1862 1290 486 97 94 503 2170 1097 657 405 289 150 64 
2170 5562 80 0 0 0 0 0 250 780 1511 3200 1501 339 110 121 206 3553 1843 581 519 885 215 10 
2967 3232 62 22 27 53 367 3035 1053 2210 2994 1893 823 330 158 304 617 3135 1935 1232 1093 777 344 632 
2781 4254 8 0 0 0 12 1082 651 1207 1878 2324 1488 386 110 93 54 288 622 1234 1085 793 853 3208 
3469 3224 230 34 43 91 414 2815 1411 2044 2653 2944 721 161 76 310 1202 1906 1948 1309 743 1384 565 1263 
3310 4661 259 43 82 516 516 2898 945 3369 2502 2782 1773 529 91 294 3338 4414 1632 1059 540 710 341 251 
3807 2558 56 32 15 235 209 4556 851 1332 2730 3838 2111 540 44 22 639 2200 1715 1679 1518 1470 1048 1199 
1362 3514 54 19 86 1572 220 621 2261 2374 1766 670 287 23 12 55 217 2532 1813 1233 673 545 249 186 
811 1126 387 75 152 2112 1292 2345 3208 1877 1498 1370 300 24 10 13 90 332 1795 2260 1347 1105 1129 242 
794 812 839 17 28 81 26 82 184 754 1060 365 130 66 107 13 10 213 140 386 514 340 373 703 
193 378 547 111 306 1489 103 69 481 848 1374 261 158 31 20 23 966 864 375 284 174 146 116 271 
226 369 111 82 438 752 697 118 907 1192 430 238 26 0 0 0 8 191 259 469 492 334 282 758 
1235 1598 182 37 61 25 37 140 236 203 327 437 460 576 614 462 84 619 296 297 316 404 669 630 
1649 1360 430 54 87 170 105 334 184 457 433 361 557 1028 868 301 745 759 382 351 396 401 494 661 
166 186 356 94 134 418 454 937 329 842 348 333 428 253 108 104 605 395 316 298 387 444 176 124 
480 202 77 95 570 170 223 1575 222 545 617 621 904 410 45 28 376 342 392 417 356 404 458 647 
718 211 170 342 215 160 284 1428 565 549 412 393 505 752 213 139 523 562 605 389 234 475 351 389 
377 296 111 123 125 460 581 622 415 662 494 521 412 163 19 9 233 389 389 341 278 243 257 565 
59 348 233 200 627 757 40 15 305 717 508 372 311 42 21 3 538 614 302 212 128 122 126 237 
567 3388 363 111 106 19 53 1 825 227 338 341 464 1531 788 94 18 85 228 482 1009 1152 847 787 
2753 627 21 12 103 380 169 555 942 420 333 323 584 1062 694 262 81 405 717 877 811 704 405 620 
489 3864 171 60 186 30 16 12 986 389 383 393 475 1401 723 78 25 76 303 487 745 1178 1100 914 
18 66 87 195 1528 329 19 13 311 721 1002 210 10 1 0 0 2 310 602 528 607 192 14 0 
82 72 55 142 1122 494 30 24 335 403 1106 176 1 0 0 0 2 221 472 344 337 513 78 54 
0 0 93 308 1499 260 0 0 2 249 1431 430 43 4 1 0 136 407 506 483 494 134 0 0 
32 609 116 333 875 416 12 7 551 870 913 63 2 1 0 0 104 209 241 513 611 531 189 2 
0 790 382 132 60 1 0 0 1 232 513 522 94 3 0 0 25 242 117 130 233 290 297 31 
326 191 20 69 171 46 109 616 275 822 397 33 20 1 0 0 34 448 565 187 103 77 102 32 
298 118 12 170 777 386 274 530 334 1231 745 222 29 4 0 0 45 649 743 517 353 119 90 49 
84 102 51 56 510 409 328 683 729 1048 406 38 1 1 0 0 87 587 746 519 219 40 16 9 
333 347 58 9 32 170 164 147 418 600 211 28 3 0 0 0 0 20 51 129 393 389 243 35 
86 104 108 133 1197 319 4 10 368 471 545 544 31 1 0 1 95 140 282 599 599 153 74 19 
21 103 100 150 907 494 70 45 114 585 716 454 17 3 0 1 58 132 282 560 410 409 34 5 
71 63 8 33 438 513 286 179 140 604 767 72 6 2 0 0 5 142 382 445 579 37 1 0 
59 104 93 156 819 633 161 95 164 912 895 132 16 1 0 0 4 376 513 415 358 405 48 1 
425 40 21 57 397 365 398 258 774 949 202 36 0 0 0 0 0 109 361 406 392 256 146 291 
21 133 122 119 601 23 0 1 80 220 411 288 18 3 0 0 4 302 161 134 194 166 59 0 
633 125 17 16 2177 1170 1435 2312 316 2996 2179 1736 535 107 13 3 1296 2995 834 243 113 105 2262 37 
469 129 8 24 1092 889 2512 2572 362 3210 2719 1174 146 70 13 1 710 3064 2030 614 161 116 992 8 
560 734 6 19 2338 1618 1824 1917 787 2301 3668 1636 520 66 21 17 2195 1413 1206 993 458 697 2044 10 
814 180 5 7 732 1043 1227 1404 314 1631 1677 1344 303 88 42 13 1290 2025 820 492 131 101 541 12 
133 103 2 1 1197 591 1903 2744 406 2697 2137 756 651 27 0 0 17 1814 2411 893 235 169 1127 8 
54 11199 0 0 0 0 0 0 62 421 1635 747 3201 3954 1042 191 0 0 433 3008 2303 1838 1212 2459 
52 12259 124 2 9 1 59 2 478 464 1884 2182 3125 3288 932 155 0 41 882 1344 1441 1062 2077 5661 
4420 3209 736 8 76 124 68 2733 1047 2564 2689 3173 1536 342 20 3 0 3272 2973 2093 1242 904 747 143 
196 8533 1638 0 0 0 0 1 217 386 1646 2281 1913 2020 1811 94 0 442 2877 1828 720 686 924 2891 
2925 3962 580 12 3 0 0 1103 317 1067 1588 2825 1452 1082 253 1 2 213 2027 1931 1115 733 864 1700 
0 8158 1057 0 0 0 0 0 6 163 339 2237 4040 2134 208 88 0 66 1005 812 1709 1940 852 2831 
50 11109 628 1 5 7 12 5 287 347 736 1549 2502 3717 2529 150 0 480 1328 3262 2084 931 774 2958 
4 10761 459 0 0 0 0 0 119 422 749 849 1621 5090 2223 151 0 481 3449 4536 1166 480 495 617 
3 12380 119 0 0 1 7 2 218 377 638 1387 2270 4626 2951 45 0 225 797 5774 1043 894 872 2907 
113 9530 235 2 0 12 30 14 716 312 449 1591 3780 2295 679 114 0 305 450 1158 771 732 1179 5341 
225 3788 142 1 2 15 35 27 558 338 488 838 1463 427 115 8 0 4 93 707 514 810 789 1318 
1352 8510 1364 261 300 286 155 318 2678 2573 2810 2331 1340 416 198 200 318 5376 1520 1301 1311 308 392 2020 
0 6953 1762 0 0 0 0 0 0 166 923 1075 1349 2131 2817 254 0 64 1842 3252 1802 887 658 210 
5315 5256 24 1 0 0 21 570 136 1799 4344 3692 925 155 63 73 1267 1961 1737 1496 2856 1722 132 16 
795 6155 681 1562 2416 57 8 160 5696 2606 1317 1025 867 245 43 35 997 2739 2184 2688 1929 1013 268 16 
412 6685 781 3581 2135 32 36 170 5175 4455 1353 1001 1126 694 28 0 1821 2726 2241 3183 2291 1120 398 52 
1671 4272 369 365 1961 737 313 317 4383 2992 1431 798 315 55 17 14 1279 1991 2213 2145 1301 479 350 247 
3456 1695 234 335 527 93 59 365 1990 2121 1305 795 325 110 37 81 802 2611 1674 806 248 549 74 0 
3343 4006 386 874 486 84 192 1174 3817 2549 1754 1242 479 209 126 369 2426 2997 2755 1876 357 130 4 0 
2318 2900 421 553 657 220 191 580 3357 1696 1253 841 518 121 20 34 202 1791 2502 1561 1131 254 381 18 
1226 8962 1065 280 59 0 0 0 49 708 1149 1273 1470 1445 1770 3728 0 2 1332 4352 4097 1617 192 0 
1159 12718 2466 252 416 1 5 49 105 1343 2652 2795 2512 2819 2526 2314 78 221 1472 3277 3155 4634 3813 416 
448 11110 1604 15 6 1 105 173 109 615 393 923 2013 2625 2837 3947 492 621 995 2916 5505 2522 387 24 
884 9561 3724 69 25 35 60 52 183 215 517 1124 1871 2422 3007 5071 880 1716 2305 5904 2574 534 329 168 
910 10975 1733 41 214 247 212 383 678 791 344 568 2079 3316 3193 3746 426 875 880 2908 4740 3474 1288 124 
470 11668 2476 167 5 16 12 18 340 499 1548 2395 3762 2661 1861 1766 448 403 712 2398 3069 5871 1905 26 
573 5264 8010 1005 481 167 59 63 1490 3118 3273 3299 2118 890 543 891 727 1034 1463 2467 4372 3080 1976 503 
4442 4292 1151 102 25 7 0 253 252 833 1841 2714 3092 1467 49 24 565 1060 1348 983 1464 1918 2551 383 
40 6729 998 109 24 16 0 1 137 335 939 1435 2459 2535 41 36 437 982 678 416 315 1073 3471 545 
4052 5556 1517 93 31 9 1 357 193 1188 2856 3490 2630 1146 68 45 615 2448 1403 1056 1161 1569 2752 612 
3598 4160 637 49 10 25 3 2140 446 880 1708 3089 2595 1658 236 10 1014 2469 1741 1036 1019 1256 1915 172 
3098 2291 1037 161 41 26 12 2742 461 1417 2479 3007 1501 464 46 33 1350 2502 1190 980 805 854 1407 320 
2782 4190 989 71 42 87 24 893 367 903 2229 2511 1749 957 273 89 1401 2316 1176 937 524 811 1590 323 
288 7479 1162 175 165 4 8 7 37 244 911 1068 1773 3781 1455 19 151 1226 723 496 839 1999 3745 109 
433 1847 66 0 0 0 0 0 77 327 465 173 191 221 508 384 0 259 712 671 241 178 237 48 
116 3057 505 22 0 0 0 0 212 422 184 257 413 620 1023 569 0 356 1631 1406 264 38 5 0 
96 3847 680 289 63 0 0 2 484 598 324 332 473 1047 1190 529 0 385 1722 1935 569 185 116 65 
17 64 39 52 471 42 12 3 74 105 111 77 104 200 17 12 49 192 58 64 54 41 43 199 
38 236 74 39 287 68 5 7 51 80 142 167 149 100 28 37 285 145 83 54 34 36 33 84 
276 42 13 6 144 50 60 138 32 78 113 121 104 127 61 93 72 185 98 58 70 63 64 119 
280 163 21 7 33 36 33 127 50 64 82 89 82 94 95 144 210 163 72 68 59 55 27 46 
132 398 145 160 530 642 588 405 1043 1510 421 26 0 0 0 0 0 525 647 803 565 292 105 63 
47 116 208 138 704 712 521 298 953 1550 238 3 0 0 0 0 3 565 460 572 507 306 198 133 
45 181 193 85 442 432 121 92 638 761 179 13 0 0 0 0 52 658 379 172 176 77 51 26 
0 682 384 67 107 0 0 0 75 442 283 318 122 0 0 0 0 0 376 585 172 52 39 16 
59 201 187 74 926 642 282 120 1099 1061 297 33 1 0 0 0 0 329 688 496 428 336 98 116 
317 507 158 69 287 257 546 1153 893 1467 820 113 1 0 0 0 0 549 809 617 763 386 116 54 
240 354 54 64 179 244 197 922 494 1252 497 11 0 0 0 0 8 843 520 435 297 104 34 13 
3605 8805 546 157 568 61 8 209 838 680 820 2519 2297 2133 2354 2318 3730 3003 1034 988 1125 1023 1586 1470 
2024 6412 593 82 137 129 632 1835 1534 2144 1586 1742 1790 1711 493 844 3657 3015 2121 1693 883 265 155 55 
1819 7459 32 0 0 0 0 0 236 489 755 1108 1835 2098 1077 1712 123 1684 1565 1061 745 1230 1718 1184 
53 9383 64 0 0 0 0 0 0 514 1126 576 1264 1605 951 3464 196 3061 867 1287 601 1037 1741 710 
3182 4882 151 35 14 24 185 2751 702 2094 2549 3173 1615 451 283 357 4681 3134 1312 931 742 276 120 28 
410 11983 13 0 0 4 150 478 372 708 1101 1143 2489 2761 2130 2334 1211 2005 1994 2018 1519 1535 1375 1381 
3584 4908 105 9 2 8 27 995 232 813 1076 2251 1838 1140 982 1306 1815 2333 897 485 565 664 1391 1488 
18 974 7 0 0 0 0 0 0 13 203 231 216 115 114 107 43 34 47 138 274 240 192 31 
5 290 25 0 0 0 0 0 0 5 52 56 67 49 26 65 53 81 75 44 38 28 1 0 
0 1071 309 0 0 0 0 0 1 72 162 172 166 120 227 460 297 292 216 133 124 151 131 36 
6 1207 152 0 0 0 0 0 1 59 261 172 174 142 168 388 197 228 156 148 171 186 214 65 
1 357 332 11 11 13 0 0 0 2 8 31 48 93 154 389 326 155 118 66 43 16 1 0 
15 964 292 0 0 0 0 0 2 5 47 177 169 172 189 510 263 257 159 143 128 175 126 20 
66 622 219 32 5 19 9 8 32 77 161 132 99 94 98 287 413 143 95 75 100 81 66 7 
1 386 225 31 74 3 0 0 109 172 190 109 78 50 6 6 32 202 114 95 101 61 84 31 
15 162 255 19 53 9 0 0 53 68 75 93 118 95 8 3 89 215 102 46 14 16 12 19 
15122 5338 388 562 374 2512 5143 34135 11620 16966 20562 12050 1775 568 33 0 825 34747 10727 5554 2613 1736 1411 5961 
17723 12030 56 18 22 889 6762 27300 9623 18443 20506 12134 3783 307 4 0 2088 32745 12547 11209 5184 374 201 452 
17028 11746 2999 173 274 2384 7879 39805 14292 20043 16831 20965 9267 883 7 0 7526 35017 18882 10922 6000 1320 348 2273 
21110 6060 268 255 146 1902 5061 30322 9545 20904 16857 11308 4637 1822 50 1 4414 31710 10423 8320 5770 1772 485 2230 
36266 9399 1522 427 380 4795 9761 34676 19044 20771 23604 22764 8463 2312 255 13 8227 48368 12901 12614 6561 1471 861 6223 
46492 13586 1200 1696 1499 11177 6432 11528 30284 26577 23400 7232 4061 1651 356 49 13330 40348 8692 8676 8204 5498 2609 6253 
1 10386 9191 1539 39 0 0 0 466 1869 3311 2911 4549 4409 2945 696 0 210 4432 9551 3558 2196 904 305 
0 8739 6999 1688 7 0 0 0 120 1278 2476 2837 4055 3240 2424 1003 7 474 6739 5270 2409 1480 863 191 
1 9297 8058 1514 282 0 0 0 67 1430 4530 3290 2476 3276 3214 869 2 236 7043 5599 3736 1914 549 73 
0 8935 6424 1077 100 0 0 0 487 864 1856 3331 3569 3543 1924 962 7 413 6938 7454 786 409 340 189 
1530 573 74 0 0 0 0 253 1 215 303 774 676 323 106 32 5 172 514 611 682 242 126 78 
23 380 159 72 102 446 487 320 113 504 686 357 140 79 44 66 135 505 419 276 447 127 52 28 
69 296 93 151 263 737 253 24 61 169 681 492 202 104 74 103 202 466 317 336 345 146 56 18 
5 166 205 266 240 293 9 0 17 177 438 277 131 64 24 56 253 690 82 54 95 10 0 0 
213 717 117 106 444 859 67 29 134 374 898 555 400 110 56 25 38 638 518 813 363 117 58 7 
1145 796 0 0 0 43 55 121 83 421 397 396 364 218 124 157 65 419 398 385 307 232 197 157 
800 968 11 16 39 15 67 216 41 261 453 489 475 207 106 100 43 311 842 570 138 76 92 60 
49 332 64 72 353 1043 20 5 112 196 833 455 235 66 12 29 75 350 362 384 343 264 134 26 
327 793 383 28 26 288 287 205 415 762 502 267 315 68 4 4 830 351 435 428 138 45 50 60 
923 513 266 28 3 136 193 338 1239 830 274 42 9 3 3 0 412 209 266 559 439 222 147 146 
160 675 245 212 259 930 277 74 939 1625 248 20 0 0 0 0 805 782 568 378 140 61 32 66 
73 427 571 400 271 1321 208 29 1668 1496 131 5 0 0 0 0 687 733 475 488 364 236 131 186 
466 347 209 57 51 780 261 84 856 1199 172 25 3 0 0 0 384 657 378 474 245 85 24 8 
354 797 283 21 26 105 447 563 769 989 538 232 54 10 1 3 721 640 365 354 389 87 25 15 
310 347 295 163 126 622 442 350 1208 902 324 144 59 16 1 1 681 472 325 338 313 255 176 95 
470 662 297 192 97 248 348 326 875 804 376 319 232 28 6 0 815 363 294 483 327 140 137 81 
512 118 0 0 0 0 0 0 0 76 242 131 69 36 41 35 0 0 65 69 82 150 146 118 
164 443 93 41 206 191 11 21 190 142 146 117 133 96 75 271 529 224 124 143 109 41 0 0 
241 479 28 5 115 89 55 77 45 162 277 210 119 98 60 118 384 152 77 105 109 136 126 0 
435 216 2 3 2 32 27 765 135 104 268 314 210 199 156 96 129 278 164 287 286 182 118 38 
457 66 5 20 0 0 0 264 30 27 77 130 258 216 42 32 22 129 134 85 130 158 127 27 
821 3 2 9 3 1 1 282 37 140 133 289 209 171 78 65 92 251 91 95 150 198 211 34 
583 243 6 0 0 0 0 92 5 71 165 162 125 132 134 130 67 275 219 147 66 50 49 51 
389 4891 0 0 0 0 0 0 0 19 641 1448 881 720 523 1048 0 473 864 1309 797 693 673 471 
574 4946 0 0 0 0 0 0 374 810 605 510 873 682 660 1006 0 317 703 895 758 1005 322 1520 
434 4417 0 0 0 0 0 0 3 464 1123 523 615 629 525 969 0 129 686 599 600 819 1365 653 
0 4148 0 0 0 0 0 0 0 18 915 813 520 606 371 905 0 223 756 591 665 713 534 666 
5 2494 0 0 0 0 0 0 0 83 338 513 519 319 283 444 0 56 376 585 644 323 309 206 
7450 7543 9 0 0 0 0 2978 764 6140 5207 3042 2165 499 87 76 418 3683 3793 3342 4621 1776 340 7 
8837 7063 2 1 0 10 42 1837 281 2996 3862 5767 2693 1389 536 268 1029 6919 4171 2244 1748 1147 487 47 
5515 7869 195 177 455 386 184 1111 3753 4765 3925 2048 905 408 79 9 738 6300 2110 2063 1890 1386 796 609 
1664 363 21 11 41 817 614 954 1404 1306 1010 637 117 11 0 0 91 1488 809 488 523 370 358 358 
1012 246 11 18 102 762 491 538 1022 1464 540 125 25 4 0 0 212 801 593 518 317 255 317 167 
195 9021 0 0 0 0 0 0 35 1256 2261 2351 1698 1404 205 6 0 1478 2089 1177 1104 1477 1891 0 
0 8144 35 2 0 0 0 0 1 344 1965 2041 1594 1565 489 182 112 1449 1258 1857 1437 1394 674 0 
391 10332 18 18 15 27 4 2 117 140 2292 3229 2587 2150 254 38 176 979 2297 1694 1776 2157 1724 4 
362 10696 106 75 197 575 191 98 1616 610 1423 2212 2642 2828 760 209 12 1135 2552 2452 2024 2279 1506 340 
110 11812 18 32 89 551 13 0 1510 754 3441 3938 2691 289 2 0 0 64 2610 2667 2029 2584 2045 626 
71 5863 10 14 22 162 8 6 508 531 1644 2903 556 14 0 0 0 294 2154 2384 1005 101 115 103 
95 6836 22 16 40 611 17 26 1343 603 1184 3590 943 0 0 0 0 222 1928 2593 1897 432 302 289 
410 9096 4 3 2 15 12 34 159 248 1963 3219 2777 1019 181 10 0 1052 1966 3737 2201 620 0 0 
290 8413 41 16 89 305 28 22 1029 973 1697 3175 1777 553 0 0 0 187 2322 3134 2851 381 296 33 
42 6230 33 24 72 337 22 8 808 244 840 2865 1900 111 0 0 0 653 2632 1845 1032 254 230 122 
135 14531 91 43 143 415 4 6 913 676 2640 5128 3934 1753 275 49 1 1367 2917 2241 2789 4253 1631 169 
6 12277 41 19 27 125 1 4 279 104 1293 5269 3558 1683 280 34 0 1196 1996 1694 2220 3590 1739 65 
28 7513 98 66 203 387 0 0 929 354 569 3514 2425 236 164 104 0 884 5551 777 325 209 184 365 
202 12492 28 12 35 101 0 0 247 266 1474 3849 4418 2543 61 12 1 1421 2106 2921 3867 2415 73 66 
219 13958 2 3 6 57 31 24 383 697 3077 2752 3374 2262 1116 639 73 2088 2921 2297 1984 2001 2467 469 
218 13406 38 33 139 64 10 30 441 650 1028 2589 6012 2795 294 129 415 2981 3618 2676 2952 1035 155 106 
504 10877 7 0 0 0 0 2 78 875 2709 3161 2415 1864 241 47 8 1515 3258 2363 1599 1783 864 0 
