0 3940 39 0 0 0 0 0 0 3 37 103 154 775 2476 431 0 27 1004 2687 192 65 4 0 
0 4090 140 0 0 0 0 0 0 31 74 120 239 601 2204 961 0 21 1980 1807 353 49 11 9 
0 5808 585 0 0 0 0 0 0 0 25 255 776 1622 2687 1028 3 45 2051 3345 794 61 82 12 
0 3010 1052 8 0 0 0 0 0 0 100 367 516 694 1602 791 0 27 1064 2191 663 84 29 12 
1 3289 1011 25 0 0 0 0 0 0 80 323 640 793 1810 680 0 55 1949 2000 290 23 5 4 
0 1510 1605 60 0 0 0 0 3 36 207 612 673 689 671 284 0 0 690 1788 607 54 17 19 
0 1264 1380 20 0 0 0 0 0 0 114 463 518 631 692 246 0 0 815 1305 505 34 5 0 
865 6216 157 195 51 0 3 1 57 268 296 307 920 1550 1371 2719 4 56 1473 2598 1372 1216 654 115 
260 8374 178 8 0 0 0 0 19 145 373 587 1756 1251 1525 3164 0 81 858 2665 2347 1235 1217 417 
18566 2194 108 97 573 3782 4736 12405 5046 6261 4688 2425 3513 3111 2592 14825 14687 7504 5721 4830 3212 2290 2348 1869 
14320 1900 300 78 139 3626 12788 14023 3797 16466 10155 4378 1365 1129 1377 8507 11648 5960 7608 7530 4609 3933 2760 3126 
10104 3461 353 100 169 5086 7337 18153 4129 11909 7874 6795 4036 2210 1764 6046 11821 9141 9561 6294 3018 2475 1309 1144 
5286 1687 774 402 561 4173 13814 10417 1333 21800 8971 1612 1445 565 702 686 13 3599 6213 11772 9578 3863 1259 817 
4863 1629 124 49 53 7010 13038 9469 3680 14179 8271 3255 1493 1309 1224 2824 10205 6198 5145 4850 4497 3529 1266 545 
9598 16725 2220 1736 1514 4454 5574 6052 2537 8429 8799 5539 4641 4696 4159 9073 15074 16949 7463 3720 2933 940 283 511 
5629 1853 137 52 362 8362 7310 7152 2279 19016 4620 1253 1042 647 517 1483 1739 3835 4150 4279 5257 6619 4010 968 
7572 20423 1109 99 653 6603 516 1051 1626 4812 4777 4239 4456 3650 3185 11281 18095 13560 2579 921 990 888 620 373 
19043 17566 306 58 17 15 218 2087 1665 2942 10741 11510 3711 2812 2592 3337 1447 6543 3212 3947 3543 3876 5217 11525 
2447 1192 53 105 986 14552 6223 10333 4327 16266 11786 2334 319 278 123 458 3719 3017 12599 8232 4309 2030 979 1006 
5724 1471 219 80 548 12621 10555 10687 5272 16825 11508 3563 1105 1370 955 1307 7015 4285 10341 6740 4950 3553 3046 1975 
0 3277 3742 193 5 0 0 0 1 205 509 937 934 1597 2815 219 0 234 896 2000 2624 1358 105 0 
21 8318 2660 0 0 0 0 0 37 409 1232 2137 2515 2168 2438 63 2 140 1015 1826 2733 3421 1862 0 
0 10801 2683 59 0 0 0 0 0 177 1030 2265 3245 4056 2729 41 10 249 420 2018 2407 4582 3714 143 
271 540 63 4 12 5662 241 153 1116 1747 4049 32 2 0 0 0 274 1062 818 845 714 758 892 1583 
396 2916 108 11 2 4850 294 126 1589 2529 4230 287 64 4 0 0 347 851 1311 1298 1094 1413 1115 1274 
613 2517 187 37 11 6804 322 469 2739 2279 5543 358 41 0 0 0 1208 824 1638 1608 1125 1281 1824 1452 
255 168 28 1 5 6897 156 122 565 1189 5878 0 0 0 0 0 0 486 892 1281 1240 1463 1547 723 
825 916 739 117 150 4549 557 486 1716 2585 2626 655 420 169 78 90 3317 2390 1085 625 527 330 65 0 
991 506 41 64 105 4300 680 382 1405 2052 2780 425 209 84 48 66 2373 1439 794 764 963 666 69 1 
459 277 176 128 338 2403 67 80 1180 1875 691 112 40 12 3 15 1494 1788 280 165 97 79 25 0 
383 388 1574 293 169 1464 152 65 625 1415 1895 374 88 23 19 49 1345 676 1474 583 319 86 5 0 
158 127 1580 77 82 993 151 227 334 790 941 981 324 17 4 4 732 1655 814 152 38 4 0 0 
287 1847 9929 176 104 22 6 29 1614 3046 4897 2377 456 5 2 3 67 98 147 301 559 897 2473 7858 
175 1514 7929 1436 6 6 2 10 751 3733 2804 2549 1052 109 31 49 320 191 219 268 520 1542 4187 3831 
1489 5679 3393 166 62 130 534 1790 2157 4497 4081 1687 664 121 19 17 775 737 1522 1639 1111 1321 1697 4441 
1350 716 255 294 1334 3355 3472 2548 3386 4901 2807 1131 500 376 191 32 2143 2834 2305 2007 1469 1123 641 802 
98 8361 4573 377 76 7 0 0 1127 1277 1869 2076 2801 1203 739 2400 0 71 513 1801 3105 3223 3660 1119 
28 5204 5502 2648 81 0 0 0 36 3745 2021 2065 1094 1135 967 2400 0 28 676 1861 2680 2518 3953 1747 
0 2287 5897 1492 123 0 0 0 168 4072 2445 1376 755 383 313 287 0 4 108 258 1154 3097 4024 1154 
1198 5405 166 60 19 0 0 0 548 1612 820 982 862 419 363 1242 0 0 234 590 813 1596 1968 1647 
736 7710 333 88 48 1 12 5 272 1172 1465 1450 1173 948 970 1483 0 56 208 357 995 3290 2986 1041 
5565 2983 0 0 0 0 3 1866 647 4446 3108 1531 512 135 29 9 81 1503 3618 2218 2138 843 16 0 
7245 2766 0 6 5 2 17 603 221 2199 2845 2999 1384 653 211 132 324 3560 3499 1895 1145 184 26 11 
3914 5720 170 123 248 210 96 366 2744 3301 2475 1465 514 320 25 3 218 3557 2080 1599 1285 1124 538 446 
1266 2810 1906 330 250 1060 3391 2647 661 2113 3687 3344 1095 925 770 1065 2213 2611 2213 2932 1837 1081 359 414 
249 7563 943 96 57 121 75 9 1843 2798 1969 1191 490 385 353 84 48 296 627 1301 1328 1626 2010 1877 
804 5290 1253 135 59 60 114 76 691 2190 1226 1095 1045 658 487 399 125 748 1320 1590 1385 1517 1016 90 
304 5262 1043 181 122 145 86 96 1233 1053 1211 1486 1439 358 213 246 104 424 1139 2230 1179 612 749 802 
281 17456 734 38 19 14 6 0 304 1033 2478 6388 4395 2727 1027 196 497 715 1103 1319 1494 2041 4733 6646 
199 19833 383 14 19 0 0 0 109 914 3517 6745 5107 2784 1046 226 359 1040 1285 1504 1646 2749 6234 5631 
0 17859 74 0 0 0 0 0 84 310 1284 4375 3421 5452 2841 166 0 1362 2918 2994 4076 3138 2882 563 
138 22508 25 8 8 1 1 1 579 781 2325 6235 6867 4636 1179 88 0 69 411 2205 1677 1682 3667 12979 
12 12457 0 0 0 0 0 0 54 60 2566 4842 2855 1622 465 5 0 62 320 891 1726 1879 4580 3011 
59 7061 417 10 15 2 0 0 771 404 1041 1712 1744 1079 786 27 45 1232 2754 2426 1086 21 0 0 
279 14747 289 0 0 0 0 1 422 1355 3686 3277 3770 2402 389 15 5 378 799 926 922 1399 2832 8055 
260 9657 77 0 0 3 1 6 212 786 1837 3371 2378 1314 75 31 0 54 260 376 482 1057 2141 5634 
325 12408 568 3 0 4 2 2 330 465 2594 4767 3813 1170 161 12 6 168 204 255 469 1491 2340 8379 
54 13606 111 4 0 4 2 0 515 1372 1888 4575 4451 720 213 47 0 337 371 245 353 566 1532 10377 
406 2210 363 240 295 7 64 68 687 922 732 1008 301 3 0 0 0 6 160 327 726 1172 1151 111 
138 3086 246 33 30 8 0 0 97 422 666 816 1284 248 8 0 0 29 215 553 1014 1246 461 23 
599 7508 6 0 0 0 0 0 222 1775 1549 1598 2402 521 27 19 42 82 1237 1578 896 640 1359 2279 
531 13990 55 0 0 0 2 4 71 366 1767 2811 2960 2660 2046 1901 45 145 871 1262 1124 1215 2512 7408 
10645 1152 5 0 0 0 1 2624 4 1004 2464 4189 3172 2789 754 51 120 1135 1463 899 1163 1669 2617 5361 
7509 265 4 10 19 38 36 5294 89 1622 3096 3661 2852 1415 349 91 637 2238 1986 1673 1538 1355 1882 1866 
11282 375 0 0 0 0 0 5 7 289 1118 2042 5241 2803 144 18 95 189 2305 1039 784 931 2222 4097 
9457 3121 0 0 0 0 0 178 32 171 502 2427 7118 2257 199 50 239 1395 4361 3045 1321 782 1025 588 
6715 3081 0 0 0 0 0 47 13 290 969 2192 3210 2223 900 46 164 725 1739 886 935 951 1980 2463 
4596 3916 9 3 2 20 49 4778 140 366 1822 2914 3736 2957 1377 61 1516 1743 1739 1359 1594 1387 978 3057 
0 8250 0 0 0 0 0 0 18 94 176 371 824 2260 3179 1328 0 77 242 576 1078 2587 3239 451 
72 7669 34 3 0 0 0 0 13 57 186 387 567 1497 2794 2277 6 290 787 2924 1852 1622 297 0 
23 23 0 3 54 799 1098 1484 230 1931 952 216 85 57 13 0 5 754 1671 862 158 32 2 0 
41 4181 317 115 340 76 29 7 837 951 1103 1283 667 244 16 5 0 41 384 1880 1941 770 76 14 
591 2235 1087 518 2209 833 83 146 3775 2968 714 176 61 7 1 0 128 216 437 1467 3581 887 787 199 
346 235 39 30 29 1465 40 30 732 875 505 59 14 7 5 17 880 899 125 54 192 61 3 0 
221 161 10 11 247 2522 181 264 777 1350 1063 311 91 15 5 5 592 2061 677 197 57 29 4 0 
2 10 44 303 1014 515 14 0 667 514 464 241 16 0 0 0 8 217 415 329 273 135 328 197 
39 434 448 278 374 1190 92 19 772 982 976 134 8 2 0 0 69 560 659 782 474 181 43 106 
30 0 0 2 22 572 455 114 103 413 595 51 28 5 0 0 35 264 294 394 184 14 6 4 
0 239 64 25 761 523 0 0 188 341 529 520 34 0 0 0 17 338 287 569 345 32 21 3 
0 361 385 5 0 0 0 0 0 0 5 89 308 312 37 0 0 114 183 192 156 84 22 0 
2 2183 1015 15 1 0 0 0 41 197 317 576 1208 836 38 3 0 120 518 509 592 643 378 456 
0 441 342 0 0 0 0 0 0 0 4 62 384 309 24 0 0 102 211 185 125 116 39 5 
0 498 638 59 0 0 0 0 0 0 4 67 316 747 59 2 23 441 237 215 123 114 42 0 
4 2229 1 0 0 0 0 0 4 298 767 628 475 62 0 0 0 0 3 174 219 395 725 718 
0 3248 0 0 0 0 0 0 17 760 946 881 567 77 0 0 0 0 3 171 372 780 924 998 
4 2867 1581 160 183 0 0 0 72 454 656 830 1363 942 393 85 282 1548 492 718 516 453 779 7 
16 4928 490 36 14 0 0 4 25 145 423 1040 1988 1551 281 35 145 802 400 340 453 955 1996 397 
181 4545 620 1 1 0 1 7 142 262 554 1283 1340 1198 505 72 40 673 1054 536 574 986 1377 116 
76 4071 332 49 16 1 4 6 132 334 646 1004 1263 898 248 30 341 282 206 231 339 734 1742 680 
5 3891 178 0 2 0 0 0 5 463 905 594 996 850 257 6 78 610 254 340 440 697 1159 498 
16 3606 410 0 0 0 0 1 0 30 109 415 1200 1742 519 18 401 1604 540 382 284 350 472 0 
8 3101 123 0 0 0 0 0 17 455 918 545 644 469 184 0 0 285 574 421 386 563 988 15 
591 2271 3460 520 128 2 2 15 786 461 979 1656 1919 1131 51 6 810 4268 584 343 307 534 143 0 
3852 143 0 0 0 0 0 1975 170 2007 1250 1069 685 507 254 28 1594 1995 1015 725 552 89 0 0 
2799 3 0 0 0 0 0 2102 98 2485 605 525 787 330 43 31 1400 956 741 1097 696 14 0 0 
4792 146 4 18 0 0 14 2136 259 2289 1461 1072 1234 494 183 118 1560 1466 1231 1444 1226 136 26 21 
5254 549 0 0 0 0 8 1890 112 1442 1636 1666 1417 942 381 105 2294 2248 1094 1367 490 160 26 22 
5613 275 0 0 0 0 8 996 41 1036 1525 1740 1322 845 277 106 2931 1989 981 665 320 6 0 0 
1056 168 97 75 42 10 42 1353 243 535 441 427 526 584 87 0 3 140 295 466 418 400 603 518 
753 174 414 58 10 53 99 1809 112 446 784 931 832 264 1 0 163 557 614 492 536 599 382 27 
800 1641 729 331 23 0 9 330 186 627 980 643 741 596 89 1 11 302 558 583 477 463 450 1019 
763 125 307 183 65 34 73 1676 413 428 555 568 646 604 12 0 211 1133 942 505 206 111 74 44 
0 6163 1054 74 101 0 0 0 0 28 150 123 217 479 903 5492 76 1139 6015 162 0 0 0 0 
0 7747 3615 1 0 0 0 0 0 0 313 1288 2133 2884 2754 1991 120 105 2307 7816 1015 0 0 0 
0 5575 1010 0 0 0 0 0 0 3 77 753 1634 1393 1038 1687 97 98 675 3594 2011 110 0 0 
201 10761 616 22 12 4 4 6 280 575 890 1339 1836 1922 2075 2709 253 309 1711 3902 2955 1387 1109 0 
2 4467 767 0 0 0 0 0 0 0 0 33 261 618 857 3467 58 1014 3383 781 0 0 0 0 
120 4155 3968 23 0 0 4 19 7 55 288 2221 1961 1709 1276 772 461 798 3224 3769 37 0 0 0 
250 8400 1837 23 4 6 0 0 39 91 535 1018 1973 1784 2430 2650 176 431 3084 4501 2325 3 0 0 
20 6327 3355 54 11 0 0 0 16 161 817 1486 1571 1464 1450 2802 147 751 2650 3575 2511 133 0 0 
143 14511 2786 0 0 0 0 0 0 0 28 390 1159 1452 2262 12149 0 0 118 1536 4494 9918 761 613 
1025 11826 5120 0 0 0 0 0 0 24 107 671 2659 1101 854 12555 0 0 228 3662 8610 2081 720 2670 
14 15051 529 0 0 0 0 0 4 51 51 150 312 804 4635 9587 0 0 131 571 4674 9243 736 239 
142 8849 5785 37 0 0 0 0 10 72 386 277 401 734 943 11990 0 27 602 2613 4878 5067 887 739 
0 5741 7094 20 0 0 0 0 0 29 500 1032 892 596 1092 8714 0 20 111 1070 5499 3929 1571 655 
65 13355 4230 0 0 0 0 0 0 0 137 687 1032 1515 2667 11612 0 557 656 822 4037 7283 3589 706 
0 14810 745 0 0 0 0 0 0 5 16 45 147 299 367 14676 0 1 3370 7790 3867 339 152 36 
385 15192 2366 0 0 0 0 0 0 15 295 480 1001 1258 2661 12233 0 12 1029 6295 6237 2576 1013 781 
200 12545 349 8 4 9 15 0 347 322 312 418 509 458 470 10294 0 193 1881 4164 4070 763 483 1576 
66 700 361 72 43 53 8 6 68 81 123 127 207 357 141 205 498 140 169 150 160 109 44 39 
79 1325 1171 531 577 80 18 10 331 910 819 576 400 361 139 255 501 480 548 647 633 462 282 238 
398 1715 909 621 417 42 23 33 803 1351 634 462 325 344 85 154 305 366 738 726 807 581 277 358 
3 744 50 52 53 1 0 1 25 137 98 65 141 152 120 166 0 9 192 144 79 115 203 162 
9 902 25 9 109 0 0 2 18 44 110 111 200 219 118 236 0 40 143 126 101 156 245 245 
7 691 3 0 0 0 0 0 7 32 41 27 91 163 85 255 0 16 66 72 64 122 210 151 
1 513 34 6 7 0 0 0 1 39 64 127 186 93 25 26 0 1 355 175 25 5 0 0 
30 1861 78 10 149 4 0 1 40 264 365 312 386 212 168 386 1 177 658 419 203 219 317 139 
12 1556 34 7 47 0 0 0 13 167 190 319 492 286 85 104 0 166 846 245 85 51 87 176 
1 605 0 0 0 0 0 0 3 21 6 24 61 223 168 100 0 0 2 23 51 111 249 170 
37 941 174 44 57 269 166 41 539 281 226 298 290 79 7 9 0 199 778 207 72 101 372 0 
2 353 28 3 0 1 0 0 10 10 36 129 100 90 12 0 0 14 237 128 5 3 0 0 
16 1379 173 28 111 170 38 17 313 381 342 487 262 126 20 1 0 508 899 181 50 64 227 3 
248 3501 92 38 12 0 0 0 103 97 265 226 368 1103 823 906 43 344 513 1123 832 703 331 2 
1057 20 0 0 13 30 13 1789 31 87 327 443 560 435 290 749 959 1681 252 14 6 5 5 0 
967 83 0 0 0 0 0 1498 9 59 446 932 527 233 147 195 214 799 652 323 317 240 3 0 
1021 356 39 23 20 48 11 2577 198 147 284 491 540 648 598 1189 1241 1958 573 193 98 32 0 0 
1078 186 15 4 0 0 3 3335 53 363 1883 956 394 254 232 486 386 766 910 806 752 790 210 1 
2615 804 23 2 0 3 49 983 35 177 390 443 561 498 597 1778 3057 814 505 91 12 0 0 0 
1324 1858 159 144 462 585 84 1168 3957 1645 158 18 3 3 0 0 1067 2935 834 483 336 118 11 0 
1165 1422 80 79 446 451 28 337 2501 1231 203 42 14 6 2 9 1169 1682 500 325 163 83 79 7 
2592 3486 158 110 1094 603 43 492 4624 2828 806 205 60 21 16 18 2239 3643 751 644 469 381 419 32 
1464 2801 213 108 1731 287 122 159 1937 2503 1446 804 145 33 6 11 971 2667 892 357 420 1118 459 1 
554 1868 253 273 688 232 50 130 2581 1177 209 56 13 8 3 1 395 1307 834 465 558 385 101 3 
1551 855 52 155 644 235 35 289 2610 536 507 98 26 15 10 14 1149 1059 257 302 357 591 74 27 
1632 2913 927 154 134 60 35 880 304 1323 2429 1552 1041 51 13 22 368 558 585 883 785 1104 1767 685 
2358 3105 2164 1007 397 80 87 1550 1678 3486 3465 1345 445 150 72 107 1697 1332 1282 1713 1613 981 1325 805 
3275 2820 2061 1189 162 12 8 632 473 3705 3320 2053 410 96 43 59 1074 1359 1114 1545 1417 1542 1568 540 
928 3487 682 233 12 11 11 243 312 1239 2448 1421 122 27 9 29 263 406 360 512 584 698 1783 1001 
1527 2267 959 883 15 42 67 1927 316 1027 2532 2356 1149 186 47 74 1896 996 973 902 678 576 1247 419 
2270 1814 1095 431 93 89 163 2097 1138 2087 2969 1245 381 108 40 84 1613 1311 931 1055 834 929 949 430 
2288 3231 433 146 11 7 2 1413 488 426 1231 3430 1650 149 65 92 860 835 642 873 833 921 1415 1152 
2317 1919 553 87 0 0 0 2323 48 284 1438 3450 1722 124 42 91 576 1000 1175 954 1032 930 1030 502 
2593 2814 485 135 7 1 0 1631 193 832 2121 3242 1230 23 8 17 166 629 967 753 1137 1319 1373 1322 
2078 641 79 18 1 0 11 2559 260 398 1057 2236 1369 35 11 21 244 726 885 748 1009 1125 548 102 
1920 1526 353 16 10 1 0 1135 414 895 1359 1824 433 19 3 14 171 515 647 684 756 798 773 617 
505 27317 106 9 14 10 128 38 1645 1691 1584 2095 3179 2872 2858 12203 92 174 746 661 4709 12221 6705 2819 
1143 43734 41 29 50 10 82 55 1541 2547 3621 3322 4144 4851 6238 18880 478 290 600 6460 12722 12959 7385 4250 
4031 6419 4904 1098 1188 7599 3472 3234 3147 7571 12231 6235 1410 1322 29 0 13804 5946 5267 4827 884 852 314 51 
9717 2197 319 225 338 2500 1526 12259 1869 8499 7884 5870 3566 1378 15 0 5033 3056 4131 4347 4156 3798 3420 1140 
4956 1063 172 240 613 2378 2519 6955 3547 5418 4016 2689 2331 809 39 47 1913 2148 2376 3912 3522 3507 1280 238 
4125 1313 2138 517 2823 3405 2162 3829 3343 7188 4991 2870 1239 652 4 25 4718 3621 2143 3491 2165 2157 1306 711 
5266 194 0 0 0 0 0 55 42 90 197 380 646 1542 1850 768 1175 874 968 1171 1081 163 38 45 
3060 367 2 2 0 73 195 1359 399 384 444 477 663 742 476 1473 3877 763 191 70 60 91 6 0 
3402 1458 0 0 0 0 2 41 26 151 1069 520 696 1390 697 354 223 697 636 1029 1031 945 327 15 
8 4903 0 0 0 0 0 0 5 30 31 44 90 1150 2542 1019 102 213 208 425 1439 2421 61 42 
97 4647 0 0 0 0 0 0 0 15 147 329 340 1263 1548 1102 141 212 781 676 1305 1471 140 18 
10 871 444 21 46 10 35 3 272 171 214 191 133 142 151 166 2 110 128 188 184 236 266 326 
526 428 130 5 0 0 0 7 56 100 397 315 165 43 15 5 50 466 314 157 53 6 15 35 
0 10845 0 0 0 0 0 0 39 172 50 82 1419 7792 1221 70 0 1 131 1172 3868 5409 257 7 
15 16467 2 4 1 6 0 0 106 87 58 1180 11355 3399 296 14 0 0 0 299 1090 2869 6132 6105 
27 15522 12 3 7 49 2 1 335 60 70 1239 9774 3633 496 16 0 0 4 104 1780 2915 7109 3711 
0 17536 0 0 0 2 0 0 21 15 19 1194 8913 6640 710 26 0 0 4 150 1262 4000 8170 3952 
964 3013 0 1 19 85 54 170 405 433 707 613 923 1045 180 0 0 114 357 764 1229 1188 158 496 
389 2563 7 0 4 9 8 67 133 149 227 391 1134 897 116 0 0 37 114 1112 1517 190 38 39 
442 4462 0 0 0 87 310 305 316 671 452 679 955 1304 977 252 0 865 296 1076 1728 1505 27 109 
101 3527 1 1 1 2 1 0 13 11 70 250 254 385 432 2219 0 43 162 573 912 1901 43 0 
1180 3747 3 6 36 280 133 144 401 567 483 825 439 473 321 2020 0 280 653 543 887 2102 876 188 
316 3024 0 0 2 23 30 22 182 107 295 583 823 837 512 78 0 8 202 736 1074 1305 43 49 
1891 205 246 23 271 6938 214 98 755 999 2312 2314 777 371 273 2085 3608 1524 2153 1812 474 219 96 0 
3635 903 222 7 32 489 3570 3137 1765 2028 2651 2013 1166 896 543 933 1812 2237 3619 1619 906 937 449 416 
441 11896 32 0 0 0 0 0 8 434 2761 3762 2447 1352 807 798 42 270 1095 1268 944 956 1256 6538 
186 13838 10 10 18 0 64 7 278 846 1330 2182 2621 2851 2481 1544 0 643 1579 2393 2332 2066 1571 3549 
2176 1727 548 51 38 486 1501 5038 786 901 1810 1930 1601 972 806 2759 4155 2504 1825 1275 708 539 283 276 
361 134 10 7 412 4055 102 97 285 565 1191 1502 762 340 221 312 411 992 1445 1426 630 201 23 50 
80 9 5 2 734 4441 11 10 36 329 1347 1181 847 699 449 404 534 1008 980 1021 961 763 25 0 
90 129 18 4 214 5514 89 33 79 1339 1532 1631 817 380 176 137 378 856 1033 1275 982 735 746 86 
2991 345 95 10 811 4640 96 75 22 545 1825 1293 1407 1306 1194 1471 519 2809 2564 2080 827 111 71 82 
340 47 2 1 156 5225 92 105 111 889 1384 507 518 542 701 1316 868 1829 964 1022 752 423 76 34 
793 337 95 19 607 5117 113 208 229 1338 1386 1237 1107 771 467 754 783 1012 1619 1709 1072 842 204 48 
980 216 7 4 768 7250 293 122 416 2179 1578 1496 1537 1089 505 840 752 1242 2820 2680 1450 468 164 64 
673 442 1 1 507 4618 211 131 280 1973 1341 785 474 477 413 841 593 817 998 995 1434 1084 286 377 
607 235 224 39 89 3055 221 117 659 998 1265 541 493 302 148 181 386 895 691 641 605 755 324 290 
1 17586 219 26 40 1 0 0 90 304 772 3423 4141 4391 4172 580 1696 3655 3429 2897 4871 1323 2 0 
232 16839 159 82 915 87 0 5 142 341 623 2434 7501 3365 2187 1726 2850 3912 3481 2981 2918 1885 180 112 
317 3773 90 46 619 34 9 8 304 821 1261 886 720 646 246 12 0 134 1793 621 727 708 774 139 
14 1576 44 17 25 0 0 0 15 46 75 374 1041 124 1 0 0 93 1406 121 49 7 0 0 
12 1855 163 99 84 2 0 0 31 142 225 436 655 628 90 8 0 495 1315 230 90 66 18 1 
155 3501 328 114 1274 47 1 16 312 842 1671 879 1084 595 40 13 0 714 1400 1033 491 450 703 645 
46 1126 79 41 70 3 0 0 15 137 104 155 407 431 92 24 0 257 887 123 60 33 5 0 
267 2725 356 165 806 47 0 3 256 667 737 633 643 892 484 57 6 1457 1396 544 417 283 194 72 
5 1967 5 0 0 0 0 0 4 289 805 336 231 251 51 10 0 114 285 116 197 373 505 387 
520 5628 118 65 666 28 3 10 232 783 1839 1374 1890 823 75 22 31 1396 2457 846 339 555 873 541 
643 5209 216 69 222 55 4 9 130 560 1326 1787 1686 778 132 28 37 1371 2662 901 344 375 467 270 
297 3410 101 68 256 6 0 0 123 826 1328 633 875 321 20 12 12 314 1292 404 391 506 721 498 
2563 1407 342 25 40 785 1630 3122 1830 2981 2034 1256 974 479 195 165 943 1271 2008 3747 1940 5 0 0 
3272 4021 430 0 0 0 0 755 2 705 1680 2409 2229 632 472 349 946 1270 1654 2803 1777 27 1 0 
248 7253 60 0 0 0 0 0 0 68 897 1341 4264 862 114 15 4 568 929 1713 2709 1638 0 0 
281 10144 120 28 7 4 0 13 54 377 3349 1983 3949 631 159 95 89 1024 1235 1558 1728 2158 2667 138 
1293 1331 575 231 317 2929 1341 2107 3150 4839 1089 358 170 88 71 359 1082 987 1523 2094 2651 1511 271 5 
1215 958 313 75 49 1542 1063 4133 1278 2997 1238 979 950 769 584 553 2150 1716 1891 1967 1348 208 68 0 
7 201402 37455 193 10 0 0 0 160 2187 8092 18702 78313 108912 22699 2 2121 23547 99809 85137 28452 1 0 0 
81 210149 44013 313 0 0 0 0 652 3032 8605 15899 72241 108217 45563 347 1633 11606 120745 115543 3420 827 528 254 
437 180251 31094 227 13 7 38 24 1017 6691 13911 28737 54727 75603 31328 77 23 1150 39152 126523 27212 5494 5963 6574 
3375 75273 89901 1874 1096 33 20 61 6738 20429 81495 60822 2149 0 0 0 10993 100001 42308 7838 1515 416 1652 6910 
0 80700 59995 23 0 0 0 0 1 153 2793 33633 70916 32618 604 0 3 13805 73228 45241 8413 28 0 0 
2310 132047 10853 1192 100 18 123 53 3235 2473 8573 63057 59697 9646 14 1 42 31725 37854 62741 11183 248 143 2760 
211 37204 80128 12 0 0 0 1 85 794 8092 39788 63352 5444 1 0 979 45943 64038 5292 1005 95 60 144 
180 59126 70568 1155 9 0 0 0 301 6195 19304 60228 43025 1985 0 0 14 46010 63974 19356 1454 178 52 0 
17 147715 50737 363 1 0 0 0 10 2590 12474 26838 63679 88873 4369 0 0 36727 69992 87371 4721 22 0 0 
88 84461 55624 2781 99 0 0 0 3451 7409 11951 22562 44905 50344 2431 0 929 35802 42363 54228 9437 150 123 21 
0 89468 64402 817 12 0 0 0 1596 3712 13879 27438 79486 28155 433 0 0 2584 59811 90587 1717 0 0 0 
1842 109621 79 3 42 5 90 15 2012 1218 6317 15191 16143 23319 45292 2205 1488 4669 36689 25628 8338 7861 10313 16711 
680 29790 36927 9242 5633 11 0 0 3137 22203 31554 22407 2977 5 0 0 1638 24869 35487 14218 2028 758 2012 1273 
122 6194 1925 59 100 28 5 4 146 548 1657 2527 1493 1068 784 214 15 196 3052 3192 1476 300 154 52 
17 6118 988 17 0 0 0 0 41 118 686 2189 2074 1361 513 158 0 10 884 2512 1576 731 698 729 
2 8089 186 34 108 0 0 0 112 299 403 842 2950 2762 967 84 0 27 2308 5448 525 66 45 0 
3 5019 851 165 162 3 0 0 317 777 1153 1645 1353 686 207 65 0 3 1244 1210 665 792 913 1376 
663 3934 2696 20 0 0 0 1 4 331 2361 2179 1156 760 316 207 2 25 704 958 1505 2434 1243 443 
115 3620 593 3 0 0 1 0 56 380 1626 886 516 607 215 46 3 42 415 675 420 451 731 1595 
820 36942 8444 5 0 0 0 0 13 289 2820 4876 5084 6918 8889 17322 1546 4719 6146 9446 14276 9273 805 0 
351 32009 4687 3 0 0 0 0 14 423 1217 2289 3432 5404 8703 15568 343 2938 4778 7533 13891 6038 1442 87 
72 37238 7468 171 1 0 0 0 140 589 2013 2976 4834 6693 12298 15407 1029 2845 6917 8633 12752 11044 1462 268 
242 98 62 6 31 846 15 14 64 148 259 249 167 81 41 305 605 383 221 57 33 15 0 0 
234 78 27 4 0 69 433 450 89 228 206 169 163 140 100 200 453 528 159 50 33 20 22 30 
19 1636 0 0 0 0 0 1 25 41 146 283 324 296 312 229 0 142 232 238 251 192 182 419 
311 253 64 1 0 2 189 589 57 98 191 182 156 135 114 476 757 352 132 66 33 29 18 22 
0 1118 0 0 0 0 0 0 0 14 289 454 234 79 36 12 0 3 25 38 50 89 135 778 
243 222 97 5 10 102 348 312 188 500 189 257 144 35 11 15 149 282 142 116 137 149 181 183 
0 2205 0 0 0 0 0 0 0 0 0 0 35 128 226 1816 0 22 183 333 514 782 303 68 
35 5073 468 18 2 0 0 0 1 32 50 54 121 289 853 4196 176 1321 685 779 694 1102 686 153 
0 3926 245 0 0 0 0 0 0 0 0 0 9 90 351 3721 63 1406 657 754 614 518 150 9 
183 4471 126 0 0 0 0 0 0 0 20 184 335 393 806 3042 158 1464 736 575 669 540 361 277 
0 4603 106 0 0 0 0 0 0 0 0 0 0 24 492 4193 5 1842 1711 572 393 186 0 0 
860 2764 769 131 121 5332 7344 1204 4550 6864 6116 690 303 2 0 0 0 2875 5435 4530 3258 1389 676 362 
273 248 225 116 320 16985 12719 404 2823 9211 15297 3958 1 0 0 0 6923 14628 5901 2405 1046 272 81 34 
6470 6004 98 13 21 2970 6003 5263 3468 14033 6174 2127 989 42 9 0 0 4243 7278 6516 5117 2354 602 732 
1215 1919 17 0 0 3659 10567 7169 1740 5008 13221 4361 216 0 0 0 48 13571 5138 3417 2026 256 48 42 
191 294 123 58 171 8431 10060 2130 1953 6024 10698 2782 1 0 0 0 6693 6954 4239 1608 1042 660 213 49 
744 767 1941 337 157 5698 10667 3107 3368 5958 10957 3123 12 0 0 0 617 8881 5061 3660 2844 1101 482 772 
744 2802 200 207 261 449 367 342 1819 894 1145 1159 305 47 3 0 52 838 984 898 750 1145 658 47 
734 765 392 182 189 594 538 473 2233 917 553 158 5 1 0 0 67 1250 769 496 351 538 377 19 
210 26 5 2 38 89 138 1153 1041 401 157 52 9 1 0 0 32 234 137 199 323 480 254 2 
667 760 75 79 519 312 174 543 884 851 668 503 181 31 8 3 1248 843 313 296 230 153 42 4 
1229 680 55 113 482 350 272 1203 1016 1461 1045 609 187 54 8 4 969 1404 537 572 470 224 131 77 
969 780 94 111 360 516 256 814 1286 948 725 493 390 58 0 0 305 2541 438 232 120 182 64 18 
729 671 45 15 133 268 111 382 684 600 386 317 318 49 0 0 307 1846 126 32 17 6 18 2 
33744 6582 47 8 6 7 11 24249 732 1974 6501 17430 23081 13841 1050 45 84 2479 8826 7194 9473 17097 15975 3526 
15363 2613 0 0 0 0 0 14532 107 1539 8888 11285 7175 2670 733 111 0 133 908 1694 4227 15790 8472 1284 
4467 30752 915 16 0 10 22 1 461 760 2832 4773 13719 12800 790 48 0 56 1782 2454 2931 4232 8822 15906 
482 38434 393 25 0 0 0 0 286 1120 1636 4085 12981 13516 4567 1143 0 19 1536 2767 4579 5749 9387 15297 
319 20223 546 406 330 76 63 30 1612 1074 2992 3403 3365 4375 5101 71 3 314 2081 3562 3383 5245 6519 886 
3808 2078 938 742 228 8 8 410 1131 2726 2739 1136 392 84 12 0 0 202 1387 2267 2156 1917 286 5 
491 11774 1367 73 59 63 75 80 1588 2969 2853 1891 2339 2213 123 6 0 162 361 990 1697 3569 4395 2808 
2839 13584 676 169 108 28 19 84 750 2296 2735 3388 4317 3252 766 3 0 62 789 1761 2933 5393 4347 2222 
2136 7544 906 87 100 9 12 24 666 3232 2304 1650 1919 964 82 1 0 107 365 1348 2044 1838 3412 1704 
59 3022 688 26 17 4 10 9 485 693 456 387 656 747 401 10 0 68 577 552 619 847 1096 76 
1459 640 47 28 32 4601 4268 2816 1590 7501 4338 444 9 3 0 6 226 5065 3793 1410 1892 1229 259 17 
1309 1215 227 9 5 2017 5606 2683 1396 6413 4064 904 242 13 5 34 770 5774 3440 1380 1004 493 197 13 
571 1544 1408 3 0 11 134 2305 673 3023 1357 871 52 0 0 0 0 672 2058 1657 1441 147 1 0 
503 1708 66 32 48 3897 2311 332 2263 4573 1999 60 2 0 0 0 402 4595 1326 642 550 1171 211 0 
7994 1827 139 0 0 6 147 4217 1133 2844 4301 5011 1032 8 1 0 0 94 1217 3456 5552 3864 147 0 
1161 154 60 40 18 7 20 6317 316 247 623 3480 3105 6 0 0 0 825 2626 3519 795 12 0 0 
3835 1273 1 2 33 27 105 1571 352 306 1374 2773 1558 351 97 36 15 497 1007 1249 1170 1326 696 887 
2438 6047 3 0 0 0 0 0 2 447 1275 2755 3256 429 143 181 90 465 844 1176 2179 2052 721 961 
3955 1516 34 9 71 664 848 1837 986 1775 1597 2120 1596 481 138 241 214 2008 2829 1682 559 327 303 1012 
81 5839 0 0 0 0 9 4 217 211 445 1382 2333 1230 103 12 23 157 489 325 349 458 706 3426 
1471 1192 138 35 54 462 1001 2874 1619 2286 1544 1108 437 96 36 101 152 809 1917 1712 1148 519 360 610 
2680 2727 18 8 7 12 1 1077 162 552 1277 1861 1561 866 130 121 628 2423 1212 708 517 462 425 155 
2942 3048 101 28 27 53 367 3035 1150 2259 2883 1820 723 302 152 312 625 2872 1874 1287 976 710 408 849 
2875 3977 1 0 0 0 12 1191 667 1148 1888 2201 1514 415 109 114 101 422 631 1009 973 704 860 3356 
1556 669 34 30 35 24 262 2177 957 1194 1257 939 197 65 34 144 170 480 1173 883 495 466 286 834 
3448 5450 337 45 85 534 550 1624 1100 3631 2876 2631 1092 279 103 361 3745 4158 1024 813 518 908 486 421 
3953 1927 60 32 15 93 174 4554 656 1225 2240 3911 2160 545 44 27 315 1999 1722 1634 1482 1242 1071 1343 
1510 3287 42 21 88 1600 307 920 2307 2503 1747 737 295 62 44 80 234 2566 1764 1468 724 465 266 288 
1255 798 139 75 152 2112 1292 2605 3317 2392 1599 972 72 26 13 37 186 669 1345 1888 1216 1169 1326 629 
792 787 335 16 1 7 25 82 154 614 647 314 130 66 107 13 0 161 104 217 212 276 372 703 
144 580 1072 218 372 1504 124 76 676 1332 1576 281 151 31 20 23 975 948 566 426 405 306 134 330 
1364 1715 141 15 10 32 36 242 160 172 282 518 579 643 667 534 280 662 339 331 312 418 689 524 
1664 1459 316 44 86 190 117 336 259 441 371 321 550 1043 914 313 738 666 367 347 375 450 542 727 
144 157 152 63 101 392 431 871 253 501 321 315 434 269 112 106 640 416 311 224 299 238 69 114 
224 6 18 42 127 140 174 1469 162 201 300 443 737 296 37 24 346 272 322 335 288 231 186 220 
538 42 23 63 66 144 270 1421 122 232 284 343 484 751 213 138 520 511 512 328 178 166 203 149 
304 313 145 167 352 357 489 649 437 771 478 523 375 164 19 9 230 345 360 355 285 344 346 511 
74 654 924 425 878 762 47 16 584 1319 890 498 402 63 21 3 538 699 424 318 367 502 421 511 
57 3175 210 60 38 1 6 0 248 230 331 294 368 1398 655 23 3 37 126 321 861 1070 794 335 
2619 307 10 16 30 92 116 555 440 361 296 307 559 872 657 253 83 390 711 734 614 587 328 298 
5 3417 145 9 0 0 0 0 111 248 330 347 424 1356 689 71 21 65 185 342 620 1090 1026 227 
39 131 154 430 1590 362 19 6 434 875 1150 252 19 1 0 0 27 610 637 524 660 209 34 30 
204 206 181 605 1588 282 1 24 219 774 1609 445 40 3 1 0 137 844 668 572 609 209 52 0 
221 1245 317 516 1027 419 12 16 1143 1418 1119 88 4 1 0 0 134 438 428 588 772 810 545 58 
0 789 321 1 0 0 0 0 0 172 357 494 86 2 0 0 0 38 66 167 222 290 297 31 
393 201 21 113 405 368 271 509 259 1176 597 217 30 1 1 0 38 500 550 442 361 165 132 93 
46 12 27 19 203 238 322 677 285 878 355 26 0 0 0 0 87 508 575 234 93 28 10 9 
573 1163 301 76 175 223 184 165 856 1126 727 145 4 0 2 0 0 79 282 527 763 520 551 138 
109 291 198 271 1075 628 93 77 329 870 1028 486 24 4 0 1 93 205 447 755 648 452 69 73 
174 286 226 286 1125 825 297 222 477 1605 1184 158 16 1 0 0 4 415 894 890 664 496 76 2 
669 441 205 404 795 564 443 328 1532 1918 355 44 0 0 0 0 0 177 820 1025 701 401 226 499 
174 570 407 516 892 38 0 3 494 816 726 443 118 3 0 0 6 875 556 381 486 223 73 0 
489 73 13 10 153 853 1404 2251 268 1693 1754 931 494 97 8 1 1168 2903 772 207 75 45 57 19 
213 25 5 17 44 719 1858 1712 235 2228 1574 418 99 35 3 1 602 2366 1151 327 86 39 15 7 
474 577 3 15 227 1317 1615 1745 659 1991 1951 958 337 43 18 16 2101 1235 1015 718 285 475 140 4 
132 44 0 0 120 561 1786 2530 378 2499 1820 394 82 0 0 0 16 1548 2333 889 216 100 64 7 
54 9999 0 0 0 0 0 0 70 277 604 651 3238 4003 1031 179 0 13 498 2872 2120 1075 1004 2471 
79 10521 63 2 9 1 58 1 475 518 1136 2115 2710 2967 718 95 0 0 521 922 1248 889 1526 5628 
4133 1909 421 8 76 124 68 2733 934 2067 1955 2514 1551 419 24 8 0 3216 2507 1330 1063 721 559 76 
119 7096 410 0 0 0 0 0 117 176 518 1195 1708 2004 1813 94 0 258 1456 1090 556 545 881 2839 
3000 4489 289 12 3 0 0 1103 326 1531 1781 2365 1248 1293 349 3 2 332 1809 1989 1018 903 936 1907 
0 3946 1 0 0 0 0 0 5 127 176 1006 1713 896 19 5 0 0 0 11 236 793 489 2418 
19 9621 270 1 5 7 12 5 287 250 589 1207 1992 3163 2304 148 0 245 694 2605 1933 799 706 2958 
0 11138 684 0 0 0 0 0 13 97 794 1143 1744 5320 2551 160 0 534 3702 5162 1298 448 455 223 
3 11079 140 0 0 1 7 2 205 255 443 1159 1924 4340 2862 44 0 234 933 5522 873 679 742 2249 
202 9675 353 2 0 13 39 16 929 426 585 1850 3804 1893 685 128 0 457 626 556 939 766 1234 5722 
475 6214 385 1 2 23 46 32 973 827 946 1652 1826 786 149 19 0 77 664 1692 768 1339 1010 1628 
1304 8998 2182 261 296 281 139 317 2597 2700 2870 2759 1903 551 211 187 318 6201 1733 1442 1404 343 437 1900 
0 6694 1617 0 0 0 0 0 0 167 888 1022 1263 1948 2775 248 0 44 1376 3135 1890 973 681 212 
4380 1421 24 1 0 0 21 569 136 1392 2708 1846 218 54 23 39 1267 1847 1541 1023 681 57 0 0 
873 7409 648 1562 2416 57 8 160 5705 2849 1332 1318 1354 404 107 64 997 2830 2472 2975 2216 983 543 117 
410 3268 512 3509 2133 32 36 170 4976 3902 637 244 225 58 28 0 1821 2720 2112 2590 783 44 0 0 
1407 2482 347 365 1961 737 313 286 4253 2538 688 236 115 41 16 11 1278 1986 2063 1530 688 213 89 51 
3152 609 146 154 363 60 16 288 1458 1319 1041 552 279 86 31 22 647 2288 1219 503 127 4 0 0 
2974 1997 200 834 485 77 170 1062 3650 1947 806 403 316 192 124 361 2234 2397 1714 1268 182 4 0 0 
542 8184 630 94 8 0 0 0 34 268 637 727 1034 1397 1739 3622 0 2 932 3410 3650 1317 147 0 
164 11233 1885 52 48 0 0 0 2 442 1538 2050 2160 2524 2410 2256 9 25 420 2115 2533 4359 3688 233 
275 10444 1643 16 6 2 29 63 105 174 294 910 2006 2575 2541 3873 558 607 870 2473 5324 2444 196 6 
405 8753 3456 54 10 4 1 0 16 16 357 1028 1622 2121 2736 4787 512 1639 2175 5696 2154 362 138 7 
241 10867 2044 37 28 32 16 13 176 161 234 448 1944 3214 3216 3885 696 782 792 2699 4486 3231 590 2 
6 10076 1344 82 0 0 0 0 1 195 997 1957 3125 2267 1620 1346 59 87 176 1850 2207 5314 1815 0 
610 4457 7681 836 467 117 50 54 770 2314 3268 3350 2165 933 572 900 727 1034 1475 2314 3832 2627 1776 487 
4314 2567 10 0 0 0 0 246 121 488 1146 1352 2632 1379 15 4 21 103 411 732 1403 1807 2311 349 
18 5717 103 1 3 0 0 0 67 121 362 711 2097 2462 16 6 15 89 236 260 270 1010 3437 525 
4030 4113 555 23 14 9 1 357 183 936 2203 2634 2226 846 57 17 380 1049 1159 965 1155 1551 2262 581 
3607 2777 133 24 20 21 4 2191 285 786 1365 2179 2280 1641 233 8 628 1612 1156 890 1080 1289 1941 181 
3088 1588 367 60 36 33 16 2753 442 1171 2110 2315 1382 446 48 27 1109 1630 1026 835 801 842 1384 314 
2877 4892 1432 110 56 93 24 893 393 1044 2593 2881 1924 1126 322 94 1537 2858 1341 1044 564 876 1804 353 
16 6697 53 0 0 1 6 2 27 54 151 213 1256 3657 1415 2 0 20 29 221 702 1979 3730 94 
38 1477 25 0 0 0 0 0 0 42 108 126 160 212 508 384 0 259 671 424 135 48 3 0 
0 2684 401 13 0 0 0 0 9 54 102 222 393 606 1091 621 0 373 1707 892 84 37 5 0 
67 3940 734 162 66 4 0 6 349 439 328 373 547 1103 1272 568 0 385 1879 1810 546 176 118 65 
17 42 37 51 311 42 12 2 70 99 106 73 87 67 11 1 49 192 45 50 53 37 38 50 
38 195 58 29 197 68 5 7 45 66 129 142 104 61 23 27 285 137 73 39 14 18 16 15 
252 8 3 0 46 39 55 121 30 72 88 86 62 59 42 85 72 185 71 43 49 31 35 38 
258 91 10 2 22 34 22 104 38 39 52 67 61 70 80 136 210 153 52 38 30 31 11 18 
156 419 213 166 597 678 557 406 1102 1694 372 24 0 0 0 0 0 525 646 807 635 340 154 85 
43 108 243 125 504 702 518 296 870 1402 261 6 0 0 0 0 3 568 536 552 458 248 106 68 
43 50 102 58 342 404 117 87 482 588 133 0 0 0 0 0 52 656 363 93 27 10 2 0 
296 421 141 70 146 257 546 1200 890 1437 662 87 1 0 0 0 0 552 644 543 774 390 121 53 
375 608 162 122 265 256 217 1154 697 1597 816 48 1 0 0 0 9 1007 812 594 455 168 76 38 
2830 7385 217 46 75 3 0 0 216 252 590 2004 1834 1745 2061 1854 2745 2124 580 587 589 883 1584 1464 
1957 3873 321 27 30 127 632 1835 1304 1871 1274 1405 1231 1026 297 394 3640 2109 957 1164 729 114 68 21 
1016 6437 31 0 0 0 0 4 27 129 287 694 1732 2005 978 1636 123 1436 1160 651 522 867 1547 1182 
0 6593 3 0 0 0 0 0 0 25 178 238 1050 1285 694 3126 203 2750 607 205 157 597 1466 611 
3192 2708 138 35 14 24 185 2751 701 1759 1988 2697 1318 248 151 185 4317 2713 1147 510 185 84 68 23 
165 9573 13 0 0 0 0 0 0 43 327 757 1996 2473 1893 2262 1166 1546 1029 1099 1096 1338 1203 1274 
49 2530 534 0 0 7 0 0 48 328 432 372 398 324 399 819 695 520 480 393 377 348 254 53 
85 1961 351 0 0 0 0 0 2 132 376 323 294 280 307 683 401 447 366 308 279 279 248 69 
113 643 352 37 225 139 6 6 380 319 232 190 202 133 28 37 343 403 192 121 88 72 159 143 
10804 996 132 168 66 681 3334 32685 3104 14344 19261 10998 913 236 10 0 570 32084 9938 4090 1426 322 104 332 
16315 6799 38 1 2 681 6505 26285 8795 16833 16850 10369 3522 255 2 0 1221 30819 10387 8985 4716 269 120 109 
15096 3839 247 23 21 1478 7159 32393 9677 16616 12981 15602 4879 494 7 0 7048 29979 10907 7967 3348 959 44 4 
16682 1627 28 19 10 1437 4347 27333 6343 18390 13424 7820 3904 1586 16 0 2680 26314 8544 6938 5248 1189 262 308 
30008 1319 115 59 38 3035 8856 26733 11299 15498 19497 19511 4181 147 30 0 6407 41667 9121 9141 2510 721 173 423 
44581 11758 388 476 604 9878 6006 10586 22331 26130 23168 6985 3737 1518 359 49 13278 39639 8479 8187 6857 3830 974 3033 
0 6875 7764 1001 0 0 0 0 32 168 1428 2592 4153 3948 2687 632 0 87 2622 7594 2858 1716 664 99 
0 6469 5206 1269 0 0 0 0 36 313 1907 2151 3520 2663 1691 663 6 372 5457 3758 1428 1006 771 146 
0 7805 6871 890 1 0 0 0 1 249 2918 2824 2324 3213 3180 858 0 158 6478 3706 2845 1771 536 73 
0 9864 6543 719 1 0 0 0 140 545 1738 3411 3913 4026 2366 988 7 452 7710 7760 703 294 154 47 
1526 994 10 0 0 0 0 253 1 268 409 917 743 341 94 10 5 178 493 738 765 273 173 158 
3 134 138 54 75 314 380 294 28 342 538 214 111 71 41 47 80 462 387 241 196 26 0 0 
1 14 41 121 237 404 216 11 3 58 450 308 132 46 20 28 61 326 215 253 149 41 0 0 
4 61 176 208 182 203 9 0 8 142 287 178 109 56 20 43 215 559 33 20 15 1 0 0 
171 221 111 105 444 858 67 28 126 347 824 428 229 35 10 6 35 499 377 611 347 98 34 4 
990 751 0 0 0 0 8 49 50 279 294 457 352 165 85 116 51 343 467 479 176 80 101 101 
639 465 0 0 0 2 35 186 20 174 308 314 217 141 80 73 12 210 676 212 65 47 64 41 
234 617 75 72 355 1086 97 42 176 305 902 528 372 178 47 70 94 401 597 506 411 296 184 89 
309 404 166 13 2 234 276 199 184 534 251 253 309 65 3 4 799 325 186 161 78 25 23 6 
678 245 126 22 2 102 143 249 615 655 240 42 9 3 3 0 412 193 235 386 175 60 81 25 
163 1149 336 231 244 910 278 75 1153 1759 420 52 2 0 0 0 805 788 642 525 320 131 59 116 
20 31 199 251 173 712 8 1 430 912 51 2 0 0 0 0 681 436 179 58 15 19 3 4 
280 126 89 46 29 752 250 72 544 1018 79 2 1 0 0 0 375 609 304 260 74 21 1 0 
480 1418 564 87 39 105 450 548 1355 1342 668 244 59 18 1 4 713 643 421 602 861 361 75 15 
421 988 711 299 159 647 592 427 1843 1499 545 236 97 19 1 4 881 543 471 609 784 557 291 108 
389 420 99 77 82 248 340 282 538 542 289 310 225 27 6 0 815 340 217 208 129 86 61 81 
1373 589 6 0 0 0 0 0 19 484 734 366 145 93 57 70 14 36 135 262 425 556 389 151 
117 368 58 22 157 175 10 20 102 88 100 95 126 88 66 262 504 205 113 77 24 4 0 0 
166 261 18 4 88 50 53 75 12 50 134 141 108 93 60 117 380 141 64 16 7 40 67 0 
255 52 0 0 0 10 15 757 29 64 142 226 178 198 156 96 129 277 145 149 167 123 64 35 
1092 247 28 53 9 0 1 456 140 139 318 377 369 335 101 107 203 364 234 247 261 255 256 66 
1353 165 18 46 5 1 2 517 227 440 280 379 328 291 93 69 108 322 193 303 368 457 295 61 
424 159 0 0 0 0 0 79 0 50 117 100 90 91 113 101 6 181 191 90 46 48 49 51 
4 2994 0 0 0 0 0 0 0 0 54 258 449 678 512 1047 0 473 849 824 456 349 47 0 
4 3807 0 0 0 0 0 0 0 32 173 422 853 675 653 1003 0 317 700 881 729 924 224 36 
38 4082 0 0 0 0 0 0 0 117 668 548 639 650 529 969 0 129 686 604 634 713 860 494 
0 3014 0 0 0 0 0 0 0 1 205 463 468 604 369 904 0 223 756 588 511 504 371 61 
31 2209 0 0 0 0 0 0 8 86 289 423 414 301 276 443 0 56 346 445 581 315 261 236 
7326 3883 7 0 0 0 0 2978 766 5669 4685 2058 680 251 51 34 309 3552 3693 2633 2839 889 267 12 
8709 3645 5 7 8 10 42 1837 306 2961 3286 3869 2100 992 481 268 1106 6784 3898 1641 648 163 23 0 
5314 6508 195 177 455 386 184 943 3749 4521 3268 1642 672 301 6 3 738 6299 1957 1798 1471 1062 549 288 
1509 255 16 8 46 847 626 955 1306 1328 1002 541 76 9 0 0 91 1342 806 438 386 453 408 338 
824 213 3 11 64 747 489 529 882 1367 509 99 19 4 0 0 212 782 499 417 306 242 296 126 
157 5412 0 0 0 0 0 0 27 1137 1671 1146 884 597 101 6 0 68 560 618 945 1486 1892 0 
0 9371 19 0 0 0 0 0 1 382 2031 2317 1867 1797 740 255 246 2086 1562 1927 1436 1459 674 0 
50 8669 0 0 0 0 0 0 0 13 1798 2714 2128 1858 178 30 51 306 1948 1254 1607 2007 1546 0 
301 11587 81 63 190 289 140 62 1028 472 1757 2652 2866 2925 802 211 31 1504 3003 2308 1962 2299 1303 303 
48 8383 4 8 10 73 3 0 484 324 2249 3092 2190 188 2 0 0 27 1205 1331 1691 2319 1721 235 
239 7799 14 21 44 688 58 55 1493 1079 2184 3399 731 32 0 0 0 294 2401 3620 1544 271 313 475 
565 8668 91 51 108 1680 57 66 3706 1335 1518 3747 978 2 0 0 0 454 2307 3223 2645 962 1086 609 
462 11387 17 6 11 68 16 39 298 250 2514 4423 3250 1080 181 10 0 1548 2405 4971 2364 664 54 0 
106 6996 47 20 75 62 9 2 443 484 1003 3066 1768 553 0 0 0 127 2020 2445 2498 134 91 2 
9 12483 8 8 9 19 0 0 100 169 2102 4451 3661 1734 270 49 0 824 1901 1957 2501 3943 1408 2 
22 10468 0 0 0 0 0 0 20 46 1061 4227 3329 1561 238 8 0 673 1407 1443 1946 3352 1669 0 
51 4951 61 48 280 524 4 6 1358 347 412 2067 1488 132 74 47 0 338 3514 586 390 316 249 532 
179 12682 0 0 0 38 0 2 118 295 1910 3792 4215 2496 63 12 1 608 2181 3066 4637 2408 0 0 
0 10278 0 0 0 0 0 0 9 68 2273 1910 2488 1995 1013 522 0 105 2021 1983 1635 1748 2339 447 
90 12688 14 12 12 21 3 18 172 235 691 2284 6125 2781 407 163 337 2510 3287 2628 2921 1015 128 32 
165 7875 0 0 0 0 0 2 35 643 2029 2107 1579 1441 182 26 0 368 1672 1921 1481 1745 855 0 
