0 0 541 3399 38 1 0 0 0 0 0 0 0 0 0 0 0 0 0 3 14 23 44 59 59 95 178 597 1531 945 277 154 0 0 4 23 182 822 1940 747 131 61 40 25 4 0 0 0 
0 0 1337 2753 112 28 0 0 0 0 0 0 0 0 0 0 0 0 3 28 39 35 50 70 93 146 192 409 901 1303 704 257 0 0 0 21 570 1410 1379 428 242 111 34 15 9 2 6 3 
0 0 506 5302 585 0 0 0 0 0 0 0 0 0 0 0 0 0 0 0 5 20 47 208 316 460 542 1080 1416 1271 825 203 0 3 19 26 195 1856 1817 1528 685 109 46 15 40 42 11 1 
0 0 358 2652 903 149 8 0 0 0 0 0 0 0 0 0 0 0 0 0 16 84 206 161 274 242 300 394 646 956 569 222 0 0 11 16 179 885 1162 1029 558 105 54 30 18 11 4 8 
0 1 293 2996 846 165 25 0 0 0 0 0 0 0 0 0 0 0 0 0 9 71 133 190 308 332 348 445 931 879 430 250 0 0 1 54 730 1219 1156 844 250 40 14 9 3 2 4 0 
0 0 37 1473 1224 381 60 0 0 0 0 0 0 0 0 0 1 2 7 29 43 164 268 344 387 286 312 377 323 348 182 102 0 0 0 0 142 548 986 802 458 149 35 19 9 8 7 12 
0 0 58 1206 1175 205 19 1 0 0 0 0 0 0 0 0 0 0 0 0 19 95 210 253 259 259 331 300 372 320 155 91 0 0 0 0 293 522 545 760 399 106 23 11 5 0 0 0 
5 860 5502 714 87 70 94 101 50 1 0 0 0 3 0 1 16 41 98 170 188 108 148 159 254 666 866 684 632 739 1350 1369 0 4 9 47 335 1138 1875 723 746 626 757 459 570 84 32 83 
1 259 4436 3938 138 40 8 0 0 0 0 0 0 0 0 0 5 14 33 112 163 210 246 341 689 1067 601 650 645 880 1116 2048 0 0 6 75 211 647 1001 1664 1421 926 719 516 515 702 171 246 
15377 3189 1811 383 68 40 69 28 114 459 1869 1913 1977 2759 3336 9069 2676 2370 2859 3402 2833 1855 1264 1161 1407 2106 1659 1452 1225 1367 1537 13288 7546 7141 4278 3226 2974 2747 2589 2241 1637 1575 1272 1018 1315 1033 685 1184 
10010 4310 1101 799 222 78 34 44 34 105 350 3276 6355 6433 6931 7092 1189 2608 6972 9494 5476 4679 2827 1551 782 583 515 614 472 905 801 7706 9364 2284 2876 3084 4160 3448 3994 3536 2491 2118 2137 1796 1528 1232 1173 1953 
7616 2488 2097 1364 249 104 52 48 50 119 1127 3959 3664 3673 6435 11718 2184 1945 5387 6522 4306 3568 3558 3237 2142 1894 1211 999 728 1036 1103 4943 7271 4550 4478 4663 5325 4236 3787 2507 1726 1292 1092 1383 791 518 316 828 
3216 2070 415 1272 353 421 291 111 166 395 1228 2945 6487 7327 7296 3121 467 866 4336 17464 6271 2700 1059 553 565 880 344 221 263 439 523 163 0 13 1414 2185 2369 3844 5338 6434 6159 3419 2250 1613 837 422 440 377 
3906 957 1181 448 31 93 38 11 6 47 648 6362 6633 6405 7089 2380 2127 1553 4444 9735 5521 2750 2006 1249 898 595 582 727 525 699 512 2312 6253 3952 2697 3501 2436 2709 2508 2342 2553 1944 1753 1776 795 471 344 201 
4194 5404 10151 6574 1419 801 843 893 692 822 2300 2154 2236 3338 3967 2085 901 1636 3217 5212 5109 3690 3016 2523 2639 2002 2384 2312 2046 2113 2336 6737 3154 11920 7425 9524 4984 2479 2043 1677 1489 1444 598 342 140 143 203 308 
2773 2856 1232 621 76 61 24 28 39 323 3422 4940 2772 4538 4300 2852 238 2041 7874 11142 3302 1318 751 502 478 564 401 246 240 277 359 1124 280 1459 1511 2324 1843 2307 2309 1970 1983 3274 3361 3258 2635 1375 668 300 
3855 3717 12280 8143 993 116 44 55 41 612 3826 2777 407 109 680 371 872 754 1999 2813 2489 2288 2209 2030 2354 2102 1893 1757 1301 1884 1721 9560 9999 8096 7814 5746 1926 653 508 413 406 584 444 444 367 253 139 234 
1156 17887 16694 872 240 66 18 40 17 0 3 12 72 146 1362 725 1071 594 1025 1917 3348 7393 6668 4842 2192 1519 1397 1415 1321 1271 1148 2189 301 1146 3793 2750 1870 1342 1807 2140 1911 1632 1927 1949 2352 2865 3178 8347 
2188 259 696 496 50 3 93 12 59 927 8630 5922 3043 3180 7325 3008 2149 2178 7977 8289 7428 4358 1825 509 202 117 173 105 30 93 12 446 2714 1005 956 2061 5596 7003 4610 3622 2382 1927 1130 900 641 338 216 790 
4360 1364 746 725 181 38 62 18 46 502 6004 6617 5314 5241 6865 3822 2323 2949 5751 11074 6965 4543 2487 1076 595 510 634 736 492 463 249 1058 3949 3066 1946 2339 4668 5673 3852 2888 2390 2560 1967 1586 1528 1518 864 1111 
0 0 15 3262 3496 246 156 37 5 0 0 0 0 0 0 0 0 1 51 154 275 234 411 526 480 454 726 871 1423 1392 206 13 0 0 31 203 365 531 978 1022 1388 1236 762 596 105 0 0 0 
0 21 380 7938 2655 5 0 0 0 0 0 0 0 0 0 0 1 36 96 313 486 746 883 1254 1332 1183 947 1221 1598 840 54 9 0 2 10 130 324 691 902 924 1190 1543 1784 1637 1377 485 0 0 
0 0 218 10583 2574 109 59 0 0 0 0 0 0 0 0 0 0 0 54 123 338 692 829 1436 1736 1509 1495 2561 2427 302 21 20 0 10 99 150 127 293 990 1028 883 1524 2051 2531 2572 1142 143 0 
150 121 339 201 61 2 2 2 0 12 3680 1982 241 0 150 3 375 741 396 1351 3824 225 31 1 0 2 0 0 0 0 0 0 22 252 749 313 460 358 450 395 373 341 427 331 441 451 600 983 
179 217 1007 1909 96 12 10 1 0 2 2960 1890 263 31 103 23 571 1018 996 1533 3712 518 267 20 4 60 1 3 0 0 0 0 4 343 598 253 611 700 692 606 609 485 775 638 644 471 566 708 
254 359 1349 1168 140 47 33 4 2 9 4383 2421 270 52 250 219 1187 1552 881 1398 4939 604 185 173 35 6 0 0 0 0 0 0 91 1117 582 242 673 965 881 727 661 464 688 593 848 976 887 565 
104 151 101 67 27 1 0 1 0 5 4874 2023 151 5 95 27 186 379 462 727 5588 290 0 0 0 0 0 0 0 0 0 0 0 0 221 265 452 440 615 666 695 545 497 966 810 737 500 223 
609 216 375 541 565 174 65 52 50 100 1513 3036 394 163 302 184 791 925 1261 1324 1605 1021 426 229 262 158 106 63 42 36 18 72 953 2364 1547 843 647 438 373 252 276 251 201 129 60 5 0 0 
681 310 347 159 29 12 38 26 25 80 1471 2829 494 186 160 222 676 729 928 1124 1942 838 284 141 132 77 43 41 24 24 12 54 697 1676 838 601 461 333 366 398 487 476 396 270 59 10 1 0 
410 49 148 129 139 37 82 46 61 277 815 1588 61 6 67 13 514 666 1213 662 450 241 96 16 31 9 12 0 2 1 2 13 615 879 1260 528 167 113 90 75 50 47 55 24 18 7 0 0 
307 76 166 222 434 1140 238 55 53 116 915 549 99 53 25 40 349 276 595 820 1110 785 297 77 65 23 11 12 5 14 8 41 712 633 368 308 863 611 352 231 171 148 65 21 5 0 0 0 
114 44 29 98 522 1058 57 20 19 63 239 754 110 41 62 165 96 238 334 456 434 507 499 482 267 57 15 2 0 4 0 4 143 589 557 1098 547 267 108 44 25 13 4 0 0 0 0 0 
93 194 218 1629 9298 631 122 54 51 53 18 4 3 3 7 22 559 1055 1369 1677 2492 2405 1441 936 358 98 2 3 0 2 0 3 13 54 41 57 69 78 113 188 255 304 350 547 932 1541 3133 4725 
24 151 251 1263 6582 1347 1100 336 4 2 6 0 0 2 2 8 134 617 1964 1769 1486 1318 1428 1121 650 402 81 28 21 10 6 43 93 227 89 102 113 106 121 147 196 324 569 973 1632 2555 2810 1021 
538 951 1175 4504 3088 305 123 43 27 35 55 75 173 361 1281 509 745 1412 1944 2553 2498 1583 1071 616 452 212 93 28 10 9 6 11 293 482 364 373 770 752 777 862 623 488 560 761 701 996 1551 2890 
855 495 477 239 189 66 177 117 210 1124 1283 2072 2091 1381 1912 636 1434 1952 1964 2937 1780 1027 729 402 301 199 206 170 123 68 21 11 226 1917 1562 1272 1165 1140 1082 925 756 713 599 524 393 248 256 546 
6 92 1234 7127 4272 301 155 222 72 4 5 2 0 0 0 0 321 806 572 705 870 999 1060 1016 1505 1296 707 496 372 367 485 1915 0 0 3 68 285 228 518 1283 1374 1731 1493 1730 2638 1022 632 487 
0 28 205 4999 3336 2166 2023 625 81 0 0 0 0 0 0 0 0 36 2219 1526 1109 912 1234 831 577 517 564 571 555 412 678 1722 0 0 0 28 63 613 650 1211 1246 1434 1199 1319 1695 2258 1612 135 
0 0 137 2150 2910 2987 1346 146 123 0 0 0 0 0 0 0 6 162 2085 1987 1546 899 822 554 486 269 167 216 186 127 133 154 0 0 0 4 28 80 70 188 471 683 1679 1418 1908 2116 1065 89 
4 1194 4496 909 129 37 27 33 19 0 0 0 0 0 0 0 38 510 950 662 424 396 478 504 483 379 215 204 162 201 292 950 0 0 0 0 1 233 304 286 340 473 752 844 876 1092 988 659 
8 728 4766 2944 263 70 42 46 48 0 0 1 7 5 2 3 70 202 539 633 570 895 842 608 618 555 525 423 484 486 570 913 0 0 11 45 73 135 124 233 328 667 1206 2084 1893 1093 589 452 
2472 3093 2892 91 0 0 0 0 0 0 0 0 1 2 28 1838 41 606 2035 2411 1923 1185 976 555 302 210 90 45 17 12 5 4 38 43 281 1222 1794 1824 1211 1007 1120 1018 710 133 16 0 0 0 
3744 3501 2664 102 0 0 2 4 3 2 0 2 6 11 9 594 27 194 1025 1174 1204 1641 1629 1370 806 578 357 296 123 88 59 73 58 266 1215 2345 2065 1434 905 990 738 407 106 78 18 8 8 3 
1655 2259 4455 1265 107 63 51 72 135 113 86 124 56 40 71 295 1100 1644 1930 1371 1207 1268 884 581 304 210 167 153 22 3 3 0 2 216 889 2668 1321 759 830 769 697 588 607 517 358 180 108 338 
359 907 811 1999 1144 762 185 145 156 94 154 906 1350 2041 2221 426 154 507 925 1188 1267 2420 2550 794 544 551 499 426 382 388 290 775 693 1520 1632 979 945 1268 1682 1250 1048 789 565 516 261 98 71 343 
54 195 2159 5404 754 189 56 40 31 26 45 76 60 15 6 3 612 1231 1433 1365 1126 843 754 437 277 213 191 194 201 152 33 51 2 46 170 126 134 493 741 560 562 766 817 809 812 1198 1138 739 
263 541 1844 3446 1043 210 100 35 25 34 21 39 77 37 30 46 72 619 1201 989 700 526 558 537 561 484 338 320 245 242 164 235 6 119 440 308 544 776 859 731 667 718 686 831 745 271 24 66 
90 214 2491 2771 802 241 109 72 66 56 66 79 47 39 32 64 579 654 577 476 571 640 783 703 868 571 207 151 113 100 88 158 23 81 169 255 383 756 1222 1008 713 466 299 313 312 437 393 409 
20 261 503 16953 667 67 24 14 10 9 14 0 6 0 0 0 152 152 294 739 903 1575 3174 3214 2467 1928 1504 1223 695 332 91 105 203 294 326 389 496 607 626 693 700 794 1077 964 2074 2659 3841 2805 
0 199 742 19091 363 20 1 13 10 9 0 0 0 0 0 0 35 74 185 729 1038 2479 3615 3130 3230 1877 1528 1256 777 269 95 131 33 326 438 602 663 622 695 809 786 860 1331 1418 2941 3293 2871 2760 
0 0 373 17486 74 0 0 0 0 0 0 0 0 0 0 0 0 84 105 205 377 907 2180 2195 1795 1626 2600 2852 1974 867 165 1 0 0 47 1315 1481 1437 1500 1494 1962 2114 1744 1394 2030 852 517 46 
45 93 3622 18886 18 7 3 5 7 1 0 1 1 0 0 1 264 315 390 391 801 1524 2540 3695 3785 3082 2974 1662 823 356 88 0 0 0 2 67 152 259 1053 1152 871 806 769 913 1439 2228 4453 8526 
0 12 7676 4781 0 0 0 0 0 0 0 0 0 0 0 0 0 54 19 41 411 2155 2614 2228 1664 1191 968 654 395 70 4 1 0 0 20 42 142 178 298 593 760 966 899 980 2178 2402 1832 1179 
59 0 532 6529 409 8 1 9 6 9 2 0 0 0 0 0 232 539 195 209 500 541 856 856 1015 729 446 633 556 230 27 0 0 45 131 1101 1587 1167 1231 1195 849 237 21 0 0 0 0 0 
4 275 2091 12656 247 42 0 0 0 0 0 0 0 0 1 0 67 355 616 739 1464 2222 1727 1550 1685 2085 1463 939 333 56 9 6 0 5 81 297 365 434 495 431 419 503 577 822 990 1842 2911 5144 
35 225 810 8847 77 0 0 0 0 0 3 0 1 0 0 6 73 139 221 565 752 1085 1627 1744 1410 968 753 561 60 15 6 25 0 0 21 33 116 144 196 180 208 274 374 683 978 1163 2588 3046 
126 199 765 11643 565 3 0 3 0 0 2 2 2 0 0 2 70 260 219 246 616 1978 2153 2614 2037 1776 833 337 136 25 5 7 0 6 71 97 90 114 117 138 208 261 388 1103 913 1427 3217 5162 
19 35 735 12871 90 21 3 1 0 0 2 2 2 0 0 0 129 386 654 718 854 1034 1787 2788 2910 1541 407 313 137 76 24 23 0 0 62 275 181 190 99 146 156 197 231 335 493 1039 3186 7191 
98 308 813 1397 241 122 112 128 180 115 1 6 37 27 23 45 40 647 610 312 275 457 491 517 259 42 3 0 0 0 0 0 0 0 0 6 73 87 110 217 333 393 468 704 687 464 107 4 
5 133 1489 1597 200 46 20 13 18 12 8 0 0 0 0 0 7 90 151 271 376 290 346 470 597 687 179 69 6 2 0 0 0 0 1 28 71 144 226 327 427 587 733 513 349 112 22 1 
16 583 6641 867 6 0 0 0 0 0 0 0 0 0 0 0 15 207 677 1098 786 763 642 956 1516 886 375 146 23 4 2 17 15 27 42 40 230 1007 878 700 539 357 331 309 502 857 1021 1258 
65 466 13837 153 54 1 0 0 0 0 0 0 0 2 1 3 19 52 81 285 731 1036 1514 1297 1412 1548 1282 1378 1176 870 743 1158 3 42 56 89 265 606 648 614 589 535 485 730 1009 1503 2658 4750 
5718 4927 1105 47 5 0 0 0 0 0 0 0 1 0 1 2623 1 3 287 717 1036 1428 2244 1945 1584 1588 1681 1108 530 224 15 36 36 84 148 987 816 647 464 435 495 668 844 825 1030 1587 3032 2329 
6862 647 241 24 2 2 7 3 9 10 20 18 20 16 79 5215 18 71 528 1094 1085 2011 2028 1633 1578 1274 836 579 277 72 16 75 229 408 1016 1222 1050 936 802 871 761 777 612 743 842 1040 1391 475 
3203 8079 375 0 0 0 0 0 0 0 0 0 0 0 0 5 0 7 48 241 441 677 844 1198 2644 2597 2093 710 126 18 8 10 13 82 102 87 910 1395 627 412 390 394 418 513 759 1463 2406 1691 
3571 5886 3060 61 0 0 0 0 0 0 0 0 0 0 11 167 4 28 76 95 169 333 834 1593 3531 3587 1771 486 143 56 24 26 37 202 501 894 1656 2705 1880 1165 839 482 417 365 372 653 408 180 
746 5969 3081 0 0 0 0 0 0 0 0 0 0 0 3 44 0 13 102 188 387 582 888 1304 1682 1528 1279 944 628 272 24 22 24 140 295 430 1056 683 427 459 532 403 402 549 850 1130 928 1535 
2565 2031 3833 83 6 3 3 0 0 2 15 5 9 40 259 4519 60 80 85 281 730 1092 1475 1439 1860 1876 1745 1212 871 506 30 31 265 1251 731 1012 981 758 652 707 888 706 773 614 496 482 1024 2033 
0 0 976 7274 0 0 0 0 0 0 0 0 0 0 0 0 0 18 38 56 79 97 176 195 298 526 930 1330 1602 1577 1111 217 0 0 11 66 68 174 253 323 449 629 938 1649 2145 1094 292 159 
0 72 598 7071 26 8 1 2 0 0 0 0 0 0 0 0 0 13 22 35 50 136 196 191 230 337 600 897 1387 1407 1270 1007 0 6 91 199 258 529 1778 1146 1020 832 726 896 274 23 0 0 
18 5 12 11 0 0 3 0 4 50 276 523 604 494 1165 319 32 198 750 1181 668 284 144 72 46 39 34 23 13 0 0 0 0 5 144 610 811 860 541 321 117 41 18 14 2 0 0 0 
10 31 593 3588 236 81 60 55 103 237 55 21 25 4 5 2 355 482 421 530 521 582 657 626 394 273 145 99 13 3 0 5 0 0 5 36 164 220 799 1081 1083 858 711 59 31 45 13 1 
237 354 636 1599 645 442 285 233 371 1838 669 164 64 19 101 45 1856 1919 1809 1159 468 246 133 43 56 5 6 1 1 0 0 0 7 121 96 120 199 238 356 1111 2113 1468 544 343 369 418 158 41 
132 214 129 106 29 10 26 4 3 26 295 1170 39 1 24 6 253 479 422 453 423 82 41 18 12 2 1 6 2 3 1 16 94 786 537 362 77 48 27 27 122 70 32 29 3 0 0 0 
102 119 99 62 10 0 9 2 4 243 1516 1006 129 52 132 132 293 484 641 709 621 442 210 101 63 28 12 3 1 4 0 5 41 551 1175 886 438 239 143 54 37 20 23 6 4 0 0 0 
2 0 2 8 9 35 87 216 129 885 435 80 13 1 0 0 431 236 253 261 244 220 184 57 12 4 0 0 0 0 0 0 0 8 74 143 222 193 180 149 132 141 84 51 94 234 150 47 
23 16 86 348 274 174 182 96 97 277 774 416 81 11 16 3 293 479 438 544 649 327 100 34 7 1 0 2 0 0 0 0 1 68 286 274 265 394 373 409 311 163 118 63 27 16 25 81 
22 8 0 0 0 0 2 0 0 22 120 452 327 128 60 54 39 64 108 305 444 151 35 16 17 11 2 3 0 0 0 0 2 33 68 196 161 133 210 184 109 75 9 5 4 2 3 1 
0 0 2 237 37 27 6 19 21 740 517 6 0 0 0 0 38 150 147 194 221 308 322 198 33 1 0 0 0 0 0 0 0 17 151 187 121 166 246 323 243 102 17 15 13 8 3 0 
0 0 9 352 333 52 4 1 0 0 0 0 0 0 0 0 0 0 0 0 0 5 19 70 137 171 201 111 32 5 0 0 0 0 33 81 87 96 108 84 91 65 55 29 19 3 0 0 
1 1 294 1889 860 155 14 1 0 1 0 0 0 0 0 0 6 35 79 118 154 163 285 291 476 732 622 214 35 3 2 1 0 0 6 114 260 258 274 235 294 298 380 263 193 185 178 278 
0 0 3 438 327 15 0 0 0 0 0 0 0 0 0 0 0 0 0 0 2 2 12 50 158 226 196 113 23 1 0 0 0 0 0 102 100 111 102 83 64 61 52 64 37 2 4 1 
0 0 1 497 488 150 56 3 0 0 0 0 0 0 0 0 0 0 0 0 0 4 22 45 94 222 424 323 54 5 2 0 0 23 203 238 148 89 113 102 58 65 69 45 37 5 0 0 
0 4 647 1582 1 0 0 0 0 0 0 0 0 0 0 0 0 4 77 221 358 409 408 220 283 192 57 5 0 0 0 0 0 0 0 0 0 3 80 94 106 113 150 245 346 379 359 359 
0 0 488 2760 0 0 0 0 0 0 0 0 0 0 0 0 0 17 315 445 517 429 548 333 350 217 74 3 0 0 0 0 0 0 0 0 0 3 78 93 132 240 421 359 378 546 486 512 
0 4 150 2717 1312 269 82 78 156 27 0 0 0 0 0 0 5 67 167 287 329 327 378 452 696 667 514 428 241 152 71 14 1 281 992 556 269 223 298 420 288 228 209 244 452 327 7 0 
4 12 1018 3910 410 80 22 14 12 2 0 0 0 0 2 2 5 20 48 97 158 265 370 670 949 1039 1049 502 199 82 16 19 89 56 197 605 214 186 160 180 200 253 380 575 824 1172 363 34 
90 91 310 4235 598 22 1 0 1 0 0 0 0 1 1 6 11 131 112 150 221 333 637 646 643 697 667 531 340 165 55 17 0 40 126 547 774 280 229 307 284 290 421 565 740 637 114 2 
29 47 319 3752 275 57 30 19 12 4 1 0 2 2 2 4 32 100 124 210 284 362 406 598 664 599 576 322 166 82 18 12 185 156 184 98 98 108 111 120 135 204 280 454 715 1027 620 60 
1 4 154 3737 162 16 0 0 2 0 0 0 0 0 0 0 0 5 57 406 526 379 259 335 453 543 523 327 195 62 5 1 5 73 209 401 133 121 161 179 215 225 238 459 479 680 479 19 
4 12 501 3105 410 0 0 0 0 0 0 0 0 0 0 1 0 0 7 23 38 71 180 235 558 642 833 909 403 116 16 2 52 349 1052 552 327 213 202 180 138 146 153 197 331 141 0 0 
0 8 235 2866 123 0 0 0 0 0 0 0 0 0 0 0 0 17 222 233 471 447 310 235 304 340 260 209 134 50 0 0 0 0 0 285 249 325 241 180 147 239 309 254 342 646 15 0 
135 456 276 1995 2800 660 275 245 105 23 0 2 2 0 4 11 150 636 237 224 348 631 740 916 870 1049 746 385 46 5 3 3 6 804 1339 2929 375 209 171 172 153 154 220 314 130 13 0 0 
3125 727 138 5 0 0 0 0 0 0 0 0 0 0 63 1912 1 169 1024 983 768 482 630 439 310 375 299 208 151 103 19 9 78 1516 1248 747 567 448 349 376 295 257 75 14 0 0 0 0 
2581 218 3 0 0 0 0 0 0 0 0 0 0 0 40 2062 0 98 1699 786 357 248 305 220 335 452 251 79 24 19 13 18 221 1179 496 460 394 347 386 711 476 220 14 0 0 0 0 0 
2982 1810 135 11 3 1 14 4 0 0 0 0 4 10 86 2050 61 198 1433 856 783 678 565 507 743 491 306 188 109 74 61 57 644 916 778 688 580 651 669 775 687 539 119 17 12 14 11 10 
3711 1543 499 50 0 0 0 0 0 0 0 0 8 0 66 1824 1 111 645 797 717 919 913 753 823 594 519 423 251 130 63 42 706 1588 1456 792 631 463 663 704 271 219 127 33 12 14 9 13 
4480 1133 266 9 0 0 0 0 0 0 0 0 8 0 41 955 0 41 407 629 750 775 905 835 765 557 427 418 170 107 40 66 819 2112 1273 716 553 428 329 336 240 80 6 0 0 0 0 0 
769 287 100 68 50 47 54 21 24 18 7 3 10 32 369 984 52 191 274 261 224 217 214 213 215 311 333 251 78 9 0 0 0 3 41 99 128 167 198 268 229 189 216 184 284 319 392 126 
559 194 84 90 267 147 29 29 6 4 5 48 36 63 274 1535 18 94 212 234 320 464 440 491 484 348 231 33 1 0 0 0 39 124 241 316 322 292 246 246 260 276 300 299 318 64 19 8 
294 506 1075 566 396 333 188 143 20 3 0 0 0 9 36 294 29 157 232 395 536 444 332 311 390 351 284 312 88 1 1 0 0 11 103 199 247 311 291 292 246 231 222 241 212 238 324 695 
639 124 52 73 212 95 75 108 42 23 17 17 34 39 82 1594 125 288 239 189 257 298 280 288 288 358 450 154 12 0 0 0 46 165 467 666 544 398 320 185 117 89 55 56 36 38 26 18 
0 0 147 6016 1019 35 25 49 96 5 0 0 0 0 0 0 0 0 0 28 64 86 63 60 87 130 190 289 338 565 1025 4467 16 60 229 910 3550 2465 162 0 0 0 0 0 0 0 0 0 
0 0 2 7745 3545 70 1 0 0 0 0 0 0 0 0 0 0 0 0 0 51 262 487 801 951 1182 1319 1565 1428 1326 973 1018 57 63 48 57 328 1979 3650 4166 978 37 0 0 0 0 0 0 
0 0 51 5524 950 60 0 0 0 0 0 0 0 0 0 0 0 0 0 3 23 54 250 503 695 939 738 655 543 495 732 955 54 43 40 58 91 584 1457 2137 1413 598 100 10 0 0 0 0 
71 130 212 10549 543 73 9 13 8 4 4 0 2 2 2 4 140 140 199 376 431 459 597 742 790 1046 961 961 1144 931 928 1781 120 133 172 137 222 1489 1661 2241 1975 980 709 678 766 343 0 0 
0 2 124 4343 767 0 0 0 0 0 0 0 0 0 0 0 0 0 0 0 0 0 0 33 93 168 254 364 370 487 962 2505 2 56 159 855 2285 1098 770 11 0 0 0 0 0 0 0 0 
38 82 391 3764 3841 127 17 6 0 0 0 0 1 3 10 9 5 2 22 33 78 210 549 1672 1280 681 919 790 736 540 412 360 106 355 358 440 978 2246 2382 1387 37 0 0 0 0 0 0 0 
11 239 549 7851 1602 235 16 7 1 3 6 0 0 0 0 0 16 23 27 64 213 322 395 623 1011 962 809 975 1293 1137 1098 1552 116 60 136 295 977 2107 1949 2552 2030 295 3 0 0 0 0 0 
6 14 302 6025 3053 302 36 18 11 0 0 0 0 0 0 0 10 6 42 119 246 571 663 823 849 722 798 666 643 807 1003 1799 46 101 293 458 901 1749 1846 1729 1922 589 102 31 0 0 0 0 
0 143 1654 12857 2785 1 0 0 0 0 0 0 0 0 0 0 0 0 0 0 0 28 156 234 532 627 689 763 992 1270 2329 9820 0 0 0 0 13 105 318 1218 1910 2584 4758 5160 578 183 191 422 
0 1025 2472 9354 5115 5 0 0 0 0 0 0 0 0 0 0 0 0 6 18 49 58 184 487 1353 1306 655 446 436 418 1053 11502 0 0 0 0 4 224 905 2757 4264 4346 1654 427 310 410 394 2276 
0 14 799 14252 529 0 0 0 0 0 0 0 0 0 0 0 0 4 19 32 20 31 69 81 119 193 385 419 1094 3541 4998 4589 0 0 0 0 8 123 204 367 1317 3357 5497 3746 470 266 106 133 
0 142 996 7853 5539 246 37 0 0 0 0 0 0 0 0 0 0 10 15 57 169 217 162 115 147 254 349 385 383 560 1840 10150 0 0 3 24 172 430 1059 1554 2275 2603 3697 1370 486 401 386 353 
0 0 286 5455 6216 878 20 0 0 0 0 0 0 0 0 0 0 0 5 24 152 348 500 532 524 368 272 324 476 616 1800 6914 0 0 1 19 45 66 159 911 2259 3240 2609 1320 1006 565 329 326 
0 65 813 12542 4168 62 0 0 0 0 0 0 0 0 0 0 0 0 0 0 5 132 289 398 489 543 636 879 1088 1579 3444 8168 0 0 231 326 214 442 421 401 1243 2794 2976 4307 2852 737 361 345 
0 0 625 14185 740 5 0 0 0 0 0 0 0 0 0 0 0 0 0 5 9 7 11 34 47 100 125 174 161 206 928 13748 0 0 0 1 348 3022 3592 4198 2736 1131 179 160 113 39 21 15 
3 382 2294 12898 2366 0 0 0 0 0 0 0 0 0 0 0 0 0 2 13 76 219 201 279 413 588 515 743 1026 1635 2277 9956 0 0 1 11 68 961 2706 3589 3838 2399 1484 1092 615 398 292 489 
6 194 692 11853 333 16 8 0 1 3 7 2 13 2 0 0 196 151 180 142 144 168 193 225 236 273 266 192 180 290 895 9399 0 0 20 173 687 1194 1983 2181 2440 1630 501 262 223 260 292 1284 
55 11 73 627 244 117 44 28 22 21 38 15 7 1 5 1 50 18 44 37 59 64 59 68 88 119 202 155 83 58 17 188 398 100 69 71 92 77 74 76 81 79 60 49 22 22 17 22 
66 13 225 1100 665 506 332 199 329 248 51 29 11 7 7 3 125 206 418 492 403 416 307 269 199 201 212 149 78 61 36 219 359 142 259 221 299 249 303 344 369 264 268 194 147 135 79 159 
94 304 680 1035 511 398 353 268 291 126 30 12 8 15 14 19 280 523 815 536 329 305 251 211 148 177 194 150 52 33 24 130 208 97 176 190 428 310 341 385 392 415 342 239 161 116 121 237 
0 3 551 193 34 16 21 31 45 8 1 0 0 0 1 0 3 22 93 44 38 60 34 31 51 90 76 76 68 52 56 110 0 0 0 9 78 114 101 43 35 44 53 62 79 124 145 17 
0 9 693 209 21 4 4 5 10 99 0 0 0 0 1 1 4 14 22 22 38 72 68 43 66 134 123 96 66 52 54 182 0 0 9 31 66 77 84 42 48 53 73 83 100 145 220 25 
0 7 547 144 3 0 0 0 0 0 0 0 0 0 0 0 0 7 15 17 16 25 13 14 26 65 68 95 53 32 38 217 0 0 1 15 11 55 42 30 26 38 56 66 112 98 121 30 
0 1 70 443 27 7 1 5 1 6 0 0 0 0 0 0 0 1 11 28 32 32 48 79 97 89 54 39 16 9 8 18 0 0 0 1 12 343 149 26 14 11 2 3 0 0 0 0 
1 29 948 913 68 10 7 3 10 139 4 0 0 0 1 0 7 33 115 149 200 165 163 149 219 167 122 90 85 83 76 310 0 1 37 140 232 426 257 162 105 98 97 122 152 165 136 3 
0 12 578 978 30 4 3 4 7 40 0 0 0 0 0 0 1 12 117 50 82 108 141 178 253 239 173 113 49 36 20 84 0 0 28 138 360 486 184 61 42 43 31 20 25 62 154 22 
0 1 573 32 0 0 0 0 0 0 0 0 0 0 0 0 0 3 11 10 3 3 13 11 22 39 100 123 99 69 37 63 0 0 0 0 0 2 11 12 23 28 45 66 111 138 141 29 
9 28 119 822 119 55 24 20 14 43 174 95 79 87 31 10 242 297 184 97 117 109 127 171 149 141 60 19 6 1 5 4 0 0 86 113 299 479 175 32 29 43 48 53 105 267 0 0 
0 2 56 297 28 0 3 0 0 0 0 1 0 0 0 0 7 3 3 7 19 17 67 62 61 39 46 44 12 0 0 0 0 0 0 14 84 153 121 7 3 2 3 0 0 0 0 0 
4 12 411 968 107 66 16 12 5 106 121 49 26 12 8 9 128 185 165 216 178 164 259 228 149 113 74 52 17 3 1 0 0 0 103 405 590 309 152 29 31 19 30 34 44 183 3 0 
4 244 2921 580 58 34 16 22 5 7 0 0 0 0 0 0 69 34 33 64 137 128 119 107 128 240 420 683 481 342 293 613 0 43 162 182 221 292 519 604 488 344 319 384 288 43 2 0 
937 120 19 1 0 0 0 0 0 13 11 19 7 6 17 1772 10 21 20 67 164 163 199 244 297 263 211 224 145 145 147 602 252 707 661 1020 241 11 7 7 4 2 4 1 4 1 0 0 
802 165 52 31 0 0 0 0 0 0 0 0 0 0 0 1498 0 9 20 39 86 360 492 440 305 222 144 89 88 59 64 131 0 214 434 365 383 269 169 154 151 166 174 66 2 1 0 0 
802 219 247 109 29 10 11 12 7 13 41 7 6 5 76 2501 107 91 75 72 112 172 223 268 257 283 305 343 313 285 316 873 459 782 1249 709 379 194 119 74 47 51 26 6 0 0 0 0 
834 244 168 18 5 10 1 3 0 0 0 0 2 1 20 3315 31 22 41 322 775 1108 580 376 236 158 119 135 122 110 105 381 137 249 370 396 452 458 436 370 328 424 451 339 184 26 1 0 
2147 468 424 380 12 11 2 0 0 0 0 3 25 24 61 922 2 33 46 131 204 186 213 230 286 275 220 278 236 361 371 1407 1342 1715 502 312 358 147 77 14 8 4 0 0 0 0 0 0 
968 356 595 1263 98 61 73 71 174 288 451 134 56 28 1094 74 2711 1246 1395 250 117 41 11 7 2 1 2 1 0 0 0 0 214 853 1800 1135 574 260 223 260 211 125 94 24 8 3 0 0 
653 512 850 572 62 18 47 32 42 404 239 212 25 3 309 28 1360 1141 808 423 140 63 29 13 8 6 4 2 1 1 2 7 258 911 1217 465 266 234 184 141 96 67 49 34 59 20 5 2 
1576 1016 1927 1559 122 36 66 44 94 1000 349 254 38 5 465 27 3113 1511 1733 1095 560 246 149 56 38 22 10 11 9 7 4 14 97 2142 2634 1009 433 318 329 315 256 213 136 245 373 46 17 15 
195 1269 1720 1081 159 54 65 43 139 1592 190 97 112 10 127 32 786 1151 1222 1281 997 449 467 337 100 45 23 10 5 1 1 10 103 868 1145 1522 693 199 205 152 152 268 263 855 437 22 1 0 
258 296 1054 814 173 80 153 120 127 561 166 66 44 6 80 50 1187 1394 822 355 139 70 40 16 10 3 4 4 2 1 1 0 82 313 721 586 547 287 218 247 290 268 208 177 78 23 2 1 
1096 455 577 278 35 17 124 31 88 556 161 74 24 11 267 22 1995 615 271 265 385 122 67 31 19 7 7 8 7 3 3 11 19 1130 787 272 127 130 137 165 170 187 262 329 48 26 13 14 
1037 595 1838 1075 655 272 101 53 80 54 28 32 14 21 34 846 84 220 472 851 1303 1126 845 707 870 171 36 15 7 6 7 15 79 289 293 265 270 315 466 417 401 384 414 690 775 992 633 52 
1722 636 1645 1460 1152 1012 512 495 249 148 64 16 65 22 123 1427 652 1026 1619 1867 1977 1488 911 434 285 160 67 83 32 40 19 88 741 956 791 541 554 728 804 909 879 734 460 521 497 828 723 82 
1922 1353 1701 1119 1127 934 470 719 137 25 8 4 4 4 13 619 70 403 1172 2533 1822 1498 1383 670 267 143 58 38 17 26 12 47 371 703 782 577 501 613 784 761 707 710 755 787 751 817 480 60 
488 440 2043 1444 339 343 183 50 7 5 5 6 2 9 24 219 73 239 466 773 1275 1173 941 480 94 28 18 9 4 5 4 25 50 213 232 174 165 195 257 255 277 307 316 382 588 1195 885 116 
976 551 1457 810 463 496 825 58 4 11 32 10 50 17 152 1775 89 227 416 611 1296 1236 1419 937 781 368 105 81 25 22 12 62 1206 690 529 467 469 504 478 424 376 302 321 255 309 938 385 34 
1578 692 1113 701 526 569 232 199 63 30 77 12 120 43 117 1980 311 827 942 1145 1648 1321 839 406 284 97 48 60 10 30 7 77 838 775 737 574 479 452 511 544 434 400 426 503 381 568 314 116 
1316 972 2398 833 261 172 111 35 8 3 6 1 1 1 23 1390 259 229 183 243 430 801 1467 1963 1263 387 83 66 25 40 14 78 385 475 441 394 319 323 448 425 417 416 459 462 542 873 1017 135 
1613 704 1294 625 331 222 83 4 0 0 0 0 0 0 5 2318 6 42 110 174 591 847 1559 1891 1398 324 81 43 12 30 12 79 220 356 510 490 681 494 424 530 508 524 425 505 459 571 477 25 
1554 1039 2302 512 282 203 105 30 6 1 1 0 0 0 6 1625 14 179 360 472 1042 1079 1509 1733 1051 179 18 5 3 5 3 14 47 119 243 386 590 377 323 430 489 648 642 677 537 836 1212 110 
1518 560 341 300 53 26 16 2 1 0 0 0 0 11 56 2503 77 183 152 246 340 717 1110 1126 1034 335 22 13 5 6 2 19 17 227 356 370 417 468 410 338 470 539 571 554 416 132 78 24 
1217 703 950 576 261 92 10 6 6 4 1 0 0 0 26 1109 143 271 465 430 554 805 908 916 391 42 9 10 1 2 1 13 45 126 218 297 286 361 308 376 391 365 403 395 370 403 472 145 
78 427 25944 1373 101 5 6 3 9 5 9 1 15 113 26 12 982 663 821 870 865 719 986 1109 1442 1737 1602 1270 1390 1468 2110 10093 11 81 114 60 368 378 326 335 448 4261 4905 7316 4596 2109 1059 1760 
120 1023 43561 173 28 13 12 17 31 19 7 3 10 72 32 23 696 845 1118 1429 1815 1806 1624 1698 1983 2161 2263 2588 2762 3476 5571 13309 95 383 239 51 36 564 1539 4921 6790 5932 8087 4872 4364 3021 1860 2390 
3173 858 2179 4240 4184 720 577 521 781 407 592 7007 2641 831 1487 1747 938 2209 2920 4651 6605 5626 4794 1441 804 606 737 585 29 0 0 0 44 13760 3649 2297 1810 3457 3822 1005 508 376 457 395 179 135 51 0 
8459 1258 1365 832 235 84 95 130 214 124 154 2346 862 664 3093 9166 335 1534 3275 5224 4470 3414 3344 2526 1944 1622 1053 325 15 0 0 0 47 4986 1622 1434 1742 2389 1937 2410 2259 1897 2046 1752 2012 1408 685 455 
4556 400 445 618 99 73 107 133 147 466 1139 1239 1246 1273 1771 5184 337 3210 3319 2099 2006 2010 1615 1074 1154 1177 727 82 27 12 11 36 76 1837 981 1167 1263 1113 1589 2323 1884 1638 1756 1751 893 387 176 62 
3643 482 352 961 1517 621 187 330 783 2040 958 2447 1037 1125 1046 2783 741 2602 3972 3216 2739 2252 1652 1218 711 528 463 189 0 4 1 24 230 4488 2426 1195 1084 1059 1646 1845 1293 872 1107 1050 819 487 525 186 
3934 1332 192 2 0 0 0 0 0 0 0 0 0 0 5 50 24 18 32 58 95 102 167 213 261 385 627 915 1008 842 497 271 282 893 525 349 381 587 581 590 534 547 113 50 26 12 13 32 
1783 1277 358 9 0 2 2 0 0 0 19 54 130 65 871 488 306 93 168 216 242 202 260 217 354 309 365 377 185 291 139 1334 2985 892 537 226 113 78 31 39 33 27 58 33 6 0 0 0 
2192 1210 1458 0 0 0 0 0 0 0 0 0 0 2 4 37 2 24 65 86 581 488 274 246 245 451 688 702 433 264 147 207 50 173 376 321 282 354 463 566 599 432 456 489 245 82 5 10 
0 8 4903 0 0 0 0 0 0 0 0 0 0 0 0 0 0 5 13 17 10 21 17 27 29 61 207 943 1487 1055 577 442 0 102 112 101 89 119 178 247 447 992 1122 1299 45 16 17 25 
0 97 4647 0 0 0 0 0 0 0 0 0 0 0 0 0 0 0 4 11 47 100 170 159 126 214 435 828 816 732 590 512 8 133 101 111 215 566 330 346 415 890 940 531 79 61 13 5 
7 3 60 811 418 26 15 6 43 3 8 2 10 25 2 1 195 77 73 98 106 108 98 93 73 60 79 63 75 76 97 69 0 2 16 94 58 70 93 95 88 96 122 114 172 94 46 280 
217 309 187 241 122 8 5 0 0 0 0 0 0 0 0 7 33 23 37 63 180 217 149 166 108 57 22 21 8 7 2 3 2 48 195 271 198 116 82 75 30 23 3 3 6 9 6 29 
0 0 128 10717 0 0 0 0 0 0 0 0 0 0 0 0 3 36 128 44 29 21 31 51 383 1036 6057 1735 768 453 66 4 0 0 0 1 1 130 538 634 1244 2624 3182 2227 249 8 6 1 
7 8 227 16240 1 1 2 2 0 1 5 1 0 0 0 0 56 50 53 34 20 38 266 914 2838 8517 2865 534 221 75 14 0 0 0 0 0 0 0 56 243 420 670 1437 1432 2441 3691 3820 2285 
26 1 97 15425 10 2 3 0 3 4 26 23 2 0 1 0 283 52 30 30 31 39 220 1019 2576 7198 2401 1232 442 54 15 1 0 0 0 0 3 1 25 79 426 1354 1311 1604 2961 4148 2774 937 
0 0 43 17493 0 0 0 0 0 0 2 0 0 0 0 0 10 11 8 7 6 13 92 1102 2617 6296 5396 1244 545 165 22 4 0 0 0 0 1 3 23 127 361 901 1516 2484 3659 4511 2661 1291 
200 764 2985 28 0 0 1 0 2 17 22 63 34 20 55 115 273 132 162 271 373 334 305 308 342 581 693 352 163 17 0 0 0 0 8 106 186 171 252 512 592 637 901 287 91 67 95 401 
59 330 2394 169 6 1 0 0 3 1 1 8 5 3 18 49 67 66 55 94 125 102 147 244 586 548 392 505 103 13 0 0 0 0 10 27 40 74 395 717 1078 439 174 16 27 11 15 24 
121 321 4250 212 0 0 0 0 0 0 34 53 138 172 206 99 167 149 374 297 211 241 293 386 462 493 659 645 557 420 143 109 0 0 558 307 121 175 439 637 850 878 1050 455 20 7 14 95 
1 100 3476 51 0 1 0 1 0 1 0 2 0 1 0 0 5 8 5 6 15 55 112 138 124 130 151 234 204 228 311 1908 0 0 2 41 68 94 261 312 399 513 837 1064 43 0 0 0 
235 945 3688 59 0 3 4 2 4 32 208 72 53 80 50 94 135 266 345 222 201 282 427 398 244 195 278 195 159 162 223 1797 0 0 89 191 361 292 256 287 369 518 838 1264 768 108 68 120 
116 200 2761 263 0 0 0 0 0 2 5 18 20 10 14 8 100 82 60 47 87 208 254 329 436 387 453 384 303 209 62 16 0 0 3 5 52 150 278 458 529 545 786 519 27 16 16 33 
1213 678 162 43 23 223 12 11 9 262 4490 2448 145 69 37 61 716 39 210 789 1139 1173 1438 876 491 286 197 174 111 162 157 1928 2860 748 783 741 932 1221 1374 438 247 227 128 91 57 39 0 0 
1858 1777 603 300 110 112 4 3 16 16 41 448 1543 2027 1837 1300 753 1012 1065 963 1395 1256 1118 895 587 579 435 461 329 214 143 790 1200 612 618 1619 2045 1574 877 742 445 461 440 497 337 112 75 341 
2 439 10451 1445 21 11 0 0 0 0 0 0 0 0 0 0 0 8 88 346 1073 1688 1890 1872 1412 1035 748 604 437 370 296 502 19 23 41 229 332 763 696 572 477 467 457 499 616 640 885 5653 
9 177 12009 1829 10 0 9 1 11 7 0 0 6 58 6 1 191 87 338 508 592 738 1162 1020 1381 1240 1319 1532 1321 1160 763 781 0 0 98 545 728 851 1202 1191 1175 1157 1212 854 826 745 889 2660 
1540 636 670 1057 140 408 31 20 19 19 289 197 350 1151 2951 2087 664 122 273 628 895 915 973 957 908 693 483 489 377 429 382 2377 2810 1345 1279 1225 965 860 806 469 380 328 290 249 166 117 73 203 
193 168 91 43 9 1 5 2 11 401 3386 669 72 30 25 72 122 163 205 360 500 691 798 704 447 315 189 151 119 102 78 234 169 242 359 633 729 716 811 615 376 254 145 56 14 9 9 41 
57 23 4 5 2 3 2 0 6 728 4259 182 8 3 4 6 21 15 14 315 663 684 646 535 436 411 364 335 243 206 166 238 140 394 502 506 528 452 470 551 438 523 454 309 25 0 0 0 
57 33 87 42 11 7 2 2 3 211 4169 1345 75 14 18 15 28 51 343 996 677 855 895 736 487 330 215 165 100 76 53 84 121 257 319 537 524 509 564 711 528 454 379 356 389 357 82 4 
732 2259 164 181 83 12 7 3 12 799 3911 729 69 27 36 39 3 19 94 451 986 839 654 639 731 676 648 658 591 603 451 1020 107 412 1266 1543 1242 1322 1076 1004 631 196 65 46 45 26 32 50 
246 94 45 2 0 2 1 0 0 156 4319 906 63 29 41 64 73 38 192 697 1011 373 298 209 259 259 231 311 361 340 315 1001 344 524 1128 701 567 397 443 579 405 347 269 154 63 13 8 26 
560 233 159 178 87 8 5 14 12 595 4611 506 62 51 55 153 22 207 516 822 761 625 559 678 586 521 463 308 234 233 228 526 125 658 515 497 888 731 921 788 511 561 422 420 140 64 30 18 
392 588 201 15 6 1 3 1 9 759 5394 1856 243 50 31 91 76 340 808 1371 841 737 682 814 794 743 592 497 283 222 181 659 226 526 517 725 1273 1547 1308 1372 861 589 349 119 89 75 40 24 
146 527 426 16 1 0 1 0 0 507 3875 743 147 64 64 67 100 180 672 1301 690 651 486 299 227 247 249 228 210 203 189 652 101 492 431 386 451 547 436 559 832 602 632 452 170 116 78 299 
249 358 89 146 197 27 24 15 26 63 1158 1897 160 61 45 72 411 248 255 743 844 421 269 272 267 226 188 114 95 53 40 141 94 292 343 552 355 336 342 299 304 301 311 444 282 42 52 238 
0 1 14349 3237 204 15 11 15 20 20 1 0 0 0 0 0 19 71 103 201 262 510 1129 2294 2282 1859 1878 2513 2538 1634 396 184 59 1637 1931 1724 1811 1618 1553 1344 2176 2695 1248 75 2 0 0 0 
24 208 14053 2786 116 43 39 43 60 855 74 13 0 0 5 0 42 100 155 186 249 374 557 1877 3842 3659 1931 1434 1255 932 731 995 557 2293 1950 1962 1537 1944 1550 1431 1538 1380 1575 310 142 38 59 53 
9 308 1500 2273 76 14 25 21 70 549 29 5 7 2 2 6 53 251 403 418 522 739 525 361 393 327 274 372 183 63 5 7 0 0 0 134 1217 576 301 320 365 362 283 425 428 346 73 66 
0 14 141 1435 24 20 9 8 22 3 0 0 0 0 0 0 1 14 28 18 23 52 114 260 655 386 122 2 1 0 0 0 0 0 0 93 980 426 82 39 26 23 5 2 0 0 0 0 
0 12 414 1441 123 40 58 41 48 36 2 0 0 0 0 0 8 23 64 78 118 107 181 255 252 403 392 236 76 14 8 0 0 0 10 485 778 537 161 69 47 43 39 27 14 4 1 0 
11 144 2218 1283 260 68 54 60 140 1134 45 2 0 1 9 7 69 243 314 528 657 1014 428 451 549 535 406 189 26 14 8 5 0 0 120 594 410 990 678 355 274 217 222 228 244 459 551 94 
0 46 230 896 55 24 14 27 32 38 3 0 0 0 0 0 1 14 69 68 28 76 76 79 126 281 280 151 68 24 14 10 0 0 5 252 685 202 58 65 45 15 19 14 5 0 0 0 
2 265 482 2243 261 95 75 90 186 620 39 8 0 0 1 2 65 191 276 391 359 378 391 242 288 355 436 456 354 130 38 19 0 6 320 1137 922 474 253 291 290 127 145 138 107 87 60 12 
0 5 742 1225 4 1 0 0 0 0 0 0 0 0 0 0 0 4 50 239 401 404 201 135 99 132 131 120 38 13 10 0 0 0 0 114 231 54 48 68 82 115 133 240 319 186 195 192 
14 506 3416 2212 76 42 32 33 73 593 20 8 1 2 3 7 51 181 302 481 832 1007 744 630 856 1034 631 192 60 15 13 9 1 30 325 1071 893 1564 562 284 186 153 228 327 409 464 315 226 
35 608 2427 2782 166 50 34 35 74 148 43 12 2 2 1 8 38 92 208 352 604 722 867 920 771 915 595 183 88 44 13 15 1 36 521 850 1028 1634 667 234 203 141 167 208 220 247 165 105 
0 297 2227 1183 70 31 25 43 69 187 4 2 0 0 0 0 32 91 244 582 897 431 301 332 423 452 273 48 12 8 3 9 0 12 116 198 384 908 267 137 170 221 249 257 357 364 249 249 
1210 1353 787 620 266 76 15 10 7 33 117 668 725 905 1267 1855 68 1762 1575 1406 1210 824 670 586 497 477 298 181 100 95 69 96 299 644 500 771 1047 961 1653 2094 1598 342 5 0 0 0 0 0 
1671 1601 1478 2543 400 30 0 0 0 0 0 0 0 0 92 663 0 2 140 565 692 988 1150 1259 1569 660 350 282 246 226 143 206 331 615 693 577 675 979 1150 1653 1420 357 23 4 1 0 0 0 
0 248 5917 1336 60 0 0 0 0 0 0 0 0 0 0 0 0 0 23 45 327 570 532 809 1541 2723 731 131 80 34 7 8 0 4 178 390 376 553 681 1032 1168 1541 1262 376 0 0 0 0 
29 252 3529 6615 78 42 23 5 3 4 3 1 0 0 4 9 3 51 93 284 1354 1995 1320 663 1483 2466 422 209 119 40 49 46 15 74 441 583 707 528 705 853 820 908 1074 1084 1275 1392 138 0 
802 491 386 945 327 248 140 91 46 271 1548 1381 820 521 1124 983 411 2739 3276 1563 628 461 250 108 106 64 37 51 20 51 16 343 624 458 421 566 702 821 987 1107 1028 1623 1316 195 157 114 5 0 
627 588 605 353 231 82 41 34 10 39 367 1175 534 529 1278 2855 194 1084 2032 965 665 573 514 465 460 490 369 400 315 269 109 444 1001 1149 840 876 875 1016 1057 910 837 511 150 58 63 5 0 0 
0 7 2890 198512 36972 483 134 59 10 0 0 0 0 0 0 0 13 147 615 1572 3430 4662 7365 11337 31794 46519 49581 59331 22013 686 2 0 112 2009 6498 17049 44475 55334 49339 35798 27301 1151 1 0 0 0 0 0 
0 81 1924 208225 40663 3350 313 0 0 0 0 0 0 0 0 0 38 614 847 2185 4427 4178 6971 8928 27072 45169 50833 57384 40157 5406 343 4 109 1524 4832 6774 27876 92869 77406 38137 2821 599 503 324 333 195 167 87 
97 340 1674 178577 28040 3054 227 0 11 2 5 2 0 38 8 16 388 629 1930 4761 5466 8445 12201 16536 22395 32332 41294 34309 25982 5346 76 1 0 23 439 711 11684 27468 44689 81834 20933 6279 3169 2325 2816 3147 3638 2936 
356 3019 12215 63058 79718 10183 1445 429 921 175 23 10 7 13 32 29 1741 4997 6714 13715 26959 54536 47305 13517 1862 287 0 0 0 0 0 0 3775 7218 45216 54785 28507 13801 6542 1296 1052 463 211 205 448 1204 2368 4542 
0 0 804 79896 59346 649 23 0 0 0 0 0 0 0 0 0 0 1 28 125 332 2461 11420 22213 32808 38108 24930 7688 602 2 0 0 0 3 2800 11005 34114 39114 30644 14597 8012 401 27 1 0 0 0 0 
1579 731 2580 129467 10258 595 1076 116 95 5 17 1 1 122 33 20 2633 602 1331 1142 2500 6073 22157 40900 39171 20526 8860 786 13 1 1 0 0 42 8369 23356 22051 15803 26867 35874 10515 668 174 74 80 63 76 2684 
0 211 2921 34283 78939 1189 12 0 0 0 0 0 0 0 1 0 6 79 213 581 2447 5645 12389 27399 38488 24864 5295 149 1 0 0 0 1 978 8748 37195 40150 23888 3655 1637 781 224 56 39 34 26 33 111 
0 180 542 58584 62374 8194 1114 41 6 3 0 0 0 0 0 0 53 248 1527 4668 7066 12238 24666 35562 32613 10412 1900 85 0 0 0 0 0 14 7928 38082 35195 28779 14299 5057 1144 310 80 98 52 0 0 0 
0 17 328 147387 47559 3178 363 0 1 0 0 0 0 0 0 0 0 10 238 2352 4229 8245 9937 16901 25139 38540 53643 35230 4332 37 0 0 0 0 4583 32144 32561 37431 56576 30795 4541 180 22 0 0 0 0 0 
22 66 1058 83403 49529 6095 2134 647 98 1 0 0 0 0 0 0 326 3125 3033 4376 5951 6000 9151 13411 19701 25204 30991 19353 2406 25 0 0 0 929 10329 25473 19501 22862 24527 29701 9181 256 84 66 74 49 21 0 
0 0 74 89394 62362 2040 633 184 12 0 0 0 0 0 0 0 164 1432 1609 2103 5220 8659 8899 18539 34306 45180 21686 6469 432 1 0 0 0 0 639 1945 13314 46497 61334 29253 1705 12 0 0 0 0 0 0 
981 861 4895 104726 79 0 3 0 38 4 4 1 1 89 7 8 1659 353 401 817 1657 4660 7091 8100 8226 7917 8470 14849 26717 18575 2178 27 142 1346 1821 2848 8206 28483 19606 6022 4351 3987 3932 3929 4409 5904 8389 8322 
19 661 3446 26344 17466 19461 3812 5430 5285 348 11 0 0 0 0 0 243 2894 10416 11787 13239 18315 13793 8614 2808 169 5 0 0 0 0 0 0 1638 8221 16648 25848 9639 7848 6370 1556 472 395 363 746 1266 970 303 
2 120 669 5525 1840 85 33 26 19 81 25 3 1 4 3 1 34 112 276 272 569 1088 1433 1094 760 733 603 465 449 335 166 48 0 15 33 163 634 2418 1559 1633 1091 385 178 122 78 76 45 7 
0 17 344 5774 978 10 11 6 0 0 0 0 0 0 0 0 1 40 29 89 237 449 902 1287 1135 939 801 560 330 183 125 33 0 0 0 10 29 855 1574 938 913 663 418 313 302 396 455 274 
0 2 145 7944 161 25 16 18 31 77 0 0 0 0 0 0 25 87 122 177 155 248 310 532 1188 1762 1616 1146 646 321 72 12 0 0 3 24 248 2060 3948 1500 388 137 47 19 28 17 0 0 
0 3 194 4825 775 76 82 83 25 137 3 0 0 0 0 0 7 310 351 426 520 633 755 890 790 563 432 254 129 78 53 12 0 0 0 3 297 947 845 365 265 400 393 399 365 548 582 794 
18 645 294 3640 2615 81 20 0 0 0 0 0 0 0 0 1 0 4 32 299 997 1364 1247 932 656 500 437 323 210 106 68 139 0 2 5 20 245 459 547 411 598 907 1084 1350 995 248 143 300 
1 114 128 3492 583 10 1 2 0 0 0 0 0 1 0 0 4 52 158 222 691 935 547 339 262 254 314 293 145 70 21 25 1 2 9 33 187 228 428 247 194 226 219 232 318 413 569 1026 
25 795 1149 35793 8384 60 5 0 0 0 0 0 0 0 0 0 0 13 58 231 821 1999 2588 2288 2429 2655 3054 3864 4505 4384 4621 12701 6 1540 2731 1988 2245 3901 4377 5069 6796 7480 6222 3051 783 22 0 0 
5 346 572 31437 4586 101 3 0 0 0 0 0 0 0 0 0 0 14 103 320 413 804 1127 1162 1455 1977 2292 3112 3882 4821 5900 9668 228 115 1301 1637 1869 2909 3151 4382 7286 6605 3901 2137 1059 383 76 11 
1 71 1401 35837 6937 531 125 46 1 0 0 0 0 0 0 0 4 136 203 386 889 1124 1486 1490 2079 2755 2853 3840 5809 6489 5641 9766 357 672 1274 1571 2842 4075 4014 4619 5235 7517 7366 3678 1102 360 210 58 
112 130 69 29 14 48 4 2 5 26 518 328 12 3 5 9 45 19 58 90 135 124 120 129 91 76 46 35 21 20 13 292 429 176 179 204 159 62 36 21 17 16 9 6 0 0 0 0 
151 83 67 11 9 18 4 0 0 0 8 61 162 271 260 190 20 69 106 122 96 110 91 78 89 74 59 81 46 54 30 170 228 225 324 204 101 58 34 16 20 13 13 7 15 7 7 23 
2 17 1404 232 0 0 0 0 0 0 0 0 0 0 1 0 11 14 15 26 50 96 134 149 187 137 142 154 182 130 93 136 0 0 34 108 96 136 117 121 132 119 99 93 94 88 113 306 
228 83 153 100 13 51 1 0 0 0 2 0 78 111 359 230 29 28 50 48 93 98 94 88 87 69 73 62 46 68 40 436 482 275 190 162 79 53 40 26 21 12 16 13 8 10 6 16 
0 0 1067 51 0 0 0 0 0 0 0 0 0 0 0 0 0 0 0 14 85 204 274 180 133 101 47 32 24 12 8 4 0 0 0 3 9 16 22 16 19 31 36 53 61 74 98 680 
118 125 78 144 85 12 3 2 5 5 13 89 167 181 151 161 63 125 279 221 102 87 146 111 91 53 27 8 7 4 13 2 3 146 186 96 60 82 61 55 69 68 89 60 70 111 92 91 
0 0 1814 391 0 0 0 0 0 0 0 0 0 0 0 0 0 0 0 0 0 0 0 0 6 29 47 81 82 144 453 1363 0 0 0 22 86 97 148 185 211 303 349 433 239 64 34 34 
2 33 3362 1711 422 46 14 4 2 0 0 0 0 0 0 0 0 1 15 17 25 25 24 30 54 67 96 193 323 530 1065 3131 21 155 750 571 315 370 353 426 326 368 482 620 483 203 101 52 
0 0 2426 1500 245 0 0 0 0 0 0 0 0 0 0 0 0 0 0 0 0 0 0 0 0 9 26 64 117 234 773 2948 0 63 807 599 379 278 350 404 305 309 337 181 118 32 9 0 
0 183 2843 1628 126 0 0 0 0 0 0 0 0 0 0 0 0 0 0 0 5 15 46 138 181 154 148 245 367 439 763 2279 2 156 797 667 441 295 270 305 307 362 287 253 186 175 150 127 
0 0 1860 2743 106 0 0 0 0 0 0 0 0 0 0 0 0 0 0 0 0 0 0 0 0 0 2 22 110 382 1156 3037 0 5 823 1019 792 919 358 214 204 189 171 15 0 0 0 0 
258 602 1216 1548 619 150 83 48 28 93 278 5054 5112 2232 916 288 1673 2877 3395 3469 3889 2227 442 248 228 75 2 0 0 0 0 0 0 0 551 2324 2853 2582 2062 2468 2085 1173 889 500 381 295 124 238 
130 143 108 140 173 52 80 36 76 244 1006 15979 10113 2606 254 150 998 1825 3096 6115 8449 6848 3848 110 1 0 0 0 0 0 0 0 0 6923 9227 5401 3199 2702 1579 826 655 391 221 51 53 28 31 3 
2986 3484 4722 1282 93 5 9 4 2 19 34 2936 3018 2985 2919 2344 816 2652 6640 7393 4708 1466 975 1152 760 229 32 10 7 2 0 0 0 0 91 4152 4157 3121 2843 3673 2666 2451 1869 485 297 305 277 455 
629 586 1290 629 17 0 0 0 0 0 203 3456 5009 5558 4037 3132 264 1476 1898 3110 6258 6963 3714 647 205 11 0 0 0 0 0 0 0 48 6750 6821 3196 1942 1925 1492 1198 828 183 73 27 21 31 11 
85 106 161 133 60 63 37 21 18 153 662 7769 5046 5014 1922 208 542 1411 2097 3927 4992 5706 2564 218 1 0 0 0 0 0 0 0 0 6693 4152 2802 2427 1812 1007 601 619 423 377 283 134 79 33 16 
413 331 364 403 819 1122 260 77 48 109 218 5480 4788 5879 2174 933 1073 2295 2282 3676 4982 5975 2827 296 12 0 0 0 0 0 0 0 0 617 5655 3226 2534 2527 1894 1766 1462 1382 720 381 252 230 260 512 
194 550 1447 1355 97 103 105 102 75 186 158 291 185 182 173 169 1268 551 454 440 528 617 662 497 226 79 33 14 3 0 0 0 0 52 351 487 487 497 445 453 295 455 695 450 467 191 37 10 
275 459 218 547 252 140 126 56 51 138 190 404 265 273 241 232 1545 688 530 387 331 222 135 23 3 2 0 1 0 0 0 0 4 63 899 351 337 432 311 185 153 198 305 233 234 143 14 5 
159 51 15 11 3 2 1 1 13 25 50 39 43 95 461 692 417 624 273 128 93 64 40 12 8 1 1 0 0 0 0 0 0 32 138 96 74 63 91 108 141 182 220 260 186 68 2 0 
290 377 618 142 51 24 40 39 117 402 122 190 59 115 35 508 411 473 520 331 289 379 288 215 129 52 20 11 5 3 2 1 296 952 534 309 172 141 166 130 124 106 87 66 32 10 4 0 
645 584 445 235 38 17 66 47 132 350 104 246 127 145 340 863 326 690 797 664 524 521 379 230 119 68 26 28 5 3 3 1 143 826 901 503 265 272 326 246 286 184 123 101 74 57 50 27 
415 554 682 98 65 29 52 59 49 311 239 277 172 84 164 650 519 767 544 404 406 319 268 225 241 149 52 6 0 0 0 0 0 305 1588 953 223 215 154 78 60 60 115 67 33 31 18 0 
289 440 613 58 33 12 12 3 20 113 142 126 85 26 85 297 238 446 343 257 207 179 171 146 186 132 45 4 0 0 0 0 0 307 1306 540 82 44 14 18 6 11 3 3 5 13 2 0 
20741 13003 5532 1050 47 0 6 2 0 6 3 4 2 9 118 24131 265 467 764 1210 2173 4328 6690 10740 12745 10336 9154 4687 975 75 21 24 0 84 847 1632 4073 4753 3844 3350 3953 5520 7363 9734 8969 7006 2749 777 
10059 5304 1847 766 0 0 0 0 0 0 0 0 0 0 8 14524 4 103 351 1188 3270 5618 5840 5445 4548 2627 1743 927 484 249 71 40 0 0 11 122 453 455 663 1031 1513 2714 6818 8972 5972 2500 770 514 
1591 2876 28865 1887 542 373 16 0 0 0 4 6 5 17 1 0 270 191 259 501 1170 1662 2112 2661 4523 9196 9184 3616 614 176 28 20 0 0 0 56 355 1427 1094 1360 1439 1492 1749 2483 3817 5005 6419 9487 
12 470 35794 2640 230 163 25 0 0 0 0 0 0 0 0 0 57 229 458 662 833 803 1421 2664 5036 7945 8341 5175 2903 1664 1020 123 0 0 0 19 155 1381 1322 1445 2096 2483 2535 3214 4030 5357 8618 6679 
42 277 8219 12004 305 241 160 246 203 127 32 44 18 45 16 14 739 873 365 709 1425 1567 1890 1513 1691 1674 1813 2562 4553 548 63 8 0 3 48 266 804 1277 1491 2071 1576 1807 2176 3069 3306 3213 664 222 
1998 1810 1520 558 413 525 307 435 191 37 7 1 5 3 2 408 311 820 1102 1624 1625 1114 719 417 248 144 53 31 12 0 0 0 0 0 5 197 495 892 1231 1036 944 1212 1327 590 223 63 5 0 
231 260 4609 7165 1267 100 45 28 23 36 36 27 30 45 30 50 653 935 1454 1515 1565 1288 1047 844 970 1369 1392 821 100 23 4 2 0 0 46 116 243 118 295 695 854 843 1402 2167 1994 2401 2238 570 
466 2373 6996 6588 599 77 91 78 37 71 18 10 6 13 21 63 61 689 1106 1190 1365 1370 1467 1921 2202 2115 1823 1429 690 76 3 0 0 0 16 46 256 533 717 1044 1372 1561 2323 3070 2025 2322 2043 179 
330 1806 2426 5118 795 111 42 45 89 11 2 7 10 2 1 23 91 575 1544 1688 1434 870 882 768 963 956 629 335 73 9 1 0 0 0 5 102 126 239 730 618 955 1089 825 1013 1294 2118 1704 0 
6 53 1709 1313 586 102 17 9 15 2 0 4 6 4 4 5 39 446 390 303 237 219 193 194 275 381 318 429 357 44 6 4 0 0 0 68 271 306 249 303 273 346 418 429 484 612 64 12 
368 1091 507 133 38 9 24 4 1 31 1257 3344 2462 1806 2042 774 257 1333 3308 4193 3032 1306 387 57 7 2 2 1 0 0 1 5 13 213 1713 3352 2473 1320 720 690 844 1048 704 525 223 36 15 2 
555 754 726 489 210 17 9 0 0 5 227 1790 2956 2650 1869 814 257 1139 2539 3874 2926 1138 583 321 199 43 7 6 2 3 4 30 56 714 2517 3257 2414 1026 755 625 554 450 306 187 116 81 13 0 
301 270 204 1340 1391 17 3 0 0 0 5 6 8 126 1217 1088 121 552 1140 1883 728 629 591 280 51 1 0 0 0 0 0 0 0 0 5 667 1718 340 352 1305 943 498 121 26 1 0 0 0 
167 336 444 1264 47 19 18 14 9 39 1043 2854 1790 521 215 117 856 1407 1771 2802 1715 284 34 26 2 0 0 0 0 0 0 0 0 402 2667 1928 875 451 347 295 300 250 232 939 211 0 0 0 
5100 2894 1415 412 89 50 0 0 0 0 0 6 52 95 522 3695 199 934 1372 1472 1737 2564 2857 2154 973 59 7 1 1 0 0 0 0 0 3 91 243 974 1459 1997 2727 2825 3051 813 131 16 0 0 
860 301 91 63 41 19 12 28 6 12 7 0 8 12 258 6059 131 185 122 125 207 416 1154 2326 2694 411 5 1 0 0 0 0 0 0 10 815 1071 1555 1876 1643 723 72 11 1 0 0 0 0 
2247 1588 1174 99 1 0 2 0 18 15 27 0 20 85 98 1473 266 86 118 188 420 954 1427 1346 1012 546 227 124 59 38 15 21 1 14 122 375 483 524 632 617 538 632 727 599 376 320 300 587 
26 2412 5374 673 3 0 0 0 0 0 0 0 0 0 0 0 0 2 187 260 468 807 1237 1518 1868 1388 297 132 85 58 46 135 19 71 157 308 419 425 524 652 902 1277 1287 765 407 314 346 615 
2800 1155 1344 172 27 7 4 5 14 57 185 479 416 432 282 1555 422 564 765 1010 783 814 977 1143 913 683 353 128 86 52 34 207 56 158 930 1078 1340 1489 1112 570 349 210 183 144 132 171 243 769 
11 70 4194 1645 0 0 0 0 0 0 0 0 0 9 4 0 135 82 92 119 150 295 619 763 1190 1143 853 377 88 15 5 7 3 20 58 99 244 245 182 143 159 190 213 245 274 432 541 2885 
1072 399 829 363 109 29 16 19 12 42 107 355 536 465 808 2066 317 1302 1233 1053 824 720 618 490 283 154 61 35 26 10 12 89 71 81 255 554 926 991 941 771 650 498 280 239 197 163 147 463 
1530 1150 1487 1240 14 4 5 3 3 4 9 3 1 0 6 1071 43 119 258 294 495 782 885 976 831 730 565 301 93 37 22 99 74 554 1468 955 651 561 414 294 273 244 225 237 207 218 110 45 
1600 1342 2172 876 71 30 20 8 14 13 14 39 41 326 1226 1809 474 676 1033 1226 1620 1263 1044 776 461 262 188 114 85 67 43 269 144 481 1378 1494 1077 797 700 587 517 459 420 290 224 184 170 679 
1342 1533 3824 153 1 0 0 0 0 0 0 0 1 11 284 907 292 375 487 661 895 993 1110 1091 993 521 282 133 77 32 22 92 37 64 160 262 307 324 483 526 538 435 329 375 400 460 558 2798 
1070 486 516 153 23 11 11 19 28 7 10 14 39 223 579 1598 435 522 658 536 607 650 582 357 128 69 39 26 22 12 16 128 71 99 200 280 494 679 507 376 273 222 249 217 158 128 114 720 
1583 1865 1483 3967 270 67 44 1 7 78 211 323 396 154 260 1364 340 760 1687 1944 1524 1352 1450 1181 681 411 185 94 51 52 36 325 206 3539 3030 1128 522 502 504 309 250 268 340 568 359 127 77 344 
2250 1703 1351 576 51 9 12 20 0 15 26 67 93 81 719 3835 314 342 521 704 1046 1194 1886 2025 1362 798 371 174 26 18 9 18 10 305 1074 925 861 861 919 715 765 717 636 606 593 478 458 885 
329 1181 2350 937 30 12 15 6 9 79 538 1062 150 157 294 626 743 1564 1354 1149 1040 707 479 258 195 100 34 28 26 18 15 65 37 197 1183 1383 1061 703 716 752 460 264 275 190 149 117 69 219 
605 650 621 177 90 49 29 46 35 117 308 1804 612 680 1057 1548 823 2494 1422 970 822 777 806 166 46 26 15 11 7 6 5 32 31 155 348 321 600 745 819 1069 662 554 573 596 787 539 300 329 
203 589 542 245 299 36 15 1 1 0 3 4 5 20 23 59 53 101 244 370 345 302 174 140 86 44 30 36 58 49 10 3 0 0 67 94 49 55 117 100 102 110 128 148 155 217 221 482 
58 86 270 310 706 366 137 81 153 219 438 1066 65 59 38 38 339 337 587 745 841 735 185 96 119 32 16 15 17 3 11 12 159 816 718 230 257 309 259 167 178 227 174 132 79 55 50 280 
523 841 1083 632 121 20 11 4 5 5 21 11 13 23 29 213 85 75 94 78 112 170 203 315 280 299 299 344 346 321 270 264 168 112 374 288 185 154 165 166 135 177 190 228 276 413 310 214 
945 719 1002 457 282 34 25 19 29 57 104 86 74 43 88 248 91 168 234 207 216 155 168 153 217 333 511 532 496 418 140 173 279 459 371 295 201 166 160 187 174 201 221 229 245 297 264 463 
115 29 113 44 102 50 28 35 44 57 160 232 194 237 613 258 118 135 268 233 171 150 160 155 211 223 172 97 53 59 15 91 334 306 214 202 171 140 109 115 122 177 127 111 43 26 30 84 
211 13 4 2 13 5 14 28 38 89 60 80 60 114 364 1105 77 85 99 102 133 167 203 240 349 388 207 89 22 15 11 13 177 169 130 142 146 176 191 144 146 142 117 114 91 95 115 105 
426 112 30 12 9 14 23 40 34 32 43 101 88 182 375 1046 61 61 110 122 130 154 149 194 195 289 448 303 121 92 48 90 242 278 277 234 267 245 198 130 105 73 80 86 78 125 63 86 
163 141 245 68 88 57 72 95 245 107 136 221 217 272 447 202 197 240 397 374 243 235 226 297 199 176 111 53 13 6 2 7 60 170 184 161 171 189 200 155 168 117 122 222 191 155 134 377 
16 58 313 341 546 378 265 160 261 617 400 362 27 20 9 7 232 352 687 632 537 353 268 230 264 138 36 27 16 5 0 3 46 492 400 299 230 194 173 145 163 204 276 226 191 230 175 336 
12 45 662 2513 149 61 36 24 15 23 0 1 1 5 0 0 88 160 127 103 136 195 153 141 174 194 476 922 528 127 6 17 2 1 11 26 44 82 115 206 455 406 384 686 501 293 265 70 
1729 890 281 26 8 2 4 12 6 24 27 65 36 80 92 463 220 220 167 194 163 133 146 161 225 334 456 416 409 248 125 128 20 63 163 227 367 344 382 352 327 287 266 321 193 135 268 30 
1 4 425 2992 121 24 5 4 0 0 0 0 0 0 0 0 11 100 146 102 160 170 167 180 198 226 513 843 468 221 41 30 5 16 17 48 84 101 121 221 318 302 426 664 665 361 196 31 
3 36 57 74 26 128 186 244 376 1214 323 39 14 5 6 0 228 206 352 523 600 550 191 61 16 3 1 0 0 0 0 0 0 27 295 315 305 332 237 287 321 339 151 58 18 16 14 16 
47 157 154 52 79 102 150 455 352 1236 281 1 1 0 11 13 97 122 305 469 785 824 364 81 29 11 2 1 1 0 0 0 2 135 383 461 352 316 277 295 358 251 147 62 52 0 0 0 
31 190 609 636 169 148 165 351 270 757 400 19 8 4 6 10 146 997 749 669 739 380 78 10 3 1 0 1 0 0 0 0 0 134 226 212 221 207 246 342 418 354 513 297 301 244 56 2 
0 0 0 789 278 43 1 0 0 0 0 0 0 0 0 0 0 0 65 107 135 222 307 187 78 8 2 0 0 0 0 0 0 0 9 29 30 36 42 125 142 80 126 164 228 69 22 9 
106 287 158 43 14 7 19 94 198 207 195 173 121 150 198 311 30 229 544 632 392 205 141 76 26 4 1 0 0 1 0 0 0 38 184 316 345 205 199 243 247 114 82 83 53 79 82 11 
31 15 5 7 11 16 7 12 89 114 100 138 152 170 485 192 37 248 436 442 258 97 23 3 0 0 0 0 0 0 0 0 0 87 277 231 279 296 155 79 60 33 16 12 7 3 4 5 
125 448 455 708 249 52 35 41 67 108 122 101 113 71 75 90 249 607 584 542 331 396 135 10 2 2 0 0 2 0 0 0 0 0 15 64 163 119 189 338 495 268 227 293 305 246 133 5 
54 55 97 194 105 93 120 151 224 851 449 179 65 28 39 38 124 205 379 491 531 497 397 89 17 7 3 1 0 0 0 1 2 91 96 109 218 229 368 387 402 246 269 183 45 24 31 42 
40 134 179 107 124 102 158 128 301 824 548 277 148 149 189 33 85 392 639 966 780 404 126 32 11 5 1 0 0 0 0 0 0 4 144 271 429 465 488 402 358 306 228 268 65 11 2 0 
284 385 309 132 85 120 234 170 284 511 314 250 210 233 189 139 638 894 1124 794 242 113 42 2 0 0 0 0 0 0 0 0 0 0 12 165 341 479 507 518 390 311 257 144 96 130 246 253 
0 174 333 237 127 280 243 273 321 571 35 3 0 0 3 0 90 404 414 402 416 310 303 140 110 8 3 0 0 0 0 0 0 6 282 593 316 240 212 169 223 263 111 112 68 5 0 0 
373 116 48 25 5 8 4 6 13 140 321 532 546 858 1146 1105 34 234 759 934 958 796 572 359 310 184 54 43 6 2 0 1 125 1043 1736 1167 498 274 129 78 40 35 25 20 30 27 15 4 
115 98 19 6 2 3 6 11 5 39 172 547 665 1193 1302 410 35 200 849 1379 1001 573 278 140 62 37 27 8 2 1 0 1 113 489 1009 1357 641 510 224 103 44 42 29 10 12 3 3 4 
242 232 563 14 3 0 7 8 10 217 343 974 832 783 928 817 71 588 1033 958 1078 873 556 402 249 88 25 18 10 8 6 10 240 1861 733 502 497 518 390 328 187 98 139 336 126 14 3 1 
104 28 42 2 0 0 0 0 3 117 306 255 540 1246 2000 530 30 348 1060 1439 1209 611 280 114 55 27 0 0 0 0 0 0 0 16 421 1127 1141 1192 650 239 98 118 68 32 46 18 3 4 
0 54 4015 5984 0 0 0 0 0 0 0 0 0 0 0 0 8 62 117 160 306 298 249 402 1082 2156 2510 1493 750 281 131 48 0 0 0 13 135 363 1521 1351 1363 757 602 473 498 506 642 1829 
25 54 6494 4027 63 0 2 0 8 1 1 0 2 56 0 1 283 192 218 300 421 715 1082 1033 1035 1675 1765 1202 543 175 77 18 0 0 0 0 158 363 279 643 869 379 400 489 691 835 914 4714 
2518 1615 640 1269 421 0 8 0 14 62 60 64 38 30 114 2619 269 665 961 1106 953 1002 1105 1409 907 644 328 91 17 7 6 2 0 0 677 2539 1643 864 576 754 625 438 395 326 417 142 43 33 
8 111 2241 4855 397 13 0 0 0 0 0 0 0 0 0 0 3 114 109 67 200 318 438 757 916 792 877 1127 1197 616 59 35 0 0 2 256 225 1231 652 438 323 233 259 286 394 487 690 2149 
1237 1763 2134 2355 270 19 5 7 3 0 0 0 0 0 10 1093 4 322 597 934 948 833 980 1385 670 578 625 668 264 85 2 1 0 2 52 280 827 982 1122 867 604 414 415 488 443 493 756 1151 
0 0 2536 1410 1 0 0 0 0 0 0 0 0 0 0 0 0 5 49 78 52 124 376 630 878 835 755 141 12 7 4 1 0 0 0 0 0 0 1 10 34 202 473 320 222 267 380 2038 
6 13 3104 6517 270 0 1 0 5 0 7 0 5 7 5 0 188 99 109 141 228 361 603 604 846 1146 1450 1713 1734 570 146 2 0 0 0 245 261 433 1070 1535 1321 612 429 370 344 362 497 2461 
0 0 318 10820 675 9 0 0 0 0 0 0 0 0 0 0 0 13 48 49 183 611 546 597 694 1050 1661 3659 1985 566 137 23 0 0 46 488 722 2980 3715 1447 927 371 200 248 236 219 124 99 
1 2 965 10114 140 0 0 0 0 0 1 0 0 7 2 0 110 95 91 164 205 238 430 729 882 1042 1995 2345 2426 436 42 2 0 0 48 186 416 517 2175 3347 568 305 378 301 302 440 454 1795 
15 187 2121 7554 353 0 2 0 0 0 7 6 11 28 14 2 588 341 212 214 263 322 615 1235 1775 2029 1348 545 405 280 94 34 0 0 7 450 457 169 260 296 538 401 376 390 496 738 1330 4392 
53 422 1141 5073 385 0 1 0 1 1 12 11 12 34 16 16 489 484 372 455 416 530 781 871 1085 741 434 352 118 31 10 9 0 0 3 74 224 440 846 846 391 377 620 719 525 485 672 956 
694 610 3401 5597 2027 155 166 95 101 195 199 82 83 56 119 198 1227 1370 1478 1222 1246 1624 1311 1448 1202 701 358 193 124 87 71 116 1 317 3852 2349 914 819 728 714 754 650 163 180 160 277 581 1319 
0 0 168 6526 1610 7 0 0 0 0 0 0 0 0 0 0 0 0 50 117 312 576 646 376 414 849 885 1063 1581 1194 217 31 0 0 0 44 500 876 1941 1194 1089 801 571 402 332 349 212 0 
3322 1058 906 515 24 0 1 0 0 0 0 0 11 10 27 542 17 119 470 922 1343 1365 1417 429 148 70 25 29 11 12 9 30 158 1109 1046 801 900 641 536 487 427 254 53 4 0 0 0 0 
273 600 3598 3811 402 246 447 1115 1672 744 39 18 8 0 96 64 1764 3941 1824 1025 744 588 599 719 757 597 285 119 67 40 21 43 34 963 1330 1500 1346 1126 1333 1642 1309 907 671 312 373 170 64 53 
181 229 982 2286 281 231 1045 2464 2002 131 22 10 33 3 129 41 2319 2657 3189 713 478 159 122 122 138 87 40 18 16 12 0 0 30 1791 1500 1220 1066 1046 1250 1340 603 180 35 9 0 0 0 0 
722 685 890 1592 203 144 137 228 806 1155 289 448 264 49 77 209 2302 1951 1610 928 449 239 146 90 73 42 15 26 5 11 0 11 220 1058 1097 889 901 1162 922 608 405 283 135 78 46 43 42 9 
1924 1228 508 101 123 23 113 41 192 171 42 18 14 2 46 242 811 647 668 651 576 465 336 216 170 109 54 32 25 6 5 17 7 640 1318 970 732 487 293 210 103 24 4 0 0 0 0 0 
1432 1542 1438 559 92 108 263 571 320 165 64 13 61 109 468 594 2047 1603 1235 712 514 292 255 148 194 122 113 79 66 58 47 314 750 1484 1336 1061 863 851 800 468 144 38 4 0 0 0 0 0 
115 427 473 7711 518 112 57 37 8 0 0 0 0 0 0 0 5 29 119 149 230 407 396 331 462 572 588 809 749 990 1509 2113 0 0 0 2 137 795 1613 1797 2048 1602 836 481 123 24 0 0 
0 164 352 10881 1731 154 37 15 42 6 0 0 0 0 0 0 0 2 125 317 671 867 885 1165 1118 1042 1066 1458 1428 982 840 1416 0 9 10 15 28 392 964 1151 1070 1463 2260 2099 1948 1740 230 3 
72 203 2709 7735 1466 177 12 4 1 5 1 1 10 19 37 26 28 77 92 82 115 179 326 584 858 1148 1291 1284 1214 1327 1474 2399 334 224 315 292 353 517 973 1500 2800 2524 1601 843 172 24 6 0 
67 338 962 7791 3140 316 48 6 3 7 4 0 1 0 0 0 14 2 5 11 59 298 402 626 796 826 923 1198 1456 1280 1471 3316 202 310 792 847 822 1353 2403 3293 1590 564 254 108 93 45 5 2 
10 231 441 10426 1764 280 32 5 6 22 10 22 6 10 4 9 82 94 58 103 138 96 176 272 678 1266 1613 1601 1478 1738 1548 2337 270 426 436 346 230 562 1306 1393 1932 2554 1429 1802 511 79 2 0 
0 6 48 10028 1162 182 77 5 0 0 0 0 0 0 0 0 0 1 22 173 377 620 889 1068 1579 1546 1326 941 808 812 651 695 12 47 40 47 76 100 658 1192 1030 1177 2261 3053 1693 122 0 0 
121 489 683 3774 6073 1608 497 339 346 121 30 87 31 19 23 31 279 491 1183 1131 1464 1804 1949 1401 1179 986 581 352 283 289 272 628 198 529 425 609 752 723 840 1474 2291 1541 1461 1166 1053 723 426 61 
2103 2211 1720 847 8 2 0 0 0 0 0 0 0 0 0 246 8 113 175 313 572 574 605 747 1183 1449 1210 169 14 1 1 3 1 20 34 69 190 221 269 463 601 802 876 931 1044 1267 295 54 
2 16 4951 766 99 4 0 1 0 3 0 0 0 0 0 0 30 37 46 75 150 212 342 369 688 1409 1787 675 16 0 2 4 1 14 41 48 51 185 159 101 109 161 332 678 1086 2351 521 4 
2230 1800 3239 874 487 68 20 3 3 11 9 0 1 0 15 342 37 146 288 648 1070 1133 1198 1436 1193 1033 574 272 50 7 7 10 12 368 477 572 573 586 489 476 479 676 681 870 870 1392 557 24 
1981 1626 1936 841 108 25 20 4 3 17 21 0 4 0 14 2177 79 206 338 448 627 738 941 1238 1249 1031 913 728 211 22 4 4 27 601 834 778 628 528 454 436 513 567 563 726 858 1083 166 15 
2186 902 871 717 339 28 51 9 2 34 14 19 7 9 67 2686 79 363 492 679 971 1139 1257 1058 816 566 320 126 38 10 4 23 55 1054 858 772 516 510 440 395 389 412 410 432 592 792 299 15 
1368 1509 2982 1910 1115 317 73 37 18 38 45 48 16 8 47 846 137 256 377 667 1097 1496 1535 1346 1150 774 588 538 273 49 19 75 155 1382 1426 1432 782 559 618 426 292 272 316 560 864 940 337 16 
2 14 5397 1300 53 0 0 0 0 0 0 1 3 3 1 1 13 14 18 36 72 79 81 132 394 862 1608 2049 1354 61 1 1 0 0 8 12 11 18 73 148 244 458 759 1220 2349 1381 93 1 
0 38 163 1314 25 0 0 0 0 0 0 0 0 0 0 0 0 0 10 32 53 55 58 68 73 87 95 117 203 305 247 137 0 0 10 249 351 320 264 160 78 57 32 16 3 0 0 0 
0 0 9 2675 388 13 8 5 0 0 0 0 0 0 0 0 0 9 26 28 45 57 94 128 150 243 238 368 495 596 438 183 0 0 16 357 778 929 639 253 45 39 30 7 5 0 0 0 
17 50 126 3814 617 117 72 90 57 9 3 1 0 0 2 4 78 271 218 221 160 168 183 190 253 294 439 664 665 607 384 184 0 0 18 367 892 987 1062 748 345 201 120 56 54 64 38 27 
7 10 16 26 20 17 21 30 65 246 32 10 6 6 2 0 26 44 51 48 58 48 40 33 26 61 44 23 9 2 1 0 0 49 155 37 24 21 25 25 34 19 16 21 19 19 27 23 
8 30 71 124 34 24 11 18 32 165 52 16 2 3 3 4 17 28 25 41 61 68 85 57 54 50 30 31 14 9 4 23 32 253 93 44 35 38 24 15 5 9 4 14 6 10 6 9 
191 61 7 1 0 3 0 0 21 25 12 27 29 26 36 85 6 24 29 43 43 45 50 36 35 27 37 22 18 24 20 65 0 72 98 87 39 32 18 25 30 19 9 22 19 16 13 25 
114 144 62 29 6 4 1 1 5 17 16 18 12 10 49 55 14 24 16 23 25 27 28 39 22 39 31 39 36 44 58 78 3 207 110 43 23 29 13 25 12 18 20 11 5 6 9 9 
86 70 195 224 130 83 73 93 142 455 383 295 297 260 270 136 178 924 1064 630 275 97 19 5 0 0 0 0 0 0 0 0 0 0 198 327 268 378 463 344 343 292 209 131 84 70 37 48 
25 18 32 76 172 71 56 69 138 366 415 287 291 227 269 27 193 677 978 424 181 80 5 1 0 0 0 0 0 0 0 0 0 3 293 275 261 275 298 254 224 234 153 95 62 44 31 37 
32 11 24 26 48 54 37 21 56 286 295 109 63 54 43 44 133 349 390 198 104 29 0 0 0 0 0 0 0 0 0 0 0 52 310 346 199 164 66 27 19 8 7 3 1 1 0 0 
167 129 142 279 93 48 45 25 35 111 56 201 201 345 725 475 145 745 853 584 413 249 80 7 1 0 0 0 0 0 0 0 0 0 59 493 387 257 235 308 375 399 261 129 72 49 39 14 
159 216 296 312 138 24 46 76 122 143 140 116 94 123 698 456 140 557 812 785 584 232 44 4 1 0 0 0 0 0 0 0 0 9 192 815 470 342 280 314 247 208 103 65 48 28 21 17 
436 2394 4152 3233 140 77 24 22 30 45 3 0 0 0 0 0 43 173 115 137 240 350 684 1320 1134 700 669 1076 1096 965 823 1031 58 2687 1530 594 327 253 337 250 302 287 411 472 633 951 961 503 
1445 512 790 3083 222 99 23 4 3 27 26 101 171 461 806 1029 362 942 1018 853 638 636 871 534 696 535 586 440 201 96 48 346 1711 1929 1147 962 637 320 595 569 537 192 75 39 32 36 15 6 
146 870 5746 691 28 3 0 0 0 0 0 0 0 0 2 2 4 23 79 50 91 196 261 433 806 926 1072 933 474 504 574 1062 17 106 156 1280 763 397 355 296 257 265 375 492 806 741 749 433 
0 0 3624 2969 3 0 0 0 0 0 0 0 0 0 0 0 0 0 3 22 78 100 91 147 389 661 726 559 213 481 1182 1944 2 201 1783 967 460 147 113 92 77 80 117 480 512 954 427 184 
2306 886 1093 1615 92 46 22 13 9 5 12 12 36 149 553 2198 156 545 868 891 859 1129 1503 1194 965 353 158 90 87 64 45 140 2195 2122 1649 1064 692 455 311 199 114 71 42 42 22 46 18 5 
0 165 8090 1483 7 6 0 0 0 0 0 0 0 0 0 0 0 0 7 36 129 198 277 480 971 1025 1221 1252 891 1002 976 1286 89 1077 1063 483 439 590 578 521 527 569 619 719 558 645 732 542 
3 46 673 1857 481 53 0 0 0 0 3 4 0 0 0 0 15 33 121 207 233 199 204 168 218 180 152 172 171 228 228 591 157 538 328 192 304 176 186 207 196 181 183 165 157 97 29 24 
0 85 760 1201 318 33 0 0 0 0 0 0 0 0 0 0 0 2 41 91 156 220 171 152 157 137 138 142 135 172 165 518 98 303 252 195 175 191 151 157 123 156 146 133 111 137 42 27 
24 89 337 306 302 50 16 21 34 191 114 25 4 2 1 5 145 235 201 118 114 118 111 79 107 95 90 43 11 17 8 29 96 247 209 194 100 92 74 47 46 42 31 41 76 83 85 58 
9305 1499 667 329 69 63 105 63 18 48 76 605 1488 1846 4189 28496 974 2130 4843 9501 10672 8589 7051 3947 726 187 160 76 10 0 0 0 0 570 18362 13722 6590 3348 2407 1683 990 436 221 101 54 50 69 263 
11800 4515 5624 1175 29 9 1 0 0 2 27 654 1187 5318 6017 20268 524 8271 7763 9070 9839 7011 5680 4689 2711 811 244 11 2 0 0 0 0 1221 13675 17144 6768 3619 4034 4951 3688 1028 191 78 61 59 39 70 
11158 3938 2138 1701 239 8 20 3 4 17 109 1369 2215 4944 7618 24775 1479 8198 9000 7616 6552 6429 7743 7859 3491 1388 444 50 7 0 0 0 0 7048 18659 11320 6681 4226 4064 3903 2300 1048 636 323 38 6 2 2 
12161 4521 1441 186 21 7 17 2 3 7 73 1364 2055 2292 7967 19366 1024 5319 9330 9060 8433 4991 4946 2874 2006 1898 1336 250 16 0 0 0 0 2680 19935 6379 4494 4050 3635 3303 3751 1497 743 446 188 74 92 216 
25709 4299 986 333 103 12 47 12 5 33 308 2727 3973 4883 5670 21063 2072 9227 7768 7730 8995 10502 11869 7642 3375 806 96 51 23 7 0 0 1 6406 28433 13234 4864 4257 4544 4597 1621 889 519 202 87 86 89 334 
25748 18833 9834 1924 345 43 398 78 134 470 1764 8114 3721 2285 2733 7853 8187 14144 13004 13126 13348 9820 4414 2571 2122 1615 1002 516 250 109 35 14 0 13278 32100 7539 4343 4136 4507 3680 3856 3001 1884 1946 591 383 610 2423 
0 0 35 6840 6880 884 777 224 0 0 0 0 0 0 0 0 4 28 79 89 320 1108 1278 1314 2020 2133 2044 1904 1627 1060 477 155 0 0 41 46 239 2383 4482 3112 1691 1167 1076 640 451 213 97 2 
0 0 10 6459 4238 968 785 484 0 0 0 0 0 0 0 0 3 33 75 238 509 1398 1047 1104 1699 1821 1495 1168 912 779 406 257 0 6 77 295 1876 3581 2519 1239 879 549 525 481 421 350 140 6 
0 0 33 7772 4548 2323 605 285 1 0 0 0 0 0 0 0 0 1 46 203 703 2215 1463 1361 1130 1194 1576 1637 1721 1459 692 166 0 0 8 150 3330 3148 1971 1735 1473 1372 953 818 347 189 73 0 
0 0 120 9744 5311 1232 547 172 1 0 0 0 0 0 0 0 18 122 280 265 541 1197 1647 1764 1807 2106 2102 1924 1458 908 501 487 0 7 82 370 2920 4790 5373 2387 492 211 172 122 78 76 40 7 
1032 494 802 192 10 0 0 0 0 0 0 0 0 0 6 247 0 1 36 232 165 244 490 427 341 402 221 120 64 30 0 10 0 5 56 122 161 332 421 317 493 272 147 126 90 83 86 72 
3 0 14 120 90 48 30 24 25 50 86 228 170 210 227 67 5 23 68 274 302 236 127 87 58 53 40 31 26 15 10 37 16 64 228 234 196 191 139 102 113 83 25 1 0 0 0 0 
1 0 1 13 23 18 72 49 62 175 236 168 151 65 9 2 1 2 5 53 218 232 170 138 91 41 29 17 10 10 4 24 14 47 136 190 118 97 91 162 86 63 19 22 0 0 0 0 
4 0 9 52 86 90 118 90 73 109 64 139 9 0 0 0 4 4 32 110 138 149 109 69 60 49 28 28 7 13 9 34 60 155 410 149 22 11 16 4 8 7 1 0 0 0 0 0 
17 154 133 88 66 45 41 64 95 349 401 457 51 16 13 15 43 83 131 216 371 453 256 172 171 58 17 18 8 2 4 2 0 35 280 219 200 177 228 383 216 131 62 36 15 19 4 0 
205 785 630 121 0 0 0 0 0 0 0 0 0 8 19 30 0 50 141 138 114 180 235 222 191 161 89 76 41 44 31 85 5 46 136 207 139 328 310 169 92 84 45 35 44 57 41 60 
169 470 292 173 0 0 0 0 0 0 0 2 5 30 83 103 5 15 21 153 146 162 168 146 137 80 70 71 43 37 25 48 0 12 44 166 314 362 174 38 31 34 24 23 24 40 9 32 
32 202 488 129 44 31 26 46 147 208 968 118 59 38 27 15 66 110 125 180 480 422 277 251 181 191 123 55 31 16 18 52 13 81 202 199 284 313 264 242 191 220 173 123 123 61 27 62 
121 188 158 246 135 31 12 1 1 1 8 226 170 106 60 139 37 147 347 187 153 98 118 135 210 99 45 20 2 1 1 3 499 300 207 118 86 100 85 76 61 17 16 9 11 12 6 0 
239 439 177 68 119 7 22 0 0 2 18 84 44 99 176 73 207 408 409 246 160 80 38 4 3 6 2 1 1 2 0 0 136 276 100 93 115 120 184 202 119 56 35 25 33 48 24 1 
79 84 626 523 272 64 132 99 48 196 397 513 135 143 48 27 385 768 998 761 269 151 41 11 2 0 0 0 0 0 0 0 179 626 399 389 351 291 307 218 176 144 82 49 27 32 46 70 
20 0 8 23 175 24 233 18 18 155 161 551 8 0 1 0 95 335 677 235 44 7 2 0 0 0 0 0 0 0 0 0 90 591 259 177 129 50 40 18 9 6 7 12 2 1 3 1 
161 119 81 45 61 28 35 11 1 28 161 591 215 35 38 34 217 327 615 403 68 11 2 0 0 1 0 0 0 0 0 0 81 294 384 225 182 122 151 109 52 22 18 3 1 0 0 0 
125 355 578 840 390 174 65 22 13 26 47 58 143 307 339 209 379 976 820 522 404 264 162 82 43 16 10 8 1 0 0 4 161 552 410 233 208 213 196 406 478 383 242 119 58 17 9 6 
213 208 388 600 359 352 182 117 71 88 155 492 306 286 293 134 716 1127 1008 491 330 215 158 78 68 29 12 7 0 1 0 4 235 646 319 224 234 237 272 337 343 441 312 245 190 101 59 49 
154 235 196 224 81 18 27 50 31 51 49 199 182 158 145 137 248 290 356 186 164 125 165 145 178 47 15 12 5 1 0 0 396 419 190 150 110 107 105 103 103 26 38 48 36 25 34 47 
141 1232 524 65 6 0 0 0 0 0 0 0 0 0 0 0 0 19 167 317 402 332 214 152 88 57 55 38 28 29 18 52 0 14 14 22 58 77 126 136 175 250 262 294 163 226 125 26 
43 74 101 267 44 14 20 2 13 144 142 33 6 4 10 10 57 45 44 44 55 45 57 38 71 55 39 49 31 35 23 239 332 172 111 94 57 56 47 30 17 7 2 2 0 0 0 0 
65 101 91 170 12 6 1 3 7 81 36 14 14 39 33 42 8 4 19 31 60 74 87 54 60 48 42 51 32 28 14 103 199 181 84 57 35 29 10 6 3 4 8 32 62 5 0 0 
165 90 52 0 0 0 0 0 0 0 0 10 4 11 291 466 8 21 29 35 68 74 105 121 89 89 87 111 98 58 41 55 19 110 186 91 78 67 81 68 84 83 64 59 46 18 15 20 
513 579 183 64 20 8 23 30 2 7 0 0 1 0 69 387 53 87 51 88 147 171 203 174 161 208 210 125 63 38 35 72 26 177 206 158 126 108 139 108 140 121 140 115 138 118 38 28 
568 785 122 43 13 5 15 31 3 2 1 0 2 0 81 436 57 170 219 221 140 140 199 180 143 185 188 103 58 35 19 50 0 108 197 125 95 98 175 128 190 178 259 198 180 115 39 22 
157 267 157 2 0 0 0 0 0 0 0 0 0 0 0 79 0 0 18 32 63 54 54 46 43 47 41 50 64 49 46 55 0 6 87 94 82 109 56 34 22 24 19 29 23 26 21 30 
0 4 1113 1881 0 0 0 0 0 0 0 0 0 0 0 0 0 0 0 0 7 47 90 168 198 251 370 308 240 272 364 683 0 0 98 375 382 467 443 381 250 206 191 158 43 4 0 0 
0 4 1570 2237 0 0 0 0 0 0 0 0 0 0 0 0 0 0 3 29 66 107 131 291 401 452 287 388 347 306 312 691 0 0 1 316 367 333 453 428 367 362 449 475 182 42 21 15 
0 38 1715 2367 0 0 0 0 0 0 0 0 0 0 0 0 0 0 0 117 271 397 314 234 311 328 354 296 256 273 406 563 0 0 0 129 304 382 313 291 298 336 369 344 450 410 445 49 
0 0 1649 1365 0 0 0 0 0 0 0 0 0 0 0 0 0 0 0 1 84 121 195 268 252 216 291 313 203 166 227 677 0 0 7 216 292 464 309 279 255 256 267 237 215 156 56 5 
0 31 1421 788 0 0 0 0 0 0 0 0 0 0 0 0 0 8 16 70 150 139 163 260 238 176 167 134 116 160 133 310 0 0 0 56 168 178 174 271 359 222 145 170 135 126 187 49 
3977 3349 3442 441 7 0 0 0 0 0 0 0 0 0 67 2911 31 735 2734 2935 2912 1773 1257 801 470 210 148 103 31 20 9 25 61 248 1468 2084 2132 1561 1381 1252 1649 1190 566 323 193 74 7 5 
4184 4525 3333 312 3 2 2 5 8 0 0 10 16 26 142 1695 25 281 1267 1694 1423 1863 2055 1814 1209 891 522 470 268 213 130 138 250 856 3378 3406 2506 1392 915 726 464 184 118 45 15 8 0 0 
2141 3173 5492 1016 111 84 85 92 258 197 139 247 79 105 191 752 1195 2554 2686 1835 1868 1400 991 651 432 240 186 115 4 2 1 2 83 655 3296 3003 1110 847 790 1008 856 615 541 521 380 169 92 196 
991 518 226 29 12 4 4 4 7 39 286 561 338 288 297 658 422 884 801 527 463 539 412 129 62 14 6 3 0 0 0 0 0 91 744 598 493 313 254 184 189 197 201 252 240 168 122 216 
303 521 192 21 3 0 11 0 4 60 230 517 270 219 225 304 274 608 821 546 373 136 66 33 14 5 3 1 0 0 0 0 2 210 443 339 254 245 224 193 159 147 98 144 143 153 81 45 
26 131 2765 2647 0 0 0 0 0 0 0 0 0 0 0 0 0 27 362 775 739 932 669 477 424 460 414 183 78 23 6 0 0 0 12 56 233 327 285 333 416 529 736 750 1054 838 0 0 
0 0 3810 5561 19 0 0 0 0 0 0 0 0 0 0 0 0 1 122 260 1089 942 1096 1221 1022 845 1016 781 435 305 128 127 0 246 768 1318 817 745 1018 909 704 732 711 748 674 0 0 0 
0 50 6716 1953 0 0 0 0 0 0 0 0 0 0 0 0 0 0 2 11 248 1550 1706 1008 1090 1038 1178 680 108 70 26 4 0 51 95 211 1183 765 588 666 851 756 888 1119 1524 22 0 0 
34 267 8338 3249 38 43 20 43 35 155 128 161 97 43 25 37 736 292 211 261 512 1245 1578 1074 1241 1625 1910 1015 489 313 125 86 0 31 472 1032 1738 1265 1367 941 930 1032 1339 960 1114 189 127 176 
45 3 4459 3924 4 0 8 0 0 10 53 20 3 0 0 0 328 156 121 203 751 1498 1768 1324 1473 717 175 13 2 0 0 0 0 0 0 27 464 741 679 652 682 1009 1108 1211 1241 480 66 169 
39 200 3492 4307 14 0 21 0 0 44 330 358 51 7 47 8 1187 306 369 710 842 1342 1838 1561 469 262 32 0 0 0 0 0 0 0 22 272 924 1477 2007 1613 903 641 143 128 155 158 329 146 
209 356 2780 5888 73 18 35 16 15 93 878 802 44 13 28 38 2834 872 672 663 663 855 1843 1904 805 173 2 0 0 0 0 0 0 0 187 267 946 1361 1649 1574 1737 908 481 481 493 593 587 22 
57 405 5043 6344 14 3 4 2 2 9 27 41 9 7 21 18 176 122 74 176 851 1663 2152 2271 2060 1190 693 387 136 45 10 0 0 0 423 1125 1083 1322 2012 2959 1543 821 456 208 34 20 0 0 
18 88 2316 4680 36 11 15 5 34 41 56 6 8 1 0 2 260 183 242 242 363 640 2038 1028 975 793 410 143 0 0 0 0 0 0 30 97 1036 984 1145 1300 1172 1326 76 58 51 40 2 0 
2 7 10545 1938 8 0 5 3 1 8 17 2 0 0 0 0 46 54 62 107 755 1347 2372 2079 2067 1594 1158 576 203 67 34 15 0 0 216 608 951 950 899 1058 1171 1330 1707 2236 1385 23 2 0 
0 22 9403 1065 0 0 0 0 0 0 0 0 0 0 0 0 6 14 16 30 287 774 1643 2584 1680 1649 1103 458 219 19 7 1 0 0 144 529 804 603 573 870 765 1181 1514 1838 1620 49 0 0 
17 34 3371 1580 48 13 29 19 21 259 489 35 2 2 3 3 1072 286 194 153 167 245 655 1412 1118 370 82 50 29 45 32 15 0 0 9 329 883 2631 378 208 183 207 194 122 103 146 242 290 
43 136 9305 3377 0 0 0 0 0 0 17 21 0 0 2 0 95 23 75 220 616 1294 1997 1795 1970 2245 1721 775 44 19 10 2 0 1 185 423 1158 1023 1406 1660 2296 2341 2131 277 0 0 0 0 
0 0 8645 1633 0 0 0 0 0 0 0 0 0 0 0 0 0 9 7 61 1214 1059 851 1059 1228 1260 1146 849 618 395 343 179 0 0 9 96 985 1036 920 1063 802 833 893 855 971 1368 442 5 
6 84 9368 3320 10 4 8 4 7 5 7 14 3 0 17 1 96 76 131 104 238 453 709 1575 3139 2986 1957 824 277 130 89 74 0 337 1327 1183 1801 1486 1349 1279 1289 1632 949 66 94 34 17 15 
12 153 6644 1231 0 0 0 0 0 0 0 0 0 0 2 0 12 23 88 555 997 1032 981 1126 919 660 948 493 120 62 9 17 0 0 125 243 533 1139 1018 903 798 683 780 965 829 26 0 0 
