0 20 2037 3647 107 11 0 0 0 0 0 0 0 0 0 0 0 0 1 60 92 104 146 258 598 557 218 615 1562 1022 374 215 0 0 4 37 286 935 1968 833 268 106 308 350 143 454 85 45 
0 11 3147 2855 121 28 0 0 0 0 0 0 0 0 0 0 0 1 44 112 107 102 213 571 645 652 224 427 853 1258 696 257 0 0 0 21 570 1401 1278 480 298 355 543 180 493 311 77 155 
0 53 2720 5689 585 0 0 0 0 0 0 0 0 0 0 0 0 2 21 91 138 121 194 440 944 925 667 1138 1459 1420 1075 412 1 8 50 64 291 2230 1914 1612 787 221 206 366 634 338 143 182 
0 27 1966 2831 912 149 8 0 0 0 0 0 0 0 0 0 0 0 1 12 31 128 279 249 406 673 787 517 756 1072 623 359 0 0 11 33 233 945 1261 1166 650 226 347 407 171 304 65 74 
0 138 1963 3463 873 188 35 0 0 0 0 0 0 0 0 0 0 0 0 7 72 145 216 371 640 695 665 601 1089 1022 694 443 0 0 2 56 733 1230 1199 950 424 345 411 346 295 291 222 156 
0 4 948 2563 1327 413 63 0 0 0 0 1 0 6 0 0 28 23 47 78 108 235 673 801 579 464 538 622 385 380 209 155 0 0 0 0 153 583 1040 872 1318 309 473 162 112 58 56 189 
0 0 824 2180 1369 285 26 2 0 0 0 0 0 0 0 0 0 0 1 39 116 263 557 623 499 392 470 478 611 346 169 122 0 0 0 0 293 522 585 859 1219 631 155 120 96 90 50 66 
3 159 3526 465 67 58 67 54 7 0 0 0 0 1 0 1 6 19 56 113 114 52 65 70 101 174 299 360 300 357 1139 1183 0 0 0 0 87 984 1398 418 356 311 449 268 102 2 2 31 
1 97 2258 3508 10 0 0 0 0 0 0 0 0 0 0 0 5 14 26 83 116 109 113 188 325 528 334 295 337 530 964 1907 0 0 4 27 133 482 834 1177 891 551 400 331 336 394 128 186 
15505 4562 8177 4755 1119 578 517 639 1521 3939 1901 1918 1980 2761 3337 9073 3601 4325 6373 6171 5185 3617 2796 2319 2182 2940 2290 1856 1544 1622 1736 13725 8129 7954 4665 4345 4777 4240 3999 3676 2410 2229 1951 1873 2502 2166 1900 5466 
10473 5281 6008 10117 1743 1008 430 300 317 759 350 3276 6355 6433 6983 9096 1247 3205 8242 12517 8045 7236 6175 4582 2324 1531 1160 1168 1017 1269 1151 8060 9686 2908 6806 5546 6176 6607 5815 4756 3347 2889 3022 2791 2384 1998 1398 2800 
8927 2997 3641 4976 4830 2372 444 101 76 128 1148 3989 3702 3749 6817 12367 2342 2447 7554 9208 6468 5022 4275 3621 2717 3370 1601 1225 959 1355 1496 6604 8674 5936 7087 6089 7811 6822 5452 3350 2134 1489 1272 1549 823 532 334 910 
3541 2291 1632 11064 3214 1997 405 436 643 435 1263 2957 6622 8042 8529 3799 532 1149 6012 21662 9128 5251 3042 3582 2728 1633 465 252 280 445 530 179 32 1070 3343 6151 6472 5555 7106 7293 6441 3756 2779 2886 2117 775 635 459 
4595 1576 10897 3589 347 118 56 29 20 102 1732 7081 7480 6997 7327 2729 2207 1777 5105 11991 7063 4007 3526 2423 2281 1748 1517 1415 956 1251 1167 6241 6307 6414 6412 8683 5269 4517 3083 2744 3091 2293 1978 1882 869 522 386 225 
4156 5417 13880 7243 1067 743 735 830 691 800 2220 2099 2161 2648 3486 1831 799 1807 3178 5241 5355 4058 3677 2961 2941 2127 2738 2465 1974 2045 2291 6350 3154 11737 6956 10562 4998 2545 2488 1720 1452 1458 536 322 302 317 399 1061 
4692 4200 8015 8718 463 191 55 37 57 342 3437 4940 2772 4542 4638 3739 266 2257 8216 12329 6270 4974 3757 3479 2942 1949 838 460 436 510 612 1543 426 1753 3073 7980 6696 4727 3537 3033 2563 3670 3773 3479 2795 1559 1062 712 
4324 4018 13592 16944 3443 396 144 143 79 1098 4272 2902 442 126 743 398 1206 2086 4336 5258 4478 3143 3200 3602 3421 2562 2156 1964 1512 2106 1859 10175 10836 9798 12206 11127 3432 868 705 583 581 873 473 447 389 298 166 282 
1523 18170 20033 4686 443 85 33 66 24 92 144 178 140 217 1503 663 1039 827 1619 3610 4397 8752 7684 5427 2587 1763 1594 1637 1526 1476 1354 2708 665 1721 4642 3207 2429 2469 2823 2728 2340 2100 2224 2101 2588 3836 3588 8539 
4103 3442 2413 5519 672 139 452 837 1738 1008 9320 8213 4660 3927 7548 3440 2543 3369 10120 9886 8970 6479 3575 2040 1353 1271 1451 1352 940 983 840 2259 5449 6186 4515 5143 6696 7383 4950 4244 3038 2712 1807 1406 1374 1087 580 861 
4981 1505 4971 6797 1243 168 239 147 1092 632 6893 7655 5441 5181 6712 3735 2887 3057 7102 12937 8605 5702 4372 3190 2341 1440 1472 1009 598 636 385 1659 5716 4606 4262 5643 5908 6484 4655 4447 3633 3154 2338 1663 1508 1595 847 933 
0 0 44 3635 4017 551 721 104 0 0 0 0 0 0 0 0 6 23 189 625 616 355 514 625 590 541 819 939 1485 1473 245 27 0 2 270 647 600 778 1150 1285 1613 1256 762 601 108 0 0 0 
0 130 426 7546 2692 6 0 0 0 0 0 0 0 0 0 0 10 101 248 409 483 677 744 1121 1249 1117 939 1208 1587 840 56 11 0 9 26 193 369 712 945 950 1184 1484 1715 1602 1179 432 0 0 
0 0 146 9346 1847 290 53 0 0 0 0 0 0 0 0 0 0 0 1 32 321 686 785 1304 1494 1251 1187 2411 2058 148 2 2 0 4 74 101 188 330 911 668 699 1247 1589 2142 2456 1130 143 0 
261 395 1385 1503 93 4 9 6 1 14 3693 2084 254 55 214 87 566 1161 628 2289 4314 588 229 126 89 64 1 1 1 1 0 0 22 252 751 319 620 532 622 749 1215 801 716 461 558 558 724 1158 
218 500 1382 1555 64 9 7 1 0 2 2960 1898 263 27 109 52 575 957 1031 1609 3959 618 267 18 3 9 0 1 0 0 0 0 4 343 598 253 650 750 777 597 902 529 740 558 578 478 591 699 
221 272 1342 809 160 47 36 4 2 9 4262 1857 228 14 170 172 1049 1411 648 1116 4730 466 160 20 5 0 0 0 0 0 0 0 91 1117 538 199 489 595 651 589 583 499 602 561 823 937 838 493 
441 622 300 611 231 129 14 10 11 9 5459 2416 191 28 196 244 426 1433 1024 1044 6406 472 33 13 7 38 9 7 0 0 0 0 0 9 245 339 572 716 992 1170 1410 880 939 1129 983 789 506 233 
219 164 893 929 565 118 0 0 0 10 4836 3099 424 5 184 35 743 1398 836 1204 5927 666 393 190 15 98 1 10 0 0 0 0 229 598 1132 420 768 873 1093 1164 976 771 740 895 1028 547 113 134 
483 80 324 376 375 111 69 90 94 116 1368 2458 297 115 238 81 805 845 1022 1035 1355 865 272 133 131 79 46 24 12 13 3 35 605 1710 1289 685 501 349 293 227 381 344 158 78 50 5 0 0 
593 613 455 156 19 6 30 14 20 67 1313 2601 410 185 137 157 721 751 868 1083 2012 744 218 107 94 49 31 25 20 12 9 32 512 1339 701 527 443 317 360 402 496 534 528 551 45 16 5 0 
699 72 319 640 492 79 88 52 66 336 1084 1782 86 6 103 21 849 1351 1582 794 614 440 132 34 48 20 14 5 7 1 4 30 807 1517 1483 583 201 126 109 96 156 388 144 280 21 14 0 0 
331 118 499 409 615 1368 294 71 76 263 1138 581 102 53 25 41 1002 498 768 1006 1238 888 325 80 65 23 11 12 5 14 8 41 712 633 368 321 969 676 425 316 498 639 225 111 36 45 10 0 
116 54 63 256 1160 1032 71 37 28 94 268 755 110 41 62 165 685 442 354 466 456 515 494 478 311 84 16 2 1 4 0 4 143 594 562 1076 589 310 144 359 497 34 4 0 0 0 0 0 
480 980 845 2259 9544 700 211 172 94 72 34 25 26 11 55 98 1787 1946 1719 1857 2663 2524 1543 1005 404 114 14 10 0 8 0 12 172 355 185 208 254 295 365 496 538 540 564 763 1154 1746 3243 4728 
145 1025 710 2176 7343 1502 1207 418 67 77 34 8 7 5 14 13 903 1499 2475 2131 1835 1559 1573 1227 766 497 140 43 25 16 11 51 149 503 399 336 392 331 384 514 588 713 864 1283 1795 2647 2830 1023 
796 1348 1470 4685 3130 304 202 64 41 134 193 132 203 378 1348 552 1645 1837 2158 2656 2569 1601 1078 608 455 218 94 28 8 8 4 13 299 696 643 515 883 843 892 982 725 584 672 866 802 1066 1597 2915 
976 665 571 308 251 118 248 156 176 1140 1448 2181 2148 1437 1999 698 1968 2377 2135 3012 1803 1031 721 396 294 192 205 167 123 68 21 7 195 2029 1649 1356 1299 1250 1209 1060 866 778 661 577 449 299 285 558 
6 100 1850 8657 5082 577 888 539 82 4 5 2 0 0 0 0 326 850 687 1035 1207 1291 1584 1246 1720 1785 1238 945 641 527 620 2090 1 2 22 706 711 266 546 1342 1441 1969 2295 2615 3098 1510 758 510 
2 63 818 6426 5297 4037 2144 632 81 0 0 0 0 0 0 0 4 69 2393 1969 1972 1657 1807 1209 968 862 847 718 700 660 1027 2638 0 0 68 495 939 771 778 1434 1716 2500 2522 2005 2117 2376 1630 149 
0 0 13 3028 4310 4104 2572 778 647 4 0 0 0 0 0 0 8 170 3237 2798 1970 1463 1826 1204 861 487 323 304 245 169 166 225 0 0 1 15 465 391 168 394 817 992 2188 2218 2814 3272 1639 82 
4 1194 4758 1465 1711 1018 137 453 384 0 0 0 0 0 0 0 41 536 1474 1227 700 627 960 1051 702 588 410 351 345 419 439 1254 0 0 0 171 441 752 767 721 574 714 994 1099 1177 1664 1391 659 
8 720 4609 3256 1415 160 31 33 22 0 0 1 7 5 2 3 63 185 450 777 905 1321 1300 728 633 536 542 430 479 483 556 884 0 0 11 26 49 89 100 215 309 611 1095 2191 3164 1323 614 475 
2504 3214 6094 366 0 0 1 0 0 0 0 0 1 2 30 1849 63 623 2093 2481 2119 1635 1266 895 736 735 604 650 105 21 13 22 47 66 294 1238 1812 1842 1305 1786 2234 1476 1047 350 241 114 81 128 
3750 3578 4583 864 3 1 4 8 15 3 0 2 6 11 9 594 54 227 1044 1200 1207 1887 1858 1695 1377 1217 858 449 138 88 59 73 58 293 1234 2389 2025 1394 1023 1398 1507 944 700 350 38 15 23 40 
1714 2287 4572 1516 126 80 73 86 141 119 91 126 57 41 73 322 1295 1773 2046 1507 1399 1397 857 450 337 181 118 49 9 3 3 0 2 216 889 2668 1361 799 824 924 761 693 641 525 299 152 128 542 
209 407 546 1387 663 400 86 92 104 71 148 901 1345 2035 2218 424 128 427 615 903 1072 2267 2383 608 363 359 370 308 270 285 186 492 472 1003 1106 586 684 1093 1611 1209 1014 756 530 494 247 83 36 112 
172 590 2872 5892 1032 373 157 81 46 42 77 102 71 17 10 9 656 1372 1614 1594 1279 973 863 597 391 346 330 333 341 302 169 383 48 422 619 277 306 728 963 664 668 884 896 890 874 1258 1210 836 
434 1169 2281 4099 1270 274 121 39 29 39 36 62 64 96 105 83 86 672 1328 1263 1021 789 780 695 662 622 431 420 326 357 272 477 36 473 849 498 684 938 1027 859 772 824 758 904 816 338 107 318 
169 551 2834 3191 925 359 202 125 114 92 124 289 239 160 105 100 712 842 775 656 739 922 974 842 1012 682 301 259 189 172 154 348 42 222 655 454 553 1035 1440 1151 835 538 362 395 383 540 489 485 
357 394 1994 982 99 11 14 4 18 2 6 2 5 50 6 0 771 209 385 423 370 237 182 124 131 105 106 87 92 134 212 376 0 196 465 123 122 137 116 91 120 134 139 155 203 164 158 1621 
20 302 478 16896 2168 2116 193 96 41 18 14 0 6 0 0 0 153 366 1321 1731 1652 2142 3355 3196 2515 1898 1516 1257 682 352 106 106 425 1124 1633 835 1851 931 535 590 615 696 797 991 2086 2643 3801 2795 
0 596 1189 19952 1804 530 65 130 61 120 6 0 0 0 0 0 48 315 966 1564 1971 3041 3883 3293 3361 1989 1542 1201 766 267 105 141 138 1660 1283 1453 807 673 720 833 790 909 1398 1521 3065 3312 2896 2995 
9 367 1650 20022 707 242 153 179 12 9 3 6 5 3 2 4 54 629 1197 1139 1174 1439 2562 2594 2010 1748 2732 2985 2036 905 168 1 0 214 685 2009 2300 1914 1979 1749 2195 2389 2014 1736 2215 1055 688 231 
53 556 5067 23883 156 45 14 221 18 9 8 7 5 3 2 4 743 712 991 1280 1864 2603 3805 4355 4087 3252 3087 1870 924 376 100 2 0 178 651 2117 1606 709 1656 1595 1319 1242 1042 1003 1521 2310 4511 8591 
17 186 8915 6582 174 83 88 193 0 0 2 0 0 3 2 5 214 432 546 448 861 2758 3071 2591 1779 1282 1067 714 411 71 4 1 0 17 247 542 931 545 498 929 1352 1417 970 1011 2245 2513 1869 1164 
0 0 172 5235 60 0 0 0 0 0 0 0 0 0 0 0 3 55 50 99 276 274 484 713 924 708 435 633 556 230 27 0 0 43 102 939 936 905 911 943 645 43 0 0 0 0 0 0 
200 370 2116 13425 247 63 2 0 0 0 0 0 0 0 4 112 185 647 725 834 1655 2301 1684 1555 1754 2176 1579 986 371 65 14 8 0 30 321 459 350 437 446 472 445 502 579 829 1034 2122 3061 5452 
35 839 1336 10038 542 4 0 0 0 0 3 0 1 0 0 6 73 189 1060 1285 1304 1371 1776 1830 1484 986 767 568 63 16 7 25 0 0 106 73 305 456 491 453 670 605 629 927 1189 1235 2617 3048 
254 439 855 12534 2294 111 31 428 52 30 13 3 9 2 11 44 266 702 550 1249 1561 2352 2454 2730 2074 1793 852 354 134 26 6 7 0 136 395 360 258 234 276 221 244 306 475 2219 1807 1487 3321 5371 
14 54 529 11912 1195 38 7 18 25 31 1 0 0 0 0 0 157 294 632 1172 1135 1080 1676 2628 2749 1355 393 295 135 76 24 23 0 0 248 407 635 469 421 305 232 178 220 317 473 988 2931 6000 
5 16 480 1168 162 41 40 43 102 50 0 0 0 0 0 0 1 166 193 191 204 384 413 379 175 1 0 0 0 0 0 0 0 0 0 2 13 35 44 74 153 222 319 517 440 257 31 0 
0 6 916 1615 154 47 35 18 8 1 0 0 0 0 0 0 5 83 173 265 251 458 486 525 387 123 36 5 2 0 0 1 0 1 19 30 115 99 97 130 142 260 374 536 497 436 60 4 
23 33 348 514 25 3 3 1 0 0 0 0 0 0 0 0 15 84 100 157 183 118 159 55 22 19 23 8 5 0 1 1 0 0 11 17 20 35 24 39 52 69 88 184 256 150 5 0 
2 65 1322 863 112 40 14 17 27 70 2 0 0 1 0 3 4 84 168 157 223 374 410 467 345 220 72 10 4 0 0 0 0 3 32 86 67 51 97 133 198 282 378 414 459 275 61 2 
0 88 1320 1483 218 46 13 11 13 0 0 0 0 0 0 0 5 60 176 178 343 242 303 420 562 653 173 69 6 2 0 0 0 0 1 28 85 121 169 255 401 539 667 464 335 106 20 1 
415 1525 8453 1607 20 5 6 0 0 6 65 167 58 30 69 102 85 264 884 1359 1237 1272 1278 1546 2128 1274 530 277 83 88 34 189 841 829 397 181 462 1434 1347 912 627 425 396 422 687 1067 1176 1325 
335 2105 14624 942 355 1 0 0 0 0 0 0 9 28 98 1495 19 62 94 431 946 1350 2028 2090 2360 2230 1777 1859 1573 1193 787 1193 16 426 441 725 1012 1272 1147 1005 1078 895 847 920 1095 1580 2720 4813 
6207 6110 2006 704 522 41 2 3 2 6 13 42 36 22 524 2795 28 35 464 1021 1893 2408 2932 2455 2018 1812 1814 1204 573 268 31 79 1095 750 1084 1886 1217 859 563 466 524 693 878 869 1101 1646 3048 2356 
7383 2594 944 130 10 8 12 3 9 12 35 46 92 18 334 6322 59 77 573 1244 1593 2567 3035 2338 2258 1704 1127 731 314 112 31 189 894 678 1971 1643 1498 1469 1340 1098 878 869 684 803 896 1128 1556 547 
3037 8962 2263 15 2 0 0 0 0 3 8 15 4 4 12 63 3 681 1818 1035 959 1034 1269 1701 1399 1881 1740 467 166 112 67 56 77 308 251 298 197 326 630 1228 836 437 452 560 802 1708 1939 4339 
3570 10085 1673 3 0 0 0 0 0 0 0 0 0 0 11 30 0 36 163 477 852 1400 1516 1686 2990 2881 2356 796 163 30 14 12 36 151 849 596 1099 1481 647 452 488 429 469 597 861 1827 2833 2557 
3547 6469 3377 97 7 2 3 0 0 5 25 26 14 9 57 737 51 52 120 145 290 534 1025 1860 3926 3626 1754 649 181 72 28 62 196 482 648 1174 1728 2791 1889 1232 1042 592 418 439 412 662 411 259 
2047 8479 3614 14 8 1 7 0 0 0 0 1 18 2 37 50 12 44 172 338 571 815 1171 1677 2767 2527 1910 1262 683 280 25 24 112 263 535 593 1494 1093 968 1030 744 595 557 693 1094 1447 1397 1663 
2579 1747 2707 28 5 2 2 0 0 2 14 5 9 40 259 4519 45 46 66 270 731 1057 1311 1265 1311 1573 1617 1205 866 502 28 25 251 1266 886 1046 891 639 578 646 724 624 726 568 423 298 754 1598 
12 93 2557 9019 261 24 12 4 0 0 3 1 1 5 2 3 66 148 211 284 556 660 708 584 528 686 1060 1441 1669 1641 1247 508 0 0 424 937 432 655 717 553 646 739 979 1731 2196 1162 374 452 
7 485 1581 8862 79 17 13 8 19 20 1 3 6 10 3 1 164 237 241 297 513 440 400 369 464 678 854 1084 1562 1501 1293 1018 0 9 141 371 601 805 2074 1406 1225 1009 952 1120 632 405 177 188 
30 6 16 46 54 69 59 94 193 633 607 591 611 521 1189 322 262 658 1291 1485 690 284 144 72 46 39 34 23 13 0 0 0 0 8 144 650 859 908 803 446 289 229 194 190 182 110 29 0 
10 31 593 3600 254 94 91 170 314 608 77 49 35 7 5 2 342 565 594 775 712 666 699 644 404 273 145 100 13 3 0 5 0 0 21 176 257 218 798 1087 1093 951 843 128 102 130 90 46 
237 354 636 1590 610 383 219 161 244 953 462 152 64 19 101 45 1776 1662 1439 794 268 146 83 35 16 3 6 1 1 0 0 0 5 44 44 104 149 191 301 1069 2028 1266 417 192 187 181 50 2 
81 68 60 150 130 69 52 213 243 646 360 756 1429 523 728 162 466 872 1884 1800 309 156 97 64 16 4 0 1 1 0 0 0 14 117 176 265 405 476 640 870 1410 542 609 122 23 1 0 0 
169 366 382 332 105 71 119 164 154 453 512 1235 48 1 30 7 615 1129 868 756 559 99 56 21 14 2 1 6 2 3 1 16 94 800 558 431 236 235 263 322 392 293 273 141 76 31 3 0 
123 143 116 91 38 11 21 19 22 427 2142 1162 150 67 151 177 707 921 886 786 651 453 216 109 73 31 13 4 1 4 0 5 44 557 1187 933 501 299 179 100 122 96 180 209 242 166 45 0 
74 95 212 76 43 26 32 90 154 356 515 944 800 415 642 490 296 270 775 1348 981 397 331 215 139 88 54 26 25 5 3 11 34 194 444 689 892 754 687 399 315 235 237 73 11 0 0 0 
64 110 122 189 119 56 58 148 288 574 505 265 30 13 15 24 235 556 458 444 287 217 205 79 40 11 14 13 7 1 2 11 42 315 342 225 192 302 315 195 116 186 226 52 11 25 34 2 
2 0 2 8 14 29 32 112 203 1179 440 80 13 1 0 0 373 295 354 368 248 220 184 57 12 4 0 0 0 0 0 0 0 8 74 143 222 193 180 149 133 141 90 56 86 144 105 391 
15 6 17 96 75 102 131 86 169 199 697 402 73 3 16 1 217 234 335 401 551 280 56 7 4 1 0 2 0 0 0 0 1 68 268 238 205 206 245 279 241 87 25 20 13 14 17 161 
39 21 9 21 37 21 8 22 81 127 242 475 330 137 62 60 294 210 160 331 455 157 36 16 17 11 2 3 0 0 0 0 2 33 69 197 168 157 229 204 146 111 65 17 19 15 25 235 
0 0 0 86 28 26 8 22 54 1028 527 6 0 0 0 0 109 149 112 186 333 340 324 198 33 1 0 0 0 0 0 0 0 17 151 187 121 164 247 314 181 74 33 39 39 54 66 98 
36 94 16 29 129 316 64 57 155 557 468 100 34 27 6 12 288 251 429 272 257 256 224 67 30 17 8 1 0 0 0 0 1 7 26 104 459 242 188 246 228 171 82 31 19 14 17 265 
0 0 52 662 494 79 6 2 0 0 0 0 0 0 0 0 0 0 1 24 65 84 134 218 198 201 212 117 33 7 1 0 0 0 35 84 92 100 129 147 116 114 129 125 96 77 44 7 
1 0 97 1015 407 29 1 0 0 1 0 0 0 0 0 0 6 20 45 58 52 63 86 104 156 370 420 153 17 1 0 0 0 0 0 61 147 117 167 117 129 113 145 105 98 103 86 163 
0 0 60 636 363 29 0 0 0 0 0 0 0 0 0 0 0 0 3 17 16 23 37 82 210 297 236 131 33 3 0 0 0 0 0 102 107 125 114 119 99 92 94 91 64 18 23 40 
0 0 41 1050 500 150 56 3 0 0 0 0 0 0 0 0 0 0 0 0 7 75 213 314 128 235 433 330 57 6 2 0 0 23 213 242 150 92 122 115 92 301 150 121 143 19 17 0 
0 0 427 662 0 0 0 0 0 0 0 0 0 0 0 0 0 4 45 73 110 118 151 129 241 164 49 5 0 0 0 0 0 0 0 0 0 3 66 59 53 60 73 91 130 163 116 275 
0 0 179 1261 0 0 0 0 0 0 0 0 0 0 0 0 0 4 64 171 239 257 393 142 104 39 25 2 0 0 0 0 0 0 0 0 0 0 26 57 73 144 132 110 194 220 245 239 
0 4 554 3433 1717 349 110 128 221 35 0 1 0 0 0 0 8 115 418 961 617 477 500 521 737 692 533 461 259 165 74 14 11 369 1076 645 300 305 966 1004 374 249 219 248 452 327 7 0 
23 31 1011 3691 689 171 71 53 61 35 14 9 9 3 5 4 114 85 113 178 218 268 383 687 975 1024 983 516 206 90 15 25 163 106 365 674 249 238 165 197 249 283 390 533 771 1100 341 56 
65 61 614 4225 198 11 1 0 1 0 0 0 0 1 1 6 11 88 94 250 597 258 484 532 564 660 628 499 304 152 47 16 0 32 59 446 616 204 187 668 441 273 384 457 689 612 114 2 
0 9 92 2787 103 58 49 68 18 2 0 0 0 0 0 0 9 34 66 156 270 256 262 423 460 424 427 236 103 50 7 3 25 179 170 78 69 66 81 84 93 152 241 341 431 736 429 11 
0 2 266 3992 403 171 53 46 17 18 0 0 0 0 0 0 0 12 139 613 688 476 328 397 480 560 549 397 216 86 15 12 102 426 261 404 144 127 179 207 296 375 297 472 493 687 479 19 
6 754 817 2996 396 0 0 0 0 0 0 0 0 0 0 1 0 645 229 184 101 121 207 254 555 632 790 813 330 94 15 0 0 313 992 494 312 209 205 196 191 253 313 541 799 152 0 0 
0 10 552 3049 775 87 0 0 0 0 0 0 0 0 0 0 0 13 232 351 790 662 534 403 440 392 263 209 134 50 0 0 0 0 0 289 710 519 399 406 336 230 327 254 342 646 15 0 
80 194 162 1886 2579 438 100 42 11 4 0 1 2 0 1 8 81 276 109 104 196 477 543 697 798 1090 723 369 38 3 2 2 3 250 1129 2810 276 120 105 257 108 92 84 101 91 82 0 0 
3211 1855 865 128 0 0 0 0 0 0 0 0 0 0 63 1912 1 169 1024 991 786 550 672 482 469 629 538 529 446 305 232 211 78 2092 1687 1265 665 523 577 411 308 286 117 20 3 1 1 0 
3310 707 31 2 0 0 0 0 0 0 0 0 0 0 40 2261 0 89 1691 815 503 406 454 328 560 644 390 194 103 78 54 42 441 1557 1292 516 413 347 381 707 469 211 14 3 0 0 0 0 
2964 1731 334 11 2 1 10 4 0 4 10 0 12 11 95 1841 74 195 1153 864 870 685 523 474 741 544 375 236 102 69 47 78 726 1208 788 734 561 606 585 651 585 429 95 14 11 17 11 9 
3327 1218 426 50 0 0 0 0 0 0 0 0 8 0 56 1704 1 77 454 671 574 768 827 706 780 551 447 425 257 146 60 45 660 1555 1314 769 542 418 604 542 172 138 67 3 1 3 1 0 
4158 990 496 49 0 0 0 0 0 0 0 0 8 0 29 894 0 50 460 668 854 869 878 800 631 425 280 317 147 115 51 79 568 2083 1184 579 418 445 465 457 337 82 6 0 0 0 0 0 
785 323 143 117 103 123 239 140 22 15 7 4 11 32 370 986 77 247 455 456 290 230 240 223 220 311 333 251 78 9 0 0 0 5 51 104 144 208 282 295 324 284 278 258 333 330 395 129 
478 185 149 279 188 77 49 35 16 13 10 49 37 64 262 1473 63 190 270 253 253 364 403 520 482 339 213 14 0 0 0 0 1 75 212 300 288 295 253 276 275 300 311 326 338 78 33 3 
116 463 1045 549 385 347 122 109 17 1 0 0 0 0 8 86 57 167 188 324 440 391 262 208 293 300 245 287 84 1 1 0 0 10 77 160 232 274 233 211 198 154 141 158 168 233 317 682 
673 120 55 66 219 114 167 290 47 12 19 18 34 40 82 1635 129 272 459 262 290 311 305 302 292 356 449 152 12 0 0 0 46 167 496 725 706 408 309 193 130 102 131 98 28 23 12 17 
800 147 329 6295 1108 126 26 52 149 0 128 38 13 11 48 126 373 34 37 69 133 84 63 77 102 148 223 337 399 650 1096 5571 1401 345 312 990 3675 2510 163 0 0 0 0 0 0 0 0 0 
1505 57 187 9412 3879 526 36 0 2 25 264 70 159 10 41 68 1250 2 8 45 253 446 678 939 1083 1359 1522 1763 1587 1522 1152 2632 2920 383 606 355 503 2322 3923 4198 981 46 4 0 0 0 0 0 
446 153 267 6546 1587 410 27 13 6 18 20 7 43 7 31 79 173 0 7 22 85 133 358 659 912 1163 914 847 684 658 845 2200 1344 578 322 171 167 665 1553 2294 1657 676 167 62 4 0 0 0 
720 361 934 11681 1039 290 30 20 9 16 103 42 41 7 41 41 257 283 310 559 615 622 806 1047 1008 1195 1076 1122 1299 1140 1038 2998 1290 531 374 276 403 1697 2072 2651 2213 1225 838 696 766 343 0 0 
322 1056 479 4879 951 124 25 20 26 61 91 39 8 2 10 41 249 135 51 53 28 28 22 61 116 211 327 456 558 940 1306 3593 675 485 938 1548 2344 1171 860 110 3 0 0 0 0 0 0 0 
379 277 459 3718 3588 39 18 32 49 14 0 0 1 12 49 107 10 32 59 68 73 134 409 1560 1245 687 935 824 773 604 455 874 726 352 301 597 961 2141 2246 1381 37 0 0 0 0 0 0 0 
87 289 645 8306 1773 350 111 214 127 157 246 62 37 18 15 26 286 402 238 231 378 518 497 687 1094 1019 885 1046 1322 1144 1093 1623 254 200 381 485 1092 2184 2073 2707 2227 565 135 147 13 0 0 0 
114 0 275 6109 3078 434 106 85 51 7 31 0 10 0 0 0 88 0 40 116 288 666 694 875 859 762 806 671 649 829 1010 1947 294 186 363 514 882 1802 1869 1739 1895 623 102 31 0 0 0 0 
0 72 3788 13060 2681 1 0 0 0 0 0 0 0 0 0 0 0 0 0 0 0 26 113 296 578 804 1487 1354 1350 1342 2346 9906 0 0 0 0 13 136 378 1150 1869 2575 4767 5192 635 702 967 1218 
0 514 2440 9361 5113 5 0 0 0 0 0 0 0 0 0 0 0 0 6 18 49 58 160 395 952 1308 483 365 385 375 1001 11878 0 0 0 0 4 178 824 2753 4480 4460 1621 358 258 297 270 1930 
4 139 2312 15899 966 20 7 4 3 0 3 0 0 2 1 0 128 133 152 123 114 160 157 292 449 766 722 610 1201 3674 5418 5261 0 0 0 0 26 143 296 455 1697 4177 5660 3952 580 489 519 1366 
0 437 2633 8796 6062 239 37 0 0 0 0 0 0 0 0 0 0 6 10 38 153 203 144 138 187 567 1082 990 674 760 2173 11079 0 0 7 56 285 531 1175 1987 2724 2731 3758 1452 607 576 1171 1144 
0 76 1114 7306 7617 1000 32 0 0 0 0 0 0 0 0 0 0 0 12 30 172 424 600 660 687 532 524 1225 1507 958 2125 7689 0 0 1 19 92 189 268 1201 2684 3798 3355 1443 1226 1001 985 883 
0 180 2456 12632 4101 62 0 0 0 0 0 0 0 0 0 0 0 0 0 0 4 118 295 429 526 544 947 1819 1140 1562 3504 8543 0 0 205 237 176 527 533 544 1322 2977 3117 4331 2880 804 1387 391 
0 0 550 14334 767 9 0 0 0 0 0 0 0 0 0 0 0 2 8 9 13 11 14 24 42 124 145 182 154 205 917 13810 0 0 0 34 242 2476 3957 4463 2834 1127 168 155 95 37 38 34 
0 135 1086 11604 2295 0 0 0 0 0 0 0 0 0 0 0 0 0 0 3 15 69 131 235 365 548 464 593 714 1167 1629 9187 0 0 1 10 44 771 2879 2909 3119 2109 1155 863 466 302 233 259 
14 20 478 7365 1959 60 36 25 29 15 21 23 11 18 2 4 392 185 74 51 57 53 62 55 64 59 67 85 149 346 966 7415 0 0 159 624 1032 2229 1339 1524 1856 418 77 31 28 25 54 684 
20 27 430 9838 265 1 47 0 0 62 15 2 12 9 7 0 611 172 174 109 112 123 129 116 100 101 117 139 129 200 631 7772 0 0 20 167 497 964 1645 1676 1951 1470 420 205 130 127 164 1299 
28 9 30 398 335 314 205 137 131 70 13 2 5 2 4 0 102 61 168 326 289 172 118 93 95 80 76 48 15 12 5 23 107 79 82 120 139 103 132 122 101 112 152 128 71 85 66 84 
56 13 118 681 286 182 100 45 44 40 38 15 7 1 5 1 52 57 120 117 88 80 76 73 97 130 219 165 85 59 22 192 399 107 90 112 132 103 112 112 110 91 65 59 31 25 30 54 
32 4 51 628 386 289 197 105 99 117 35 14 8 4 5 2 72 94 173 223 209 231 198 143 132 126 119 61 23 18 22 132 195 57 123 91 98 116 161 184 205 168 171 100 79 64 47 117 
80 191 345 734 251 140 100 69 101 89 27 10 8 10 11 17 135 197 246 194 169 161 147 127 121 153 163 135 51 32 22 130 208 96 151 97 187 142 161 163 159 190 159 145 104 68 60 93 
0 0 597 222 46 17 23 34 48 1 0 0 0 0 0 0 1 13 107 44 50 85 55 43 60 92 76 76 68 52 56 110 0 0 0 3 76 107 131 61 37 45 52 57 80 131 189 19 
0 12 731 275 35 7 6 4 13 130 1 1 0 0 0 1 2 17 27 38 66 96 84 55 73 141 133 98 71 56 62 197 0 0 7 49 121 99 92 51 57 55 79 84 110 159 227 26 
1 10 639 242 4 2 0 1 0 0 0 0 0 0 0 0 0 9 21 20 22 28 19 32 51 99 95 115 59 38 50 241 0 0 8 19 80 76 65 49 40 48 70 75 117 98 123 31 
0 0 133 479 36 14 7 9 5 19 0 0 0 0 0 0 2 9 21 45 54 75 46 82 104 94 54 40 19 14 10 33 0 0 0 7 23 328 146 25 18 23 11 23 39 43 16 0 
0 3 478 422 26 5 5 0 4 29 0 0 0 0 0 0 0 15 46 45 52 44 66 60 71 88 91 73 58 72 43 148 0 0 0 28 38 192 73 76 56 63 62 94 96 90 102 2 
0 6 123 639 16 1 3 2 2 8 0 0 0 0 0 0 1 5 40 24 41 62 72 105 161 119 87 58 17 8 0 0 0 0 2 16 249 265 116 26 21 14 12 7 7 9 42 14 
0 2 584 173 12 5 5 4 6 15 0 0 0 0 0 0 6 8 29 31 41 25 27 19 36 89 106 95 65 83 80 66 0 0 0 12 31 103 66 51 35 40 50 68 78 113 134 25 
0 25 766 159 16 3 2 4 2 43 3 1 0 0 0 0 2 9 23 39 44 69 67 53 59 69 115 135 108 78 51 103 0 0 2 14 78 80 85 50 55 49 66 83 124 156 149 33 
6 8 44 571 30 14 3 3 2 12 17 20 20 8 6 4 43 52 43 34 27 38 75 137 118 130 55 15 1 0 0 0 0 0 1 5 147 366 134 10 11 15 16 13 25 25 0 0 
0 3 70 382 37 4 4 1 0 0 2 2 0 0 1 0 13 6 5 9 31 32 88 94 67 44 55 50 12 0 0 0 0 6 67 38 98 154 121 9 4 4 5 0 0 0 0 0 
3 6 121 474 25 7 3 1 1 2 21 25 15 7 5 4 73 41 14 27 32 53 90 116 114 86 45 16 9 3 1 0 0 0 8 124 375 95 13 10 13 8 12 14 16 29 3 0 
0 11 225 487 27 11 14 4 12 15 0 0 0 0 0 0 0 8 29 32 56 89 91 135 144 75 41 24 17 17 9 39 0 0 56 68 203 172 87 45 29 25 26 20 12 40 23 0 
1 428 2913 582 69 54 39 70 161 240 18 0 0 0 0 0 247 344 54 39 106 278 186 121 128 240 420 683 481 342 293 613 0 43 162 185 227 298 541 639 588 434 352 379 431 281 15 0 
1072 355 152 58 19 10 16 6 85 125 55 65 24 17 43 2146 298 291 123 203 258 309 296 325 325 289 227 232 155 152 150 615 258 777 771 1173 440 208 125 111 117 117 78 19 35 19 0 0 
977 406 452 210 24 5 15 11 62 51 10 27 4 4 18 1612 230 115 85 127 176 530 622 592 362 242 165 111 106 81 93 251 117 292 495 420 488 387 250 205 215 244 331 160 75 180 29 0 
831 332 895 279 58 32 30 36 52 42 43 7 6 5 76 2505 225 245 126 120 146 211 318 413 377 373 380 410 384 312 316 873 460 785 1290 819 544 336 281 203 193 157 76 50 33 2 0 0 
928 374 283 430 171 56 43 57 60 31 11 10 6 8 31 3375 292 238 253 463 891 1187 633 430 271 162 125 143 127 117 115 427 215 288 374 438 537 544 552 529 496 610 594 386 227 82 2 0 
2277 601 1035 1388 73 47 17 13 0 0 0 3 27 25 67 939 61 95 127 213 325 379 433 436 454 419 355 488 405 402 396 1524 1435 1783 586 475 551 402 262 205 167 143 141 333 29 0 0 0 
999 546 691 1315 103 61 83 78 205 2049 467 138 56 29 1095 75 2849 1391 1702 1033 874 75 31 13 8 3 4 3 1 0 2 1 219 934 1863 1167 601 307 250 279 240 204 237 793 874 15 4 3 
650 553 1000 691 83 21 60 38 69 1163 250 215 25 3 310 28 1381 1238 1162 1010 236 65 29 13 6 6 4 1 0 0 1 7 256 887 1241 473 301 249 188 209 145 106 115 310 546 32 29 72 
1266 703 1593 1384 75 27 32 42 61 705 302 214 17 2 273 12 2519 1288 1429 786 365 134 87 31 26 14 6 5 4 3 4 7 76 1729 1968 732 379 290 296 286 233 172 100 247 145 29 16 10 
144 992 1240 628 100 27 32 13 48 603 136 78 106 10 107 26 721 851 723 540 438 284 361 249 63 24 16 7 4 0 1 8 102 703 459 1164 553 150 149 110 107 241 195 255 93 8 1 0 
243 236 724 630 133 45 123 99 132 607 153 59 43 5 78 50 1088 1133 650 294 86 43 29 12 10 3 4 4 2 1 1 0 82 300 681 478 420 222 156 168 182 207 156 180 114 14 0 0 
1056 313 430 940 18 9 120 22 74 370 142 61 20 8 261 20 1726 548 484 486 342 109 73 35 19 7 4 8 7 3 2 11 25 1480 1069 251 120 100 97 90 102 107 159 187 31 21 12 13 
808 339 713 918 699 690 197 221 417 398 72 73 41 58 118 1078 789 1262 1637 1103 805 468 303 205 121 50 19 21 13 10 5 29 139 379 304 326 301 386 481 723 923 732 490 394 354 384 420 104 
1052 625 1686 1271 934 976 482 78 92 61 31 33 16 21 34 848 141 323 633 1076 1413 1384 1032 821 975 236 58 52 13 30 10 43 418 591 429 472 393 347 531 502 508 495 440 708 773 923 666 44 
1620 597 1281 1048 740 720 348 395 167 38 48 9 56 17 116 1248 392 719 1274 1471 1539 1207 792 362 255 142 61 73 28 35 18 80 674 782 626 444 474 652 673 677 541 593 412 421 371 585 489 34 
1796 1133 1259 800 640 528 256 437 88 19 7 0 2 0 9 610 65 384 986 2126 1263 941 968 484 160 83 29 28 10 16 9 32 265 447 472 374 418 504 551 573 541 570 650 691 625 581 277 45 
498 461 2075 1531 402 632 380 96 14 22 8 10 5 11 26 219 63 248 585 989 1488 1279 983 497 128 48 25 13 5 8 3 28 77 292 285 237 209 251 414 358 319 339 359 406 608 1210 895 131 
1003 561 1461 797 456 422 1266 63 4 11 39 10 73 34 211 1789 144 235 397 568 1231 1190 1518 1079 990 490 139 88 25 26 12 68 1359 705 469 436 446 490 648 677 442 317 316 249 307 936 376 27 
1682 750 909 525 442 428 190 174 54 29 65 12 85 16 104 1906 298 690 874 1031 1513 1247 756 380 243 107 41 49 11 26 11 94 743 655 597 521 450 467 543 613 496 418 407 461 321 419 201 59 
1459 1105 2451 850 309 210 119 30 5 9 19 3 9 8 46 1668 174 148 150 260 555 957 1649 2178 1442 452 92 71 27 43 14 88 539 467 454 401 348 416 557 567 520 548 559 498 544 819 948 115 
1547 654 1587 685 533 416 128 27 14 0 0 0 0 0 3 2216 3 16 125 403 723 885 1601 1945 1486 342 81 46 17 33 13 91 218 454 546 490 698 497 450 579 596 540 390 488 480 677 668 39 
1445 938 2094 325 334 531 278 21 6 1 1 0 0 0 6 1490 14 153 471 613 929 1017 1398 1622 1027 185 16 3 4 2 3 13 44 93 248 399 554 350 300 444 563 872 581 605 475 763 1092 87 
1519 623 371 226 150 72 148 17 0 0 0 0 0 11 58 2503 136 205 156 309 446 808 1127 1094 1009 334 26 14 7 6 2 19 22 253 427 475 496 499 436 349 473 539 551 528 394 130 94 32 
1127 614 902 552 275 300 188 6 6 4 1 0 0 0 26 1073 143 271 471 551 641 828 858 875 376 40 7 3 1 0 0 9 41 110 361 382 273 317 296 383 390 367 394 397 369 402 460 132 
103 2029 34885 10353 148 13 8 6 13 10 9 1 15 118 31 21 1219 1427 1446 1871 2200 1700 1753 1918 2202 2646 4334 5100 2913 2550 3466 11018 52 252 444 246 532 1066 6886 3207 2012 5578 5675 8351 5807 3088 2080 2487 
134 1798 52379 2428 56 16 13 17 31 19 7 3 10 72 33 24 714 905 1244 1855 2864 3141 2941 3063 3144 3192 3082 3298 3493 4126 6173 13805 117 692 746 426 512 1319 2359 5685 7654 6294 8428 6158 6967 4644 2423 2616 
3753 2975 2697 3878 4331 646 459 391 573 271 595 7027 2695 1170 1966 2411 1140 4017 3714 4770 6739 5935 5094 1582 856 632 745 585 29 0 0 0 44 13649 3163 2391 2001 3403 3725 1150 1377 1380 966 863 892 544 135 155 
8504 1491 2579 2406 1193 861 1250 1068 756 415 155 2346 863 667 3102 9186 736 3112 4877 6778 5502 4197 3727 2711 2120 1665 1061 334 19 1 1 1 63 5120 1842 1634 2025 2982 2664 3074 2957 2571 2762 2736 2864 1858 1098 592 
4608 561 1327 2612 3144 1184 1149 874 717 692 1141 1239 1246 1273 1773 5188 990 5775 5499 3211 2808 2822 2562 1537 1298 1259 765 100 34 18 13 37 80 1844 1203 1745 1845 1914 2620 3124 2632 2403 2702 2877 1487 1041 856 355 
3648 480 357 1079 1665 953 210 312 719 2423 974 2457 1035 1130 1049 2788 826 3423 4099 3217 2672 2252 1652 1218 711 528 463 189 0 4 1 24 230 4488 2426 1195 1084 1059 1554 1947 1748 1035 1079 953 777 625 898 181 
3917 1722 1508 2 0 0 0 0 0 0 0 0 0 0 5 46 24 113 114 302 360 232 381 369 371 434 650 953 1054 872 548 423 288 911 761 401 417 721 687 737 689 741 259 271 253 19 13 32 
1859 1502 1736 10 0 2 7 0 0 2 27 54 131 65 926 485 328 85 171 243 310 345 900 730 384 312 390 383 190 310 139 1586 3250 962 503 258 150 102 137 399 329 562 140 14 0 0 0 0 
2203 1353 2365 0 0 0 0 0 0 0 0 0 0 2 4 37 2 24 72 105 616 506 485 598 328 499 712 725 563 304 161 264 50 186 400 369 317 375 528 950 679 609 546 596 257 87 5 10 
12 132 7017 0 0 0 0 0 0 0 0 0 0 0 0 0 0 5 13 17 62 294 105 243 652 278 257 1009 1625 1232 714 655 3 163 211 165 174 304 639 606 730 1316 1348 1383 61 16 17 25 
0 114 5906 0 0 0 0 0 0 0 0 0 0 0 0 0 0 0 4 11 96 212 361 471 164 225 473 1074 1085 732 591 521 8 141 107 116 217 574 320 413 765 1118 1098 994 82 49 13 5 
0 1 4 40 292 40 1 2 0 0 0 0 0 0 0 0 11 12 7 5 6 3 11 27 42 42 35 30 47 58 34 10 0 0 6 9 14 24 35 31 30 40 60 45 39 14 2 31 
0 0 1 14 272 19 0 0 0 0 0 0 0 0 0 0 0 0 0 0 0 15 12 13 25 32 46 50 67 36 7 3 0 0 0 8 28 39 27 23 24 33 43 51 20 10 0 0 
0 0 0 278 102 0 0 0 0 0 0 0 0 0 0 0 0 0 0 1 3 1 8 9 17 19 49 43 50 53 69 58 0 0 1 5 12 19 14 15 10 8 30 67 124 57 16 2 
1 0 1 209 100 4 1 2 2 0 0 0 0 0 0 0 12 5 4 6 5 8 10 13 20 15 30 29 42 44 44 33 0 0 0 6 6 9 12 11 16 18 30 53 76 37 18 28 
0 2 4 166 65 3 0 0 0 0 0 0 0 0 0 0 0 3 3 3 6 6 14 10 9 23 28 39 43 29 19 5 0 0 2 8 16 25 22 23 22 24 19 32 26 18 1 2 
163 128 26 22 13 1 0 0 0 0 0 0 0 0 0 7 0 7 11 11 35 49 53 68 40 38 21 17 3 3 1 3 2 17 28 51 62 53 43 51 31 15 1 2 1 1 0 2 
157 124 38 22 1 0 0 0 0 0 0 0 0 0 0 0 1 6 9 14 50 67 43 47 50 28 10 9 6 2 0 0 0 0 42 78 60 53 41 34 17 8 2 1 1 1 2 2 
8 26 1744 13257 4 0 0 0 0 0 2 0 0 0 1 0 998 541 1176 520 200 136 93 82 431 1362 6419 1782 778 454 66 4 2 9 17 14 10 181 660 1116 2389 2826 3671 2577 905 439 219 7 
22 36 1082 19526 38 27 28 59 73 67 26 11 1 0 4 0 560 1666 504 280 110 114 373 1054 2975 8566 3236 1009 401 134 18 0 1 3 12 15 33 74 175 617 1922 1477 2233 1561 2524 3862 4081 2410 
146 28 219 19614 191 43 80 30 36 74 114 68 5 1 11 4 4444 590 132 53 52 80 221 1020 2591 7227 2425 1246 454 88 36 5 0 0 1 3 15 22 189 437 972 2476 2092 2210 4400 4158 2767 922 
22 1 156 26443 13 0 3 0 0 1 9 0 0 0 1 0 2881 2081 559 338 557 169 152 1159 2687 7066 6558 1540 643 191 44 24 0 0 0 242 663 177 199 1300 2133 3239 2971 3440 3780 4553 2661 1291 
171 811 3274 32 6 2 4 0 2 30 47 124 45 29 33 70 417 147 200 283 326 327 332 338 381 602 776 371 163 17 0 0 0 0 7 89 129 149 352 600 641 651 916 327 110 71 95 543 
86 710 3216 44 0 0 0 0 0 4 171 87 26 18 18 42 161 254 64 103 121 117 168 215 451 531 915 998 297 27 0 0 0 0 8 77 115 127 560 1313 1379 336 103 18 12 20 50 304 
48 358 2185 157 10 1 3 0 4 29 224 225 18 8 14 28 591 83 51 63 99 89 141 236 582 538 325 408 93 13 0 0 0 0 8 16 19 50 416 713 859 435 184 27 30 15 26 514 
91 262 3861 159 1 0 0 0 0 3 71 193 113 102 119 99 415 164 271 174 155 218 271 352 442 452 565 558 519 396 116 6 0 0 366 161 85 162 407 561 735 776 987 438 28 13 27 328 
91 413 3720 34 3 0 1 2 5 31 593 196 73 45 36 50 237 556 345 128 118 99 123 122 118 157 203 224 236 294 400 1933 0 0 64 69 75 200 466 601 667 737 886 853 154 115 80 326 
131 648 4160 59 0 2 0 1 0 4 2 16 29 85 45 44 19 44 187 101 134 291 377 340 259 241 226 288 244 250 316 1909 0 0 283 127 176 210 359 453 590 769 1031 1152 68 7 1 0 
93 567 3471 38 11 7 10 1 5 38 197 81 25 27 19 46 118 246 174 111 109 161 297 302 216 184 273 188 155 156 205 1741 0 0 49 65 203 227 205 239 315 435 725 1170 738 82 56 127 
183 840 2397 257 0 0 1 0 0 17 77 112 29 17 11 19 304 149 128 175 289 323 354 330 410 351 410 324 214 145 40 14 0 0 2 4 31 107 242 444 601 612 684 556 195 86 68 328 
1623 2510 1568 90 42 232 15 20 26 369 4516 2477 157 107 134 156 977 626 2766 1105 1268 1262 1512 912 524 307 215 186 121 164 158 1939 2870 754 784 749 966 1265 1482 696 577 570 1471 520 860 215 59 204 
1914 1799 803 999 287 114 4 3 16 16 41 448 1543 2028 1869 1428 772 1189 1417 1023 1443 1400 1255 1000 672 656 475 475 347 226 162 800 1200 612 618 1622 2191 1844 1074 869 678 642 661 721 194 93 58 235 
11 483 11164 2156 16 29 0 0 0 0 0 0 0 0 0 1 0 2 90 392 1235 1847 2060 1987 1542 1206 1015 732 487 386 306 573 48 70 90 287 754 898 826 660 656 630 550 547 649 643 895 5657 
9 153 13050 3130 56 0 9 1 11 7 0 0 6 58 6 1 191 84 1116 1809 949 876 1164 971 1304 1202 1289 1520 1318 1160 763 781 0 0 98 471 659 884 1412 1355 1292 1212 1262 1963 1570 770 889 2660 
1540 636 920 3254 408 408 31 20 19 19 289 197 350 1151 2951 2087 664 130 1327 1272 1451 1150 1161 1049 949 701 461 479 369 432 372 2313 2807 1339 1262 1160 1026 917 843 522 419 433 445 442 1145 1145 157 218 
770 396 121 602 363 89 18 7 5 35 237 895 1545 1838 894 462 278 918 1075 1221 960 910 1173 987 581 141 26 7 0 0 0 0 0 2 555 1536 949 574 313 314 326 377 625 604 508 683 511 400 
157 282 151 67 19 6 5 7 14 412 3404 666 58 27 20 37 83 118 211 419 619 735 804 707 448 315 189 151 119 102 78 234 169 240 348 618 988 772 778 551 373 260 143 51 10 5 7 19 
462 733 130 172 140 134 74 9 12 805 4887 221 25 15 26 59 99 166 222 477 964 1282 1202 873 574 476 368 336 246 211 169 239 140 394 505 569 1279 916 841 744 623 700 602 403 91 50 32 15 
181 275 446 416 192 25 4 2 4 214 4286 1697 96 26 34 40 100 198 568 1546 881 921 952 799 568 377 263 215 130 115 103 202 134 311 476 656 648 685 763 1013 612 488 447 426 486 515 226 52 
533 1652 97 196 199 58 12 5 15 813 3947 728 71 26 37 39 5 27 103 448 908 860 747 770 797 655 589 479 420 486 380 754 115 457 986 1288 1006 1295 1208 1185 626 163 24 8 13 15 24 15 
934 849 108 61 2 2 1 0 0 156 4378 931 80 43 133 242 74 115 578 950 1386 488 382 287 333 340 299 396 466 431 379 1016 344 524 1128 771 809 666 705 803 615 582 507 328 110 10 5 13 
1181 574 73 80 22 6 4 14 12 595 4611 506 62 51 57 289 25 250 808 1221 774 547 465 636 587 514 533 459 325 239 228 526 125 657 421 692 1002 745 966 971 549 743 483 545 158 46 21 13 
867 847 218 5 2 1 3 1 9 758 5379 1771 204 37 26 80 47 272 726 1264 891 1046 877 916 822 755 610 517 301 215 172 777 273 604 491 688 1196 1850 1544 1582 826 576 315 105 78 57 23 0 
175 1431 1098 69 10 3 6 1 7 649 4887 1270 200 73 70 79 138 291 868 1618 1034 1037 824 789 493 406 506 477 288 288 244 727 126 517 531 711 1012 861 1030 1215 1175 803 819 539 206 149 88 246 
169 354 64 94 91 14 14 7 6 38 1088 1787 120 40 26 30 230 206 234 764 872 454 274 229 202 146 117 70 48 28 21 47 18 133 230 271 402 441 362 318 317 289 301 436 252 25 27 120 
73 107 14618 4265 1980 1007 201 325 269 1213 220 15 6 1 25 11 278 969 859 660 736 761 1436 2461 2463 2040 2060 2791 2786 2066 576 1394 2467 2231 3506 2424 2127 1929 1729 1381 2209 2743 1290 123 58 59 46 14 
36 258 14247 2952 142 53 56 61 145 2393 119 15 0 0 5 0 45 173 258 388 379 518 1216 2536 3933 3690 1988 1462 1250 918 720 1008 534 2430 2082 2098 1670 2066 1774 1736 1788 1686 1926 434 146 58 29 25 
6 97 959 1839 42 8 15 8 28 148 8 3 3 2 1 5 19 87 201 260 292 349 340 263 250 225 256 372 183 63 5 7 0 0 0 96 793 402 229 171 269 275 197 264 259 151 38 28 
0 8 306 1682 181 87 63 79 118 374 42 0 0 0 0 0 29 93 152 248 375 401 391 431 524 228 59 9 0 0 0 0 0 0 0 231 901 648 266 177 110 124 141 132 98 100 12 0 
1 34 265 2111 104 58 33 51 88 803 53 8 6 2 1 0 14 134 244 333 423 649 224 324 683 422 163 4 1 0 0 0 0 0 0 145 1119 630 214 117 107 121 98 133 182 275 423 54 
0 43 495 1441 121 40 60 52 112 535 5 0 0 0 0 0 5 22 66 170 372 383 218 283 256 403 392 236 76 14 8 0 0 0 10 483 869 556 163 90 64 56 58 61 76 170 244 4 
2 66 2031 903 123 40 28 23 64 480 34 1 0 1 0 0 39 143 169 329 413 576 328 384 449 444 316 159 21 13 8 5 0 0 17 279 169 861 621 293 236 179 184 183 181 319 195 79 
1 155 578 1561 228 55 48 56 109 595 18 0 0 0 0 0 7 48 142 220 299 450 248 218 310 537 496 262 95 35 22 15 0 0 90 680 908 520 242 176 136 38 50 55 76 166 255 12 
0 30 137 2126 170 55 51 56 102 267 14 0 0 0 0 0 30 101 133 179 150 152 140 152 230 343 427 472 354 111 21 13 0 3 168 1024 874 366 132 92 44 41 65 73 71 45 10 0 
0 412 2154 1325 62 23 16 29 47 163 9 0 0 0 0 0 13 47 108 250 482 674 719 557 361 407 362 240 18 0 2 0 0 0 31 166 428 967 589 422 200 190 200 228 321 236 146 116 
6 123 1325 1614 63 29 19 28 45 50 5 3 0 0 0 2 9 59 132 361 546 562 371 302 236 249 211 157 73 30 12 2 0 1 20 405 727 138 185 165 114 153 171 276 350 208 203 196 
2 65 2268 1335 37 20 16 19 43 213 0 0 0 0 0 0 26 69 131 282 595 576 323 272 518 622 452 97 34 7 8 6 0 6 134 365 474 1129 263 115 103 107 162 263 313 224 206 154 
0 106 1273 2283 69 34 22 24 46 63 0 0 0 0 0 0 4 45 124 190 264 424 422 424 542 731 476 145 67 40 10 12 1 17 234 468 630 847 529 192 157 109 119 113 123 172 123 86 
1 77 1867 1063 55 26 22 36 69 460 31 3 0 0 0 0 35 85 228 463 853 550 186 206 358 414 262 40 10 8 3 9 0 14 59 77 237 771 239 118 134 178 206 261 375 514 290 237 
1210 1394 862 1004 807 825 259 32 7 33 117 668 725 905 1267 1855 152 2035 1824 1772 1555 1107 891 720 595 497 295 177 97 92 67 94 330 707 901 1505 1297 1121 1892 2256 1608 348 5 0 0 0 0 0 
1808 1839 2760 3124 803 113 14 4 0 0 0 0 0 0 94 673 1 2 327 713 772 1076 1297 1476 1912 1204 811 427 287 311 150 466 852 759 855 911 1113 1416 1455 1913 1560 370 23 4 1 0 0 0 
0 248 6146 2723 500 394 47 31 12 0 0 0 0 0 0 0 4 201 380 303 740 942 762 980 1812 2817 776 161 104 43 16 60 58 113 617 1001 751 998 935 1228 1221 1541 1262 376 0 0 0 0 
340 663 4074 6960 167 145 34 4 3 12 10 22 45 83 326 399 28 230 602 763 1894 2259 1475 770 1580 2528 465 231 146 85 73 158 85 192 773 911 923 802 1060 1185 1078 1153 1147 1109 1330 1401 138 0 
802 502 517 3479 732 538 208 56 38 271 1548 1381 820 521 1124 983 384 2798 3522 1797 1097 1210 852 350 463 520 45 51 21 51 16 343 624 612 615 536 794 1088 1303 1087 1135 1989 1734 615 689 608 91 0 
743 490 434 572 1156 1190 443 69 16 43 369 1175 535 530 1280 2855 255 1321 2469 1635 1306 747 684 636 453 446 386 415 315 269 110 453 1004 1282 1244 1552 1442 1349 1458 1016 891 432 151 53 19 7 0 0 
7 225 12441 229993 51095 3754 410 286 139 17 1 0 0 0 0 0 868 4057 6033 8517 14065 14308 14222 15423 34795 49902 52981 60372 22126 697 2 0 112 2632 15591 25937 51839 62596 56475 43247 34445 5202 285 7 0 0 0 0 
118 1257 12224 302520 49219 4485 633 78 13 2 0 0 0 0 0 8 114 1088 2069 4527 8478 14482 16850 15821 36077 56376 62932 73677 55147 20918 1982 19 112 2509 15335 24617 50234 118255 104203 44672 4925 2006 1341 730 779 327 218 294 
136 1823 7609 209098 37869 4342 1340 646 58 5 5 2 0 38 8 16 400 1724 4994 7518 7841 13072 19445 22318 29753 39063 47345 37303 26728 5412 78 1 0 53 3991 12124 26891 33394 48512 85850 24435 7698 3596 2627 3183 3428 3877 3336 
339 3122 13703 61276 78644 10366 1358 527 1188 253 26 10 7 13 29 27 2005 5412 7641 13980 26114 53571 46660 13368 1850 287 0 0 0 0 0 0 2512 6141 45085 54969 28239 13491 6091 1331 994 432 218 234 463 1530 2730 6428 
866 265 5466 108330 70157 2496 750 89 36 1 0 0 0 5 2 6 4097 579 1152 2284 2321 5668 18669 33280 42824 42889 26242 7853 608 2 1 0 0 61 10593 20779 46455 45141 34184 16076 9169 1179 234 71 75 76 106 4270 
4461 2998 13702 161889 18769 2821 4204 1810 387 9 39 1 1 293 117 27 11920 3588 7124 5093 6489 10313 25963 46783 45786 28625 15463 4053 320 6 2 0 0 208 11902 28694 26868 29690 44517 42632 11702 1155 466 277 301 307 428 12381 
181 3341 6514 69533 57391 10244 2824 3287 470 14 5 1 3 41 13 11 1108 3037 7015 10181 12208 15099 19206 29475 34128 19914 2463 30 3 0 2 4 37 5692 15686 64130 41212 16185 1626 1715 1224 429 333 398 543 783 1491 2389 
4 378 7205 62695 98216 1581 19 0 0 0 0 0 1 0 1 0 6 153 776 1845 8915 12687 19859 37861 48805 30448 8136 608 1 0 0 0 23 6121 15731 48529 51149 34907 7188 2479 2467 1119 141 57 41 39 43 66 
218 3550 13120 91467 70568 11843 2970 991 638 7 3 0 2 0 14 17 656 3896 12014 17391 18531 19754 29774 40184 36810 13584 2694 118 2 0 0 0 3 1387 10366 42786 47321 43317 23350 11990 6958 4157 2055 1050 662 6 0 0 
66 122 4582 176929 63563 7264 2239 3029 1919 290 23 0 2 2 9 1 2880 4281 4700 8071 13771 15863 15758 22813 30374 43547 56124 36762 5041 55 0 0 0 711 8656 42159 42260 50001 68191 38682 6651 2016 619 87 7 0 0 0 
175 347 4127 99102 55262 8295 4282 3364 951 209 25 1 2 2 32 4 3541 8527 7963 8241 11427 10507 10511 14591 20550 25627 31591 20110 2955 39 0 0 0 930 11042 33863 23698 26673 29448 35071 13193 684 592 727 188 50 21 0 
11 16 478 106811 79689 5012 4615 4166 8984 151 12 24 5 3 4 1 182 2385 10735 13126 9875 13128 14186 24456 39250 49655 25224 7342 437 1 0 0 0 0 921 3126 16784 51937 78862 45785 9831 1883 425 238 127 41 17 5 
987 1745 13489 216276 8765 921 161 0 38 4 4 1 1 89 7 8 1697 947 1140 3089 10502 22495 26581 26130 17684 15435 19991 27147 38032 28135 3446 45 142 1423 3452 13233 41330 60049 52210 16329 8224 5852 5148 4781 5406 6831 9371 8715 
19 487 2759 23901 16330 18604 3463 4268 4666 307 10 0 0 0 0 0 239 2481 8661 9838 12020 17385 12855 8406 2768 158 3 0 0 0 0 0 0 835 7313 14918 24462 9080 7337 5840 1301 395 331 299 679 1165 697 162 
1 164 1006 4955 1825 55 28 22 18 80 24 3 0 0 2 1 23 83 219 274 634 1137 1380 1093 719 643 585 449 432 322 159 32 0 0 0 42 467 2545 1496 1594 1108 397 183 132 84 81 48 7 
0 84 1070 6725 1052 30 58 70 1 0 0 0 0 0 0 0 1 212 66 150 398 717 1118 1618 1399 1146 934 620 360 190 127 34 0 0 2 29 767 1229 1774 994 972 703 464 319 306 457 550 524 
1 30 1445 8744 223 72 45 86 123 276 5 0 0 0 0 0 148 356 357 547 819 657 573 720 1280 1772 1617 1148 647 323 73 13 0 0 6 105 798 2906 4330 1740 618 253 113 61 54 51 13 2 
0 44 692 5727 782 82 85 90 41 209 0 0 0 0 0 0 12 340 395 456 620 762 940 1098 935 693 556 413 254 151 97 30 0 0 0 9 772 1173 1178 466 327 432 434 441 427 616 647 830 
27 1871 654 3667 2639 85 20 0 0 0 0 0 0 0 0 1 0 4 43 361 1543 1988 1295 988 710 564 510 365 242 129 74 148 0 2 30 48 260 467 595 572 745 976 1112 1373 1006 307 353 1118 
13 1571 195 3517 583 10 1 2 0 0 0 0 0 1 0 3 4 52 161 326 1350 1663 590 345 265 256 318 295 147 70 24 30 1 3 9 37 189 235 433 250 195 227 221 236 325 427 830 2278 
4720 3076 2553 40755 14738 367 9 0 0 0 0 0 0 0 7 75 1 28 210 766 1636 3024 4383 5418 8035 4925 4639 4951 5264 4900 4966 13154 16 2503 4888 6489 7957 7349 5395 5583 7148 7796 6594 3448 1079 55 0 0 
1557 3159 1499 36192 7854 259 128 86 18 8 4 0 0 0 0 0 2 37 129 444 584 1040 1549 4806 3450 3430 3189 3962 4698 5198 6503 11743 1282 407 1725 2152 3319 5378 4523 5953 10860 7129 4061 2264 1199 423 78 11 
308 1238 2890 41465 9627 835 409 334 86 7 1 0 0 0 0 0 111 156 280 541 1036 1219 1998 2336 3262 3474 3558 5495 7186 7257 6698 12593 4013 1832 2223 2486 5713 6034 4525 4883 5486 7508 7312 3598 987 332 210 58 
181 403 233 38 16 48 4 2 5 27 522 334 16 3 6 11 78 141 356 143 146 130 125 131 94 78 47 34 21 20 13 292 429 177 180 207 164 75 71 48 55 127 89 109 75 15 6 22 
226 198 141 119 25 26 4 0 0 0 8 62 164 273 263 201 38 174 235 173 122 143 96 80 97 82 68 87 49 58 31 177 228 225 342 217 124 104 66 57 81 106 73 29 16 10 7 25 
2 12 1568 524 0 0 0 0 0 0 0 0 0 0 1 0 11 17 115 220 134 140 158 151 186 139 140 146 187 130 98 135 0 0 58 94 122 169 148 140 147 135 119 274 194 88 113 306 
228 76 164 351 41 51 1 0 0 0 2 0 78 111 359 230 29 34 153 120 156 117 104 89 92 70 74 63 52 70 39 430 482 276 196 162 86 57 42 31 31 35 39 41 126 63 9 16 
0 21 1416 282 5 4 0 0 0 0 0 0 0 0 0 0 0 0 0 21 102 247 319 234 179 170 96 93 70 45 48 104 4 14 61 85 114 71 88 91 79 64 53 58 78 82 102 684 
79 53 21 84 52 6 3 1 2 2 13 97 170 180 130 127 24 85 184 171 81 74 135 102 85 48 22 3 3 0 1 2 3 146 183 91 49 39 39 42 46 45 62 45 55 75 54 46 
0 8 2500 1873 387 41 1 0 0 0 0 0 0 0 0 0 0 0 3 13 31 26 44 25 45 85 122 187 230 380 855 2764 31 213 560 813 472 270 338 230 233 326 366 467 315 97 38 41 
0 22 3521 1524 442 52 24 11 14 0 0 0 0 0 0 0 0 3 54 37 31 28 32 82 102 116 152 233 379 581 1002 2778 19 108 663 606 380 510 486 386 302 341 445 590 455 194 94 31 
0 0 2176 1599 221 0 0 0 0 0 0 0 0 0 0 0 0 0 0 0 0 0 0 0 2 15 36 56 119 271 750 2747 0 29 952 545 323 254 321 286 300 309 337 181 118 32 9 0 
0 56 1636 1015 125 0 0 0 0 0 0 0 0 0 0 0 0 0 0 0 3 11 36 69 109 90 72 124 164 211 428 1515 0 47 610 252 143 130 147 166 222 259 208 194 134 116 101 103 
0 0 1322 2220 106 0 0 0 0 0 0 0 0 0 0 0 0 0 0 0 0 0 0 0 0 0 2 6 30 174 795 2641 0 0 325 834 786 585 325 214 204 189 171 15 0 0 0 0 
382 857 1759 2789 910 204 120 49 28 135 501 6036 5657 2688 1131 406 3011 4237 4729 3826 4325 2499 462 262 230 69 2 0 0 0 0 0 0 27 1065 2638 2996 2605 2595 2950 2589 2340 1946 668 563 317 135 218 
188 247 600 7298 2030 324 169 191 835 1106 1103 16188 10175 2630 285 191 3565 6450 6321 7720 8565 6910 3895 125 9 0 0 0 0 0 0 0 0 6923 9368 5484 3267 2765 2855 2285 1128 1999 7150 98 100 71 54 13 
3147 3677 5168 4477 618 17 15 12 13 129 771 4355 3262 3113 2999 2457 1613 4219 8502 9291 5763 1533 1022 1195 791 238 36 15 10 2 0 0 0 0 91 4155 4228 3640 3395 4038 2911 3184 5138 965 656 688 676 465 
947 885 1424 1804 140 0 0 0 0 0 203 3605 5776 6801 4745 3616 1601 2272 2446 4142 7167 7412 3840 799 246 21 0 0 0 0 0 0 0 929 7190 7227 3283 2084 2765 1512 1548 1435 765 466 293 205 141 103 
125 216 750 1493 1606 683 92 68 81 1181 1103 7958 6086 7240 2220 360 1549 3698 4236 5324 6074 7006 3049 259 48 19 0 0 0 0 0 0 0 6693 4802 4677 3081 2321 1621 1008 1105 1335 3910 370 175 89 32 43 
524 536 925 928 4083 2909 465 185 118 172 283 6224 5527 6284 2424 1115 2456 4579 4731 5298 5788 6456 3021 350 23 0 0 0 0 0 0 0 0 676 6463 4414 4628 4828 2656 2027 2126 1578 1028 514 402 365 328 669 
32 15 64 818 190 107 154 202 373 885 357 125 38 19 25 13 571 790 869 417 241 201 283 35 5 3 1 1 0 0 0 0 3 256 531 209 358 381 147 167 231 430 169 154 222 146 13 0 
177 463 836 223 50 50 53 30 10 76 97 196 150 163 156 150 992 349 232 243 276 273 214 159 82 37 21 2 0 0 0 0 0 8 238 286 332 217 162 171 162 240 353 279 282 125 21 4 
268 428 173 453 196 127 132 111 97 132 189 389 263 269 236 229 1516 636 530 436 306 164 94 9 1 0 0 0 0 0 0 0 4 63 890 319 278 433 316 168 145 187 281 229 228 137 10 4 
235 346 194 395 194 72 45 35 55 85 77 50 52 95 461 709 475 788 542 407 282 225 212 87 22 13 7 15 9 7 5 4 0 37 489 366 325 311 243 158 172 215 236 282 191 72 3 0 
341 383 746 261 191 111 121 165 267 423 141 201 65 119 139 513 500 811 830 524 382 387 296 220 136 55 21 14 5 3 2 1 362 1136 556 481 321 526 229 145 126 106 87 66 32 10 4 0 
527 385 173 61 27 13 52 8 80 334 65 172 102 76 315 646 187 480 522 388 349 433 290 161 102 60 25 27 5 3 3 1 143 817 734 307 203 170 173 181 123 64 57 18 18 8 15 5 
542 522 546 131 115 93 220 147 86 282 240 277 174 85 187 773 553 880 754 684 505 329 244 179 145 101 41 5 0 0 0 0 0 230 1563 917 267 280 225 382 162 87 104 69 46 56 31 1 
384 521 768 150 78 48 35 59 122 241 170 130 83 25 90 308 264 566 544 448 314 266 263 160 194 135 50 6 0 1 1 0 38 354 1380 627 114 196 179 91 54 35 80 20 10 21 12 1 
297 611 933 834 122 19 28 39 5 14 14 3 16 29 43 470 87 333 493 559 461 410 392 319 175 131 69 30 9 6 0 3 0 45 453 507 459 573 434 179 112 85 105 100 144 156 97 28 
20362 13524 12774 13936 1546 15 6 2 0 6 3 4 2 9 118 24042 284 796 878 1366 3229 6214 8885 13712 16658 13214 11352 6380 2149 893 298 41 0 85 1616 4848 6465 7323 7754 6685 5992 6859 8017 10059 9426 7293 2951 976 
10643 6683 5650 6571 407 0 0 0 0 0 0 0 0 0 8 14660 5 195 962 1886 4040 6766 7103 6941 6450 4630 2974 1502 710 326 90 42 0 0 304 1552 2049 2374 1984 1919 2700 3799 7695 9503 6398 2826 844 675 
1597 3790 31830 6712 2263 1537 30 0 0 0 4 6 5 17 1 0 287 497 1804 2495 2402 2548 3213 3617 5528 10014 10105 4148 755 255 80 44 0 2 30 100 1108 2918 2591 2764 2704 2659 3364 3277 4312 5439 6714 9810 
12 1326 39614 6194 1899 3384 275 0 0 0 0 0 0 0 0 0 57 486 2428 1877 2574 2987 3472 4138 6092 8663 8802 5405 2913 1667 1020 123 0 0 5 149 908 4321 4139 3908 3740 3370 3601 3734 4096 5388 8665 6680 
278 1513 10027 12866 690 370 328 456 646 256 115 136 92 135 69 78 1384 1598 733 1179 1975 2241 2412 2049 2286 2106 2052 2702 4631 594 85 28 6 94 315 898 1859 2323 2349 2860 2176 2004 2256 3163 3407 3345 721 279 
1982 1567 1085 539 359 391 277 441 189 25 6 1 5 3 2 408 277 551 891 1528 1594 1024 643 375 206 100 48 31 12 0 0 0 0 0 5 191 451 952 1224 951 842 973 1050 483 142 16 0 0 
1089 693 5282 7744 1518 232 147 118 255 94 90 47 54 76 75 98 1589 1252 1729 1778 2009 1761 1295 1111 1116 1450 1459 884 137 32 7 3 0 0 111 548 632 437 478 848 1021 955 1498 2358 2304 2661 2375 1386 
1047 2874 7376 6851 936 396 197 157 211 323 186 196 173 193 166 222 1356 2070 1708 1332 1426 1409 1513 1998 2287 2174 1946 1512 694 76 3 0 0 0 30 96 331 626 961 1545 1817 2025 2817 3512 2349 2555 2283 557 
409 1800 2445 5492 973 326 225 247 460 48 22 98 77 69 140 101 402 977 1967 2102 1611 990 911 795 1002 1004 685 376 99 10 1 0 0 0 5 131 163 285 877 1134 1280 1381 1044 1183 1398 2246 1805 0 
8 85 1909 1795 603 116 32 31 92 290 37 44 16 9 7 8 86 635 558 437 332 283 232 245 360 525 501 477 357 44 6 4 0 0 19 379 437 435 284 354 439 550 515 495 487 612 64 12 
697 1726 1397 1093 302 99 87 45 23 31 1257 3344 2462 1806 2142 1273 439 2897 4004 4466 3303 1686 614 225 92 17 4 4 1 3 4 25 50 269 1877 3784 2737 1456 931 1075 1179 1461 1216 958 494 175 66 56 
555 663 1245 1841 1339 248 57 4 0 5 228 1741 2912 2605 1807 766 333 1849 3538 4525 3114 1277 699 355 217 57 16 7 6 4 3 16 24 515 2364 3647 2733 1155 1232 1598 1317 611 388 227 112 80 13 0 
873 1311 608 1807 1308 60 24 1 0 2 31 461 912 685 2003 2228 218 1124 2589 3133 1867 1354 1081 632 248 47 13 3 0 1 0 4 9 180 1763 2160 2658 711 662 1424 872 444 94 425 818 82 12 0 
178 676 1434 2364 401 406 417 249 43 50 1050 2854 1791 521 216 118 1154 2929 2708 3233 2081 505 105 44 5 3 1 0 0 0 0 0 0 402 2728 2036 1018 741 717 858 1570 827 524 1114 233 0 0 0 
5042 2865 1614 934 131 102 50 41 1 1 2 6 55 94 596 4034 321 1288 1526 1487 1718 2571 2894 2290 1255 150 43 19 6 0 0 0 0 0 9 271 529 1137 1463 2113 2880 2889 3118 904 226 29 0 0 
1080 779 733 245 55 23 25 26 4 12 7 0 8 12 258 6216 156 420 317 247 321 617 1529 2574 2780 474 38 10 0 0 0 0 0 0 10 820 1094 1665 2440 2017 956 403 77 1 0 0 0 0 
2133 1558 1539 448 1 0 2 0 18 15 27 0 20 85 98 1210 266 86 130 365 639 910 1355 1313 1021 547 242 136 66 39 16 23 1 14 128 399 479 590 696 624 626 650 798 583 368 314 297 587 
26 3017 5778 745 4 0 0 0 0 0 0 0 0 0 0 0 0 9 264 793 883 814 1427 1444 1810 1348 305 139 85 58 48 143 25 75 160 314 457 533 706 694 1004 1636 1505 820 481 349 352 459 
2785 1022 1300 772 24 7 3 3 11 44 183 479 416 432 269 1098 413 561 713 866 689 806 981 1165 995 764 378 131 86 53 34 213 56 147 919 1058 1315 1458 1151 604 381 273 241 146 119 124 152 704 
453 608 4841 1769 0 2 0 0 0 0 5 1 1 9 18 147 145 121 198 306 434 600 974 910 1277 1197 905 422 126 45 33 161 99 367 355 251 426 405 309 192 197 214 232 280 300 465 577 3185 
854 342 652 536 264 29 16 19 12 42 107 355 536 460 768 1890 317 1301 1220 1005 718 744 723 438 178 78 39 23 17 6 6 69 65 74 225 590 984 952 852 730 601 455 289 217 173 129 113 433 
1465 992 1300 483 13 2 0 0 0 0 5 1 1 0 3 1070 10 37 101 196 419 743 892 970 768 522 326 160 67 30 17 77 54 449 1286 884 552 545 397 260 226 179 152 137 90 60 36 28 
172 1998 3649 1913 80 0 0 0 0 0 0 0 0 0 0 0 2 248 182 598 657 854 1634 1566 985 516 218 121 57 53 35 86 7 199 1706 1847 980 863 378 203 222 297 499 386 162 53 8 2 
1596 1371 2145 1087 44 18 16 6 14 13 14 39 41 326 1226 1809 436 617 999 1211 1632 1362 1080 813 524 299 213 117 87 71 52 252 126 491 1508 1627 1135 800 662 570 511 582 465 312 209 135 118 514 
1313 1468 3799 455 8 0 0 0 0 0 0 0 1 11 266 816 282 369 473 734 879 999 1173 1151 1002 486 252 134 80 30 25 68 19 35 89 199 253 369 601 633 591 494 383 410 403 450 549 2659 
2179 1290 889 2335 187 43 14 20 33 10 50 41 80 334 649 2166 768 643 875 1169 1304 1349 1614 1330 487 234 106 55 43 33 31 279 166 1036 1165 741 928 1020 791 518 369 374 480 904 359 206 208 1055 
1763 1547 1116 3545 196 63 42 1 7 75 200 316 385 131 340 2558 273 672 1560 1809 1364 1138 1488 1294 1072 701 351 178 50 41 27 267 171 3167 2971 1443 868 764 681 378 279 261 342 368 247 94 55 196 
2171 1636 1686 872 47 9 12 20 0 15 102 133 121 88 719 3837 334 517 590 742 1343 1387 1867 1971 1319 792 366 174 25 19 9 13 9 630 1209 991 857 858 931 748 773 745 658 812 621 427 414 785 
303 1059 2265 1249 43 11 14 5 9 77 530 1042 120 100 152 469 721 1540 1262 1112 1085 681 383 287 216 71 13 10 9 3 8 47 34 183 1161 1371 1067 746 684 549 368 305 302 243 144 105 56 130 
521 290 209 917 336 51 29 46 35 117 308 1804 612 680 945 1400 823 2385 1146 731 657 841 916 454 265 35 14 10 4 6 4 9 13 77 90 242 702 1093 1058 1202 743 604 578 527 675 454 229 13 
205 589 542 270 755 84 15 2 9 19 22 59 6 20 23 59 62 122 323 431 597 463 217 148 86 44 30 36 58 49 10 3 0 10 109 104 57 83 161 225 230 284 172 168 156 217 221 482 
83 110 171 207 430 117 60 51 104 202 434 1055 63 40 25 44 234 247 372 476 707 667 163 98 119 39 16 15 17 3 11 12 159 807 675 189 134 241 174 110 82 92 75 71 53 63 63 208 
109 117 215 154 59 52 47 35 145 293 299 453 474 223 51 67 448 459 730 462 242 188 137 101 21 5 0 0 0 0 0 0 0 8 90 101 130 129 200 269 288 204 174 160 152 130 172 586 
411 824 985 613 147 35 22 15 42 19 14 11 18 19 4 136 169 67 97 106 131 196 190 247 204 256 268 308 323 291 250 212 4 80 370 249 163 133 152 145 137 179 182 222 266 403 307 323 
939 710 912 448 318 112 30 24 30 57 94 76 65 40 88 246 82 102 202 255 261 172 192 169 222 335 506 522 473 395 134 167 277 468 438 321 216 166 158 193 191 205 199 202 218 276 228 433 
135 31 109 77 252 104 45 49 60 74 169 249 203 251 690 247 124 205 519 323 190 158 170 163 212 216 163 90 49 59 13 91 333 272 195 200 173 143 129 169 154 233 233 211 120 56 40 84 
311 169 163 39 54 23 38 57 185 385 71 99 69 154 436 1139 82 140 253 292 315 302 272 349 424 480 282 128 30 15 12 16 188 188 159 183 182 210 232 185 179 177 170 234 254 204 273 374 
442 276 146 65 66 104 139 203 120 95 57 103 90 194 379 1049 172 393 337 212 203 209 170 223 212 293 449 303 121 92 49 90 243 280 290 272 320 285 239 150 123 111 213 262 188 163 123 266 
208 169 241 55 65 46 64 59 52 73 179 281 279 302 432 190 173 242 355 307 240 254 242 279 217 195 110 53 13 6 2 7 60 173 195 194 205 184 187 154 162 116 119 124 127 130 177 388 
13 46 196 152 141 92 99 101 120 507 395 362 25 15 8 7 137 168 324 393 261 247 192 180 211 100 24 18 16 5 0 3 46 492 376 238 155 147 131 81 70 58 66 56 58 68 60 177 
436 131 741 2647 297 66 40 71 32 74 7 12 6 47 1 0 571 254 130 97 139 199 163 178 221 243 547 984 606 182 30 64 8 10 28 57 83 145 182 300 555 454 432 720 530 317 285 502 
1806 947 362 265 17 4 4 8 16 87 127 253 73 96 92 463 579 363 204 216 177 156 157 166 240 344 521 541 438 256 129 133 20 61 164 241 366 351 417 460 425 386 336 368 220 185 342 278 
303 186 765 3099 138 33 30 30 99 87 23 7 3 13 2 10 632 354 247 142 186 197 193 200 221 254 540 861 491 232 42 36 7 18 19 57 134 169 198 289 377 368 468 710 702 398 254 660 
6 12 18 48 21 66 86 109 329 1199 305 24 13 6 8 5 185 126 251 470 517 485 164 46 8 2 1 0 0 0 0 0 0 2 73 237 290 312 252 276 302 305 139 53 12 2 0 0 
23 59 35 37 31 24 73 69 281 841 457 37 21 9 13 11 186 149 138 265 505 601 170 6 1 0 0 0 0 0 0 0 0 2 52 169 216 256 202 142 139 198 336 177 46 32 50 4 
0 0 0 0 32 61 132 176 300 1199 260 0 0 0 0 0 0 2 39 210 667 764 350 80 30 13 3 1 1 0 0 0 6 130 194 213 240 266 230 253 303 191 113 21 0 0 0 0 
14 18 220 389 62 54 104 229 179 696 397 19 8 4 2 5 46 505 449 421 607 306 56 7 2 0 0 1 0 0 0 0 0 104 128 81 97 144 221 292 344 267 369 162 134 55 2 0 
0 0 0 790 277 105 68 64 47 13 1 0 0 0 0 0 0 1 86 146 223 290 329 193 84 10 3 0 0 0 0 0 0 25 75 167 75 42 42 88 140 93 126 164 228 69 22 9 
80 246 154 37 15 5 9 60 105 66 18 28 28 81 338 278 47 228 442 380 327 70 21 12 15 5 1 0 0 0 0 0 0 34 114 334 380 185 93 94 65 38 34 43 34 68 31 1 
107 191 100 18 7 5 15 155 343 434 207 179 122 152 204 326 33 301 547 684 490 255 145 77 25 4 3 1 0 0 0 0 0 45 310 339 440 303 266 251 249 104 65 54 39 51 41 8 
40 44 72 30 22 29 19 37 146 364 196 213 157 171 490 193 217 512 537 511 295 111 32 6 0 1 1 0 0 0 0 0 0 87 286 301 372 374 291 228 157 62 22 18 12 4 4 5 
105 228 192 155 48 10 5 4 6 26 88 82 100 64 66 81 113 305 285 315 147 64 23 5 2 1 0 0 0 0 0 0 0 0 5 15 28 23 55 74 200 193 172 217 154 89 34 1 
22 64 52 52 48 60 51 82 149 1048 267 52 3 1 3 7 118 250 233 238 225 320 391 153 27 4 0 1 0 0 0 1 2 93 92 48 102 180 237 362 326 273 116 37 38 36 18 1 
8 13 28 75 38 62 60 90 154 753 369 125 45 25 29 16 19 95 279 306 324 392 368 86 12 5 3 0 0 0 0 1 1 57 73 59 127 155 280 280 239 171 240 169 29 5 5 0 
29 42 54 9 6 2 9 24 88 350 280 233 163 123 147 32 52 88 183 421 484 283 61 11 3 3 2 0 0 0 0 0 0 5 41 101 168 214 204 241 380 199 36 1 1 0 0 0 
18 41 78 26 55 38 61 95 210 609 451 182 79 82 82 13 33 131 305 607 566 329 102 30 11 5 1 0 0 0 0 0 0 4 167 209 263 250 233 182 176 182 182 223 46 2 1 0 
219 206 20 20 11 10 27 30 88 309 168 197 194 204 157 101 329 445 488 461 124 78 34 2 0 0 0 0 0 0 0 0 0 0 7 102 177 184 210 196 190 202 166 90 65 81 140 151 
0 21 102 31 24 98 67 52 110 491 23 0 0 0 1 0 7 73 89 131 204 207 243 45 15 3 3 0 0 0 0 0 0 4 172 130 102 59 69 65 107 87 64 102 57 2 0 0 
469 164 93 32 6 11 5 11 32 2145 618 552 562 873 1153 1159 46 270 1163 1833 1212 967 1159 577 343 192 60 47 10 3 0 3 141 1155 1785 1210 532 302 149 94 60 53 54 51 904 1358 33 4 
287 182 110 19 2 6 10 14 22 1070 251 638 862 1650 1979 593 56 306 1220 1990 1658 1061 822 352 81 65 40 30 9 4 0 1 113 597 1301 1763 1116 914 446 168 82 79 78 38 782 210 4 4 
270 290 715 19 4 2 8 11 16 2322 523 1095 918 906 1048 869 96 691 1178 1123 1575 2093 920 716 387 133 39 27 11 10 7 10 276 1919 809 604 592 614 519 474 274 184 237 460 1984 60 8 2 
459 355 178 2 1 4 3 4 18 714 383 660 523 704 706 698 59 255 756 875 962 715 773 571 202 101 48 40 25 17 3 10 129 1161 1197 828 446 374 269 223 78 53 52 49 448 93 11 1 
105 28 98 5 1 1 0 1 8 1189 308 283 585 1318 2155 589 34 372 1118 1579 1389 748 461 295 339 312 22 5 0 0 0 0 0 17 534 1280 1196 1215 654 239 105 130 88 81 990 137 4 4 
0 54 4979 6220 0 0 0 0 0 0 0 0 0 0 0 0 5 57 115 306 1152 483 301 446 1072 2129 2457 1497 755 287 140 51 0 0 0 0 57 376 1587 1421 1363 940 985 853 690 522 640 1819 
26 26 7077 5182 124 0 2 0 8 1 1 0 2 57 1 1 290 188 185 279 1101 783 1124 1058 1188 1937 1939 1349 667 265 118 37 0 0 0 41 257 625 482 862 1008 433 402 660 1308 769 906 4755 
2579 1841 1031 2178 717 19 8 0 14 62 60 64 38 30 114 2619 303 744 1131 1433 1293 1396 1567 1606 938 598 263 79 15 5 3 0 0 0 676 2596 1863 1110 911 1182 731 511 464 440 547 200 71 72 
18 178 2425 6108 1026 612 0 0 0 0 0 0 0 0 0 1 19 198 178 208 793 853 971 1310 1063 850 888 1132 1196 615 59 35 0 0 18 424 547 2330 1112 716 415 305 330 356 416 508 715 2176 
1237 1688 1820 2142 567 13 5 7 3 0 0 0 0 0 10 1093 4 313 445 622 832 756 1111 1714 964 488 496 586 200 53 1 0 0 2 45 168 1075 952 1069 862 714 401 344 389 405 459 687 1013 
0 0 3076 5082 1057 0 0 0 0 0 0 0 0 0 0 0 0 6 58 105 105 234 726 1511 2201 1839 1687 447 119 89 45 43 0 0 0 66 414 591 504 308 576 1133 1348 592 461 391 497 2334 
6 44 3176 7933 628 0 1 0 5 0 7 0 5 7 5 0 188 99 148 199 279 457 798 751 1129 1373 1719 1998 1917 612 147 3 0 0 3 477 520 808 1569 1693 1412 672 488 443 404 370 497 2461 
0 4 742 10019 450 9 0 0 0 0 0 0 0 0 0 0 0 119 301 121 229 520 387 462 628 993 1560 3530 1706 517 128 23 0 0 43 438 578 2871 3302 1234 823 343 219 261 258 237 157 460 
1 2 1159 11221 119 0 0 0 0 0 1 0 0 7 2 0 111 107 115 262 287 351 550 837 996 1274 2123 2503 2483 468 45 0 0 0 87 138 342 455 2365 3409 626 417 521 373 363 509 608 2299 
13 100 1782 7748 235 0 2 0 0 0 6 6 11 19 12 2 469 247 158 154 197 252 498 1093 1669 2111 1619 676 406 273 86 28 0 0 0 305 356 94 687 471 399 372 358 374 476 703 1270 4071 
39 186 569 3219 142 0 1 0 1 1 9 6 12 23 11 16 287 271 182 156 215 273 332 506 877 586 254 173 86 29 7 1 0 0 0 4 40 53 262 445 254 260 380 430 399 390 515 803 
714 638 3653 4857 1209 155 166 95 104 196 202 84 84 71 120 198 1334 1344 1371 1202 1265 1545 1142 1189 890 450 249 167 112 86 74 126 1 317 3374 2002 790 730 632 669 683 628 146 162 148 244 520 1500 
0 0 242 6711 1709 53 0 0 0 0 0 0 0 0 0 0 0 0 41 125 286 637 679 396 444 905 1011 1120 1612 1205 222 32 0 0 0 64 676 1166 1996 1256 1069 733 507 380 314 344 210 0 
3505 1810 2198 3058 24 0 1 0 0 0 0 0 11 10 27 543 17 119 482 1317 1999 2345 2534 1158 702 223 78 77 31 32 18 55 158 1109 1058 903 1034 703 636 860 1652 1204 1138 584 84 48 16 0 
273 522 2832 3323 435 246 447 1115 1672 744 39 18 8 0 96 64 1764 3932 1659 947 768 549 496 529 530 337 189 56 30 13 12 23 34 963 1328 1411 1208 976 1184 1504 1165 764 627 386 230 38 15 1 
181 231 1579 5106 467 314 1089 2492 2004 131 22 10 33 3 129 41 2324 2851 3419 1036 808 545 441 560 565 561 534 160 16 12 0 0 30 1791 1500 1226 1119 1122 1387 1796 966 1325 882 238 223 175 49 3 
857 814 1925 2347 225 144 137 228 806 1155 289 448 264 49 77 240 2302 2081 1841 1151 732 699 443 355 247 68 26 29 6 11 2 12 220 1059 1097 894 950 1263 1095 1050 631 670 325 154 149 201 239 8 
2039 1417 1544 151 164 70 189 146 320 207 69 24 41 18 90 275 1042 948 961 1160 714 591 509 286 193 132 67 43 30 7 10 71 73 729 1463 1148 929 745 498 308 154 94 114 435 41 33 0 0 
1691 1652 2769 1237 275 111 302 572 320 166 67 17 73 119 484 690 2125 1692 1425 1124 923 831 895 347 297 182 129 80 67 59 48 321 758 1668 1675 1322 1172 1583 1330 546 235 122 106 24 4 0 0 0 
1368 950 2411 489 248 173 278 275 378 279 119 101 115 76 201 379 1602 1755 1070 626 596 657 443 398 315 203 93 28 11 9 7 27 1 201 716 1075 1323 1179 910 651 696 435 134 120 180 201 15 3 
557 669 579 8383 820 245 190 90 58 1 0 0 0 0 0 0 6 43 305 403 456 693 674 599 758 712 612 833 765 1005 1550 2178 0 0 0 2 149 1183 2124 2228 2307 1790 969 648 181 11 0 0 
173 986 1134 11584 2210 256 139 113 286 130 1 0 0 5 7 42 19 86 472 871 1213 1439 1282 1513 1328 1184 1255 1564 1505 1021 852 1462 2 76 31 190 539 933 1637 1640 1404 1751 2434 2200 2020 1793 313 103 
188 260 2835 8275 1459 145 11 4 1 5 0 1 21 84 97 76 10 99 382 233 180 213 337 586 863 1150 1286 1339 1402 1435 1554 2393 270 222 302 319 384 611 1260 1656 2875 2630 1661 861 273 114 24 0 
128 756 1186 8375 3300 424 59 10 9 16 18 17 38 22 26 26 67 116 107 108 151 366 452 672 937 934 1063 1359 1589 1418 1562 3509 398 482 804 912 862 1443 2445 3459 1854 720 358 176 180 149 64 104 
281 629 497 10478 1587 146 32 9 22 192 165 82 87 125 177 206 253 425 500 291 169 175 239 329 741 1338 1681 1635 1484 1709 1514 2232 66 360 459 416 261 619 1407 1501 2040 2700 1562 1912 828 460 122 2 
112 358 864 10804 2071 405 154 13 1 4 12 4 11 1 14 4 54 286 202 297 652 896 1105 1290 1907 1855 1564 1097 933 928 747 1019 271 177 197 206 356 356 930 1468 1348 1721 2654 3217 1777 128 8 18 
112 461 1033 4231 6223 1787 602 403 353 128 34 133 37 22 25 38 482 1008 1742 1376 1472 1801 1927 1372 1151 967 560 330 271 272 268 623 198 529 425 609 751 712 920 1547 2454 1918 1633 1447 1183 793 440 63 
2141 2301 2512 1780 906 245 67 35 6 19 7 0 0 0 4 249 19 233 292 541 842 999 1284 1430 1520 1572 1267 200 36 13 8 16 40 525 394 666 756 592 457 526 627 837 923 995 1174 1377 328 55 
18 22 5192 1537 779 219 67 42 8 16 15 1 0 0 1 0 46 91 122 213 406 533 695 740 936 1523 1832 703 30 11 11 25 9 428 506 476 358 320 265 151 128 187 361 712 1100 2371 541 4 
2230 1822 3984 1572 1135 382 56 37 11 20 9 0 1 0 15 342 37 156 365 823 1309 1547 1709 1781 1389 1241 858 288 50 18 16 29 13 602 1290 1158 741 662 556 500 479 682 697 872 1024 1728 587 25 
1976 1622 2556 1604 410 227 46 3 0 10 25 0 3 0 12 2128 133 313 385 495 764 944 1334 1755 1524 1071 923 735 214 22 5 5 39 975 1156 1313 917 824 596 440 485 534 546 710 848 1067 157 15 
2190 908 1016 1275 822 215 117 44 6 35 16 10 5 7 59 2683 80 381 561 856 1149 1330 1617 1390 907 594 333 131 37 9 2 31 56 1294 1375 1127 604 586 507 473 397 408 412 442 604 803 304 16 
1348 1434 2646 1544 765 224 43 28 9 33 41 46 16 8 47 846 134 233 346 557 933 1296 1318 1193 1045 704 504 453 230 43 18 71 151 1250 1090 1226 682 494 541 396 278 246 284 527 777 813 310 13 
128 160 5706 1773 874 288 76 99 146 19 3 1 3 5 1 6 15 22 57 187 391 520 540 528 750 1023 1683 2098 1376 79 3 16 2 149 706 520 405 318 249 247 359 480 774 1225 2355 1390 108 1 
13 420 348 1499 64 2 0 0 0 0 0 0 0 0 0 0 10 67 131 196 261 204 85 88 92 99 102 119 203 305 247 137 0 0 10 249 358 354 390 281 138 103 95 83 92 145 43 5 
3 113 167 2890 475 30 17 5 0 0 0 0 0 0 0 0 37 175 205 217 104 80 106 151 165 248 248 372 472 551 404 165 0 0 16 340 718 913 925 481 203 61 31 7 5 0 0 0 
14 82 180 3667 534 146 190 99 57 6 0 0 0 0 1 1 74 410 325 273 180 144 167 165 213 260 416 631 621 569 352 177 0 0 18 367 814 908 1112 823 363 206 120 65 52 64 38 27 
7 10 33 31 21 18 21 31 204 267 32 10 6 6 2 1 26 48 51 54 61 50 42 35 32 72 164 36 13 4 5 7 0 49 155 37 29 29 34 30 35 19 18 23 19 24 35 164 
8 30 79 157 44 30 17 22 81 206 52 16 2 3 3 4 17 34 31 49 68 74 101 66 74 75 62 38 17 11 6 31 32 253 99 46 37 46 31 23 16 18 11 25 15 18 11 73 
211 65 25 17 8 5 1 5 84 60 14 36 33 27 42 96 6 26 33 45 52 61 69 52 53 51 76 51 28 33 24 69 0 72 98 87 48 50 24 34 40 30 29 34 34 30 24 95 
119 161 98 65 17 4 3 4 12 21 17 19 13 20 60 67 23 27 28 36 41 41 43 46 33 49 46 48 44 51 62 82 3 207 113 50 30 42 26 42 27 32 36 19 12 15 19 27 
84 48 155 243 76 69 68 92 135 395 360 282 303 285 269 136 169 874 946 564 278 143 21 5 0 0 0 0 0 0 0 0 0 0 198 327 268 379 500 303 286 279 192 100 61 44 20 43 
29 18 47 69 136 72 66 72 164 540 425 287 290 231 269 29 229 724 1055 495 174 64 3 0 0 0 0 0 0 0 0 0 0 3 293 272 221 239 302 270 245 262 178 128 114 84 63 70 
33 12 39 142 108 85 50 35 89 353 316 116 63 58 45 47 173 465 524 237 125 54 12 1 0 0 0 0 0 0 0 0 0 52 310 348 203 176 97 75 103 73 42 35 26 25 15 11 
0 0 15 667 279 105 36 31 55 52 0 0 0 0 0 0 3 72 236 206 138 145 160 158 110 12 0 0 0 0 0 0 0 0 0 0 105 271 349 236 127 45 19 33 23 16 12 4 
31 28 22 179 139 48 28 46 158 768 317 325 190 92 89 31 185 914 755 306 211 86 30 3 1 0 0 0 0 0 0 0 0 0 29 300 319 369 243 253 234 194 216 120 73 25 48 68 
175 142 145 362 110 48 37 32 111 176 56 201 201 345 703 450 149 744 848 619 486 334 103 10 1 0 0 0 0 0 0 0 0 0 48 501 494 315 272 345 374 389 258 128 71 45 39 15 
108 132 164 190 38 16 29 35 65 114 142 102 87 110 584 338 82 412 666 586 382 115 11 0 0 0 0 0 0 0 0 0 0 8 178 665 309 211 228 207 167 130 63 41 23 11 10 3 
1050 2555 4386 4419 405 141 56 101 152 416 54 7 6 2 15 194 225 613 446 234 342 478 918 1601 1419 878 846 1287 1245 1109 906 1412 429 3301 1990 1013 617 417 599 389 603 522 550 473 635 951 962 508 
1447 577 957 5455 434 159 47 35 102 35 27 102 171 461 806 1029 378 1156 1159 985 773 813 1028 714 967 823 926 785 307 186 288 556 1712 1945 1597 1418 1331 790 887 806 627 256 140 125 99 56 39 16 
218 1601 6636 823 28 4 0 0 0 0 0 0 0 0 0 0 7 229 268 221 316 439 512 596 876 959 1115 983 525 552 612 1100 17 106 207 1477 914 651 605 456 370 375 522 708 967 751 751 433 
0 53 6134 3249 64 0 0 0 0 0 0 0 0 0 0 0 0 0 57 457 724 402 294 282 502 762 890 715 387 564 1278 2186 2 194 1925 1136 570 297 499 788 340 261 358 679 693 1048 502 208 
2299 883 1956 2926 99 52 22 13 9 5 12 12 36 149 553 2198 156 546 919 1175 1204 1345 1605 1568 1150 465 254 197 162 121 88 269 2248 2433 1912 1222 792 520 440 491 556 186 164 112 51 69 21 7 
135 275 10067 1916 7 6 0 0 0 0 0 4 34 116 269 209 94 278 261 447 576 525 492 651 1226 1263 1428 1333 1025 1105 1009 1325 90 1121 1235 770 1103 891 1090 928 743 776 763 772 664 711 779 602 
1515 2069 4071 837 94 11 4 5 0 2 1 7 6 21 136 859 37 195 317 496 527 549 866 1385 1173 665 585 555 477 505 395 911 798 1017 874 1459 537 360 243 242 296 269 291 373 515 876 950 538 
1 17 290 684 6 1 0 0 0 0 0 0 0 0 0 0 0 0 0 13 81 122 125 106 124 92 56 59 60 54 37 70 13 30 17 17 13 34 42 96 145 129 129 111 133 59 21 10 
0 5 100 190 16 9 0 0 0 0 0 0 0 0 0 0 0 0 0 5 17 35 29 27 42 25 23 26 18 8 12 53 23 30 35 46 34 41 20 24 20 18 18 10 1 0 0 0 
0 0 119 952 278 31 0 0 0 0 0 0 0 0 0 0 0 1 19 53 69 93 104 68 88 78 58 62 96 131 131 329 52 245 196 96 133 83 72 61 64 60 72 79 83 48 16 20 
0 6 267 940 139 13 0 0 0 0 0 0 0 0 0 0 0 1 17 42 107 154 85 87 102 72 72 70 76 92 108 280 42 155 121 107 82 74 71 77 77 94 91 95 84 130 38 27 
0 1 30 327 274 58 6 5 5 6 13 0 0 0 0 0 0 0 0 2 4 4 14 17 26 22 36 57 54 100 79 310 143 183 91 64 56 62 35 31 22 21 11 5 1 0 0 0 
2 13 181 783 279 13 0 0 0 0 0 0 0 0 0 0 2 0 0 5 12 35 73 104 102 67 82 90 89 100 133 377 49 214 152 105 80 79 66 77 66 62 69 106 87 39 14 6 
31 35 271 351 120 99 22 10 4 1 15 4 7 2 5 3 17 15 18 59 71 90 76 56 50 49 38 56 43 55 32 255 286 127 98 45 49 46 29 46 50 50 49 32 38 28 5 2 
0 1 118 268 203 22 18 13 33 41 3 0 0 0 0 0 22 87 99 73 96 94 62 47 35 43 26 24 2 4 5 1 0 32 120 82 64 50 39 56 53 48 40 21 36 48 24 7 
3 12 26 136 237 18 5 14 16 37 9 0 0 0 0 0 9 44 36 32 33 42 54 39 58 60 63 32 7 1 0 3 2 87 123 92 57 45 30 16 7 7 8 8 6 6 13 6 
12555 2567 2694 2644 290 98 449 113 125 249 602 1910 2767 2376 4692 29443 8010 3610 6109 10857 11426 9136 7627 4423 1191 584 365 203 32 1 0 0 0 825 19838 14909 6995 3732 3256 2298 1566 1047 925 811 740 671 721 5240 
12528 5195 10204 1826 47 9 18 0 2 20 145 744 1387 5375 6080 21220 910 8713 8491 9952 11365 9141 6888 5246 2897 886 287 20 4 0 0 0 0 2088 15068 17677 7553 4994 5302 5907 3932 1252 284 90 92 109 92 360 
12852 4176 2846 8900 2661 338 124 49 83 191 453 1931 2621 5258 8847 30958 4184 10108 10965 9078 8458 8373 10132 10833 6155 3112 814 69 7 0 0 0 0 7526 20831 14186 9413 9469 5774 5148 4506 1494 816 504 187 161 146 2127 
14364 6746 4462 1598 229 39 209 46 70 76 219 1683 2518 2543 8269 22053 3199 6346 10734 10170 9998 6859 7419 3889 2444 2193 1522 300 37 13 1 0 1 4413 23683 8027 5484 4939 4504 3816 4012 1758 1197 575 293 192 235 1995 
29473 6793 4030 5369 1293 229 300 127 152 228 825 3970 4660 5101 7584 27092 8312 10732 9683 11088 11318 12286 13322 9442 5519 2944 1641 671 218 37 8 5 1 8226 30677 17691 6699 6202 6305 6309 4485 2076 944 527 432 429 676 5547 
27570 18922 9988 3598 894 306 1249 447 562 937 2391 8786 3928 2504 3012 8516 14505 15779 13294 13283 13468 9932 4549 2683 2280 1781 1103 548 247 109 35 14 0 13330 32462 7886 4428 4264 4708 3968 4248 3956 2747 2751 1382 1227 1151 5102 
0 1 602 9784 7969 1222 1156 383 37 2 0 0 0 0 0 0 113 353 862 1007 1472 1839 1490 1421 2170 2379 2294 2115 1769 1176 529 167 0 0 48 162 734 3698 5825 3726 2148 1410 1329 867 574 330 251 54 
0 0 80 8659 5383 1616 1047 641 7 0 0 0 0 0 0 0 4 116 641 637 765 1711 1489 1348 1972 2083 1761 1479 1296 1128 633 370 0 7 121 353 2654 4085 3095 2175 1431 978 858 622 471 392 177 14 
0 1 100 9197 5328 2730 989 525 249 33 0 0 0 0 0 0 0 67 470 960 1578 2952 1793 1497 1226 1250 1611 1665 1745 1469 697 172 0 2 16 220 3665 3378 2553 3046 2179 1557 1045 869 360 189 73 0 
0 0 113 8822 5068 1356 741 336 99 1 0 0 0 0 0 0 114 373 467 397 566 1290 1637 1694 1666 1903 1875 1668 1194 730 481 481 0 7 82 331 2511 4427 5044 2410 524 262 216 193 168 172 182 7 
1032 498 432 141 74 0 0 0 0 0 0 0 0 0 6 247 0 1 35 180 109 194 420 354 312 364 206 117 67 39 15 17 0 5 56 116 204 310 345 266 453 229 141 101 62 64 43 35 
14 9 165 215 104 55 34 38 42 60 125 321 256 231 242 78 28 85 153 351 369 317 204 153 76 64 44 35 28 16 11 55 35 100 257 248 212 207 158 118 157 290 97 30 25 27 14 14 
19 50 160 136 74 19 83 68 67 196 394 343 177 76 13 11 16 45 58 111 330 351 271 221 133 69 62 42 42 32 21 82 84 118 222 244 189 128 131 205 206 139 70 76 36 20 9 9 
5 0 50 116 103 102 141 125 111 129 94 199 9 0 0 0 6 11 44 133 202 236 177 100 75 56 36 28 8 16 10 46 81 172 453 237 61 21 25 29 40 55 9 1 0 0 0 0 
25 188 522 195 72 45 41 65 95 349 401 458 51 16 13 16 45 89 144 230 406 492 296 259 234 166 64 46 39 17 14 11 0 38 291 347 284 234 359 454 226 137 68 49 30 28 6 1 
272 873 646 150 0 0 0 0 0 0 0 43 16 39 57 64 10 73 201 220 203 194 212 184 199 165 123 95 59 65 39 118 5 60 167 252 164 234 230 155 169 138 137 95 86 111 71 86 
198 602 761 207 8 3 5 11 26 13 3 12 18 49 104 112 13 28 61 200 210 243 229 260 316 159 111 96 59 47 31 69 6 37 89 222 389 453 355 215 85 53 42 34 44 48 12 48 
6 43 242 90 39 25 26 46 147 206 966 77 8 12 3 2 43 69 76 120 451 382 255 200 134 101 39 27 8 4 10 19 10 65 179 171 186 176 196 188 151 192 152 112 97 37 12 14 
126 201 203 590 335 48 18 10 7 19 30 258 177 110 66 139 174 241 456 306 328 174 127 140 214 101 47 21 2 2 1 3 500 330 220 131 126 309 251 177 98 40 27 18 26 24 27 33 
299 624 319 194 226 40 28 0 0 3 32 104 66 127 212 126 513 726 548 282 187 87 38 4 3 6 2 1 1 2 0 0 136 276 100 109 133 133 241 318 258 181 147 75 70 77 53 93 
78 82 293 382 188 57 115 97 49 210 417 513 135 142 47 27 331 608 975 650 172 76 19 1 0 0 0 0 0 0 0 0 179 626 403 379 267 301 219 159 80 60 39 22 15 17 24 42 
44 29 264 163 432 139 327 73 33 238 271 1050 126 82 21 8 776 892 1099 397 111 20 5 0 0 0 0 0 0 0 0 0 90 597 417 316 320 155 232 256 169 195 115 121 65 66 96 90 
170 296 148 199 154 55 39 18 3 48 182 598 222 39 46 38 387 469 715 484 121 51 18 7 1 2 0 0 0 0 0 0 81 303 402 255 225 153 236 238 163 82 55 30 13 11 8 0 
145 209 353 444 232 51 18 3 6 20 49 56 142 305 339 224 199 570 539 450 320 218 152 80 42 12 8 2 1 0 0 3 131 590 412 228 199 166 119 235 250 139 47 40 15 10 9 6 
179 131 169 178 128 167 96 67 58 68 140 482 258 184 237 113 519 689 603 299 207 117 89 55 41 18 10 6 0 1 0 1 163 518 291 181 174 151 145 193 172 141 139 116 120 56 47 48 
163 307 284 378 233 64 76 116 46 51 49 199 182 166 169 157 390 485 510 294 222 154 172 147 179 53 16 12 5 1 0 0 396 419 204 159 141 153 233 250 232 95 60 80 67 70 34 47 
18 494 118 0 0 0 0 0 0 0 0 0 0 0 0 0 0 0 21 55 119 123 72 59 44 25 22 14 19 22 13 22 0 0 0 0 35 30 38 31 37 45 63 87 64 82 92 26 
48 116 154 289 65 28 28 13 28 178 157 34 7 4 11 10 100 90 74 68 85 61 78 39 77 56 43 53 36 39 25 246 332 197 122 102 61 63 75 68 47 62 26 15 0 0 0 0 
66 175 192 287 18 10 1 4 9 106 65 24 16 39 34 43 20 25 65 97 145 132 131 79 68 51 46 52 32 28 14 104 201 183 90 62 45 32 40 65 42 67 68 68 117 9 0 0 
203 232 132 84 2 0 2 1 1 1 5 27 10 17 292 473 64 71 59 45 118 150 156 158 115 95 88 111 98 58 41 55 19 110 186 92 83 81 160 127 147 139 96 86 92 26 16 22 
319 138 65 1 4 1 10 10 0 0 0 0 0 0 49 215 9 21 9 18 20 57 60 70 90 168 147 69 31 11 14 18 0 22 59 70 70 64 44 41 65 65 82 76 80 47 11 16 
418 403 2 1 0 2 4 5 1 2 1 0 1 0 33 249 14 23 53 87 57 76 154 135 97 112 115 56 44 34 19 46 0 92 169 82 55 36 40 55 80 70 110 88 123 88 21 13 
217 366 223 20 6 0 0 0 0 0 0 0 0 0 0 92 0 5 28 43 77 88 93 69 68 57 58 74 79 55 52 78 4 63 153 122 99 120 73 74 38 28 20 30 23 26 21 30 
0 389 2742 2149 0 0 0 0 0 0 0 0 0 0 0 0 0 0 0 19 98 543 721 727 503 378 397 323 247 276 365 683 0 0 98 375 382 482 704 605 432 365 355 338 262 411 466 5 
0 574 2707 2239 0 0 0 0 0 0 0 0 0 0 0 0 0 374 311 499 453 152 162 348 414 459 290 392 350 310 313 693 0 0 1 316 368 335 461 434 375 383 483 522 220 102 134 1386 
0 434 2050 2367 0 0 0 0 0 0 0 0 0 0 0 0 0 3 246 218 596 527 305 218 297 318 340 289 252 273 406 563 0 0 0 129 304 382 313 286 285 315 351 468 537 828 581 72 
0 0 2783 1365 0 0 0 0 0 0 0 0 0 0 0 0 0 0 0 18 478 437 475 338 294 226 293 313 204 167 228 677 0 0 7 216 292 464 311 280 279 386 388 325 291 243 434 232 
0 5 1690 804 0 0 0 0 0 0 0 0 0 0 0 0 0 0 5 78 180 158 179 334 306 213 179 140 122 161 134 310 0 0 0 56 168 208 240 345 404 240 145 178 187 122 177 29 
3992 3458 5301 2242 9 0 0 0 0 0 0 0 0 0 67 2911 31 733 2851 3289 3295 1912 1583 1459 1075 1090 320 179 56 31 24 52 115 303 1529 2154 2170 1623 1740 1602 2292 2329 1423 353 264 76 5 2 
4176 4661 6369 694 2 0 0 1 0 0 0 10 16 26 142 1695 11 270 1268 1728 1500 2362 3132 2635 1552 1141 764 625 317 219 130 138 237 792 3444 3475 2588 1583 1331 913 756 992 963 184 231 256 47 0 
2177 3338 6805 1064 111 84 85 92 258 197 139 247 79 105 212 899 1195 2558 2819 1946 1993 1932 1218 830 566 339 270 138 75 4 4 5 83 655 3296 3004 1139 971 1005 1058 1053 837 685 701 505 291 395 214 
976 688 300 63 20 1 11 0 7 34 282 535 331 283 298 656 520 884 789 517 466 544 446 191 89 28 9 2 0 0 0 0 0 91 795 693 484 325 283 205 276 247 164 206 211 147 111 247 
318 694 206 40 7 4 11 7 15 87 239 523 271 220 230 308 362 660 880 584 388 152 83 42 19 6 3 1 0 0 0 0 2 210 451 350 282 311 265 253 173 144 107 148 153 164 105 62 
6 189 3358 5663 0 0 0 0 0 0 0 0 0 0 0 0 0 35 374 882 971 1290 1185 1166 840 858 887 517 171 34 6 0 0 0 230 1248 810 1279 667 510 528 576 742 735 1053 838 0 0 
0 0 3263 4881 32 3 1 1 0 0 0 0 0 0 0 0 0 1 100 244 1093 872 969 1072 875 719 862 703 327 162 86 96 0 112 549 900 589 669 980 877 704 733 685 709 674 0 0 0 
4 387 7933 2399 7 11 6 12 2 13 17 10 4 0 2 0 92 25 21 119 437 1855 1985 1244 1366 1221 1340 810 173 81 28 10 0 176 309 670 1384 913 736 958 945 831 952 1205 1684 40 4 0 
59 303 7966 2730 60 46 28 47 39 158 178 397 132 59 46 52 1265 351 347 263 360 1063 1301 911 1145 1497 1846 982 465 295 123 86 0 12 340 795 1424 1128 1528 924 942 1082 1370 909 1167 339 178 162 
102 8 5614 6198 18 0 32 0 6 83 256 295 12 1 0 0 1223 287 252 502 1365 2076 2163 1775 1783 908 267 22 2 0 0 0 0 0 0 64 959 1651 1442 1225 881 1148 1244 1340 1423 622 211 415 
16 55 2279 3584 10 0 14 0 0 22 95 67 6 2 5 1 368 140 148 383 615 1029 1609 1294 368 188 14 0 0 0 0 0 0 0 22 272 789 1365 1403 981 592 413 53 48 55 60 65 38 
42 53 1675 5161 18 4 12 4 2 38 428 183 13 4 8 18 977 366 281 322 414 770 1768 1822 776 167 0 0 0 0 0 0 0 0 102 120 780 1148 1323 1270 1343 554 237 195 135 167 271 18 
51 359 4310 4786 4 0 3 0 0 2 6 9 5 7 16 18 92 67 73 175 803 1160 1509 1710 1739 1038 643 376 136 45 10 0 0 0 361 691 843 1123 1524 2213 1426 775 438 182 0 0 0 0 
39 251 3441 4972 30 11 11 5 28 61 237 68 27 1 14 8 651 378 487 486 733 964 2134 1041 984 793 410 143 0 0 0 0 0 0 48 139 1149 1173 1499 1635 1406 1445 196 185 183 113 33 0 
34 8 4666 1564 27 6 18 6 6 66 286 51 21 1 8 0 578 230 128 116 220 620 1356 1509 1153 747 109 2 0 0 0 0 0 0 175 478 1062 1570 1118 727 800 232 122 132 137 93 116 6 
4 131 12351 2180 66 25 19 24 25 118 368 47 4 0 6 0 527 386 225 451 1032 1608 2663 2465 2286 1648 1171 582 208 67 34 15 0 1 320 1047 1518 1399 1055 1186 1249 1540 1909 2344 1480 151 153 16 
1 5 10396 1881 38 3 19 0 3 24 123 2 1 0 4 0 227 52 45 59 328 965 2115 3154 1883 1675 1169 514 243 37 24 10 0 0 544 652 1101 895 690 1004 914 1306 1689 1901 1652 87 44 21 
5 23 4509 3004 80 18 38 28 28 175 376 11 0 0 0 0 738 191 157 197 211 358 1070 2444 1826 599 141 95 67 97 52 52 0 0 77 807 1463 4088 509 268 149 176 124 85 81 103 152 213 
35 167 9569 2923 26 2 7 5 4 31 64 37 0 0 0 0 203 44 69 197 512 962 1912 1937 2089 2329 1766 777 44 17 10 2 0 1 527 894 1139 967 1359 1562 1907 1960 2112 303 29 44 58 8 
34 185 11524 2434 2 0 2 1 1 5 17 40 24 7 19 5 219 164 355 342 1517 1560 1265 1487 1792 1582 1311 951 673 443 371 268 2 71 1034 1054 1740 1181 1070 1227 1016 968 1025 976 1055 1412 461 8 
8 210 10039 3367 25 13 12 21 28 111 41 23 6 4 25 5 186 255 392 258 365 663 901 1688 3118 2894 1907 888 223 71 56 73 0 415 1694 1287 2033 1585 1372 1304 1309 1643 956 79 101 54 43 63 
32 472 8074 2803 7 0 0 0 0 0 0 0 0 0 2 0 14 64 172 703 1281 1428 1478 1683 1379 1036 1229 635 167 74 17 30 0 8 483 1032 1328 1930 1320 1043 873 726 809 974 836 28 0 0 
