0 61 3699 581 147 630 578 126 0 48 1216 2802 417 788 493 58 3559 626 995 478 119 27 18 0 
0 30 3374 676 366 696 811 209 0 33 1961 1759 962 1116 128 203 3342 574 1673 303 80 89 100 1 
11 176 5978 737 318 545 973 309 12 136 2514 3534 1081 1188 347 235 4998 1788 1404 496 192 104 63 2 
0 214 3636 438 296 715 463 131 1 43 1190 2436 921 1072 132 98 2967 1440 1134 225 84 32 11 0 
1 1118 3103 462 341 688 570 377 0 60 1988 2149 1154 767 457 85 3543 1538 1209 290 54 24 2 0 
0 497 2454 974 610 456 98 236 0 0 736 1914 1634 636 186 219 1435 1768 1513 265 178 79 36 51 
0 718 1856 969 762 144 128 109 0 0 815 1446 1851 281 215 78 1352 1657 1214 263 170 30 0 0 
0 0 1600 1477 601 593 104 33 0 2 1204 1766 848 552 5 31 3020 789 294 137 120 20 13 15 
1 234 1552 1757 670 674 686 300 0 33 659 2003 1576 1033 355 215 3619 762 971 223 122 117 42 18 
16157 11234 9654 6686 4936 3795 3299 6521 23634 7476 9067 5799 4867 4071 2206 5162 24979 7068 8294 6220 4940 2801 3849 4131 
13918 13098 12540 9804 6076 5510 4005 3978 16075 15563 13519 8880 5175 4538 3503 1676 20819 10610 11298 11604 8012 3913 1271 1402 
15325 15052 14445 7020 3158 2798 1350 1116 19492 17468 11590 6105 2850 1164 622 973 21432 14755 11730 5726 3361 1452 701 1107 
1696 10891 12079 14603 9990 4056 2529 1026 2892 11599 17451 14695 6389 2797 591 456 8063 11637 9713 9638 10069 6563 799 388 
14193 14744 9350 6221 5189 3745 883 350 15637 16753 10583 5252 4015 1515 686 234 22088 10168 7885 5925 3797 3015 1254 543 
16191 18183 6337 4302 2238 678 620 1458 17734 16593 8301 3736 995 703 665 1280 25887 12151 5248 3094 2152 661 567 247 
2179 12440 11111 8679 5781 5791 3603 1254 5623 10533 11468 9218 8376 3781 1219 620 10389 11631 5920 5355 6771 8255 1701 816 
23613 21967 2959 1259 1391 813 616 446 23129 21068 4194 1286 1443 1006 596 342 32038 16135 1740 1419 1109 298 239 86 
2673 7725 5305 5159 4434 4340 6654 11710 4102 7626 5413 5533 4647 5966 8228 6485 11594 4222 7752 10532 7533 3688 1191 1488 
13786 11419 12341 8003 5702 3156 2067 957 12905 16618 14146 7056 2964 1824 1120 798 15274 8063 15057 10553 3950 1738 1468 1328 
12702 10822 11084 9018 5839 3706 2769 1452 12218 15436 12024 7195 5099 3050 1498 872 15032 7339 15637 9709 4014 2415 1741 1505 
391 2288 3089 2374 891 39 0 0 2 917 1378 2435 2869 1363 108 0 3668 2625 1546 1110 122 1 0 0 
21 1369 2003 3129 3341 924 13 0 9 222 1084 1913 2655 3307 1610 0 2308 3221 2904 1895 423 48 1 0 
33 693 1947 3156 4093 1696 64 0 4 177 528 1567 1946 3731 3586 143 1243 4959 3025 1942 458 55 0 0 
377 1351 1434 1793 2319 1784 716 284 377 1483 1353 1723 2408 1727 768 219 328 1392 1651 2101 991 831 1001 1763 
506 1085 1688 1392 2000 1608 429 339 506 1221 1728 1484 1710 1566 523 309 361 1152 1534 2134 1122 922 889 933 
1387 954 1660 979 1813 2244 481 87 1387 1062 1652 1068 1817 2072 491 56 1231 914 1162 1388 1138 1052 1484 1236 
14 1034 2163 2631 3367 1631 56 16 14 1166 2226 3008 3132 1307 46 13 15 816 1389 2421 2007 1769 1761 734 
1083 2058 2508 2420 2723 427 71 191 1083 2094 2381 2833 2539 300 99 152 914 2049 1756 1927 1468 1655 1608 104 
2733 2137 783 524 457 39 2 0 2940 1933 798 459 507 37 1 0 2563 1827 784 543 682 223 53 0 
2080 1416 955 1068 625 592 36 4 2230 1410 1015 1019 753 320 25 4 1938 1201 746 886 1298 650 55 2 
2717 1887 295 171 586 269 0 0 2789 1750 318 167 514 387 0 0 2368 2068 318 497 556 83 35 0 
1519 1755 947 535 974 249 5 0 1513 812 1576 660 1135 284 4 0 1413 1615 1018 684 975 195 74 10 
1387 1613 399 590 323 0 0 0 941 1672 709 510 480 0 0 0 1463 1351 578 605 311 4 0 0 
565 409 563 1330 2194 3873 5548 1124 539 423 569 878 1095 1297 2853 7952 620 482 1152 2527 3821 3986 2272 746 
767 776 980 1817 3340 4417 2249 405 673 744 745 947 1298 2071 4424 3849 988 1004 1764 3196 2888 2459 2155 297 
1046 1173 1740 1933 1747 2368 3291 1682 1256 1916 1539 1457 1069 1405 1830 4508 1390 1559 2561 2145 1966 2935 1708 716 
2368 3230 2739 2364 1936 837 739 307 3513 3089 2787 2023 1332 669 602 505 2804 2856 2420 2104 1572 1218 732 814 
253 1459 2061 4639 4048 2940 1423 969 3 728 977 1888 3412 5012 4618 1154 4543 2719 3133 2277 1999 1400 1353 368 
1374 755 2650 5384 4402 3630 1158 147 0 563 1716 2228 4256 4494 4479 1764 5069 2209 2284 3440 2139 2306 2024 29 
43 1030 730 2951 4769 4339 1581 13 0 16 856 566 1979 4302 6019 1718 680 1540 1845 2459 2824 4229 1827 52 
599 1227 804 843 1376 2108 2527 1640 0 171 1222 1473 1320 2608 3076 1254 2453 1130 1739 1590 1147 1799 1234 32 
14 94 247 608 1876 4068 2325 1040 0 37 162 458 1150 3748 4242 475 1896 1294 1479 2333 2074 837 257 102 
113 1553 3674 3224 3603 1342 343 209 160 2451 3718 3880 2769 598 328 157 986 5442 3423 2471 1547 131 26 35 
351 3635 3415 2795 2244 887 49 55 1204 4495 2722 2152 1927 821 53 57 3208 5396 2764 1776 185 35 28 39 
218 3678 2106 1783 1437 1106 455 641 323 3804 2127 1762 1308 1103 369 628 1076 4301 2163 1821 956 381 198 528 
1950 1308 2101 3362 1130 770 267 148 1672 3418 3456 1293 807 229 65 96 2811 1015 2098 2155 1606 989 345 17 
889 612 1050 1651 1954 1756 2246 1385 500 1019 1171 1456 1542 1787 2194 1874 1974 1258 1537 1584 1575 1394 1501 720 
932 1037 1887 1935 1745 1733 515 417 695 1556 1737 1755 1378 1629 1186 265 2718 1785 1418 1229 1494 1187 318 52 
592 965 1717 2805 1092 792 919 697 372 1448 1510 2421 1317 722 962 827 1660 2422 1894 995 632 641 721 614 
544 292 248 173 255 303 359 1770 196 595 287 242 284 350 347 1643 945 337 212 226 412 447 412 953 
2306 2854 2354 1254 1579 3474 5531 2996 1552 2468 2780 1132 1350 1803 4763 6500 3605 4992 3876 3920 4173 1243 299 240 
2323 2961 1630 1694 2246 4382 6437 2780 1800 2735 1481 1559 1732 2942 6482 5722 4766 4085 2707 6458 4545 1255 542 95 
525 4749 4206 4018 3655 3880 1916 424 214 2695 4236 3726 4650 3736 3242 874 6285 6113 4467 4277 1545 385 233 68 
217 3616 2712 3061 2447 2924 6637 8437 178 2768 2410 3274 2577 1934 3825 13085 2770 7172 5185 6919 5044 1814 609 538 
139 976 1408 2008 2777 1977 4610 2355 17 790 1481 1529 2672 1976 4816 2969 968 3132 3491 4334 4082 204 37 2 
52 1687 1794 1777 157 0 0 0 43 1041 1841 1857 685 0 0 0 1943 2752 756 16 0 0 0 0 
148 849 926 1008 1210 2003 4728 5667 31 785 839 918 924 1390 3234 8418 1233 1967 3225 3409 2805 2440 989 471 
32 260 967 1244 1084 2157 4204 2856 1 180 772 966 1435 1607 2257 5586 300 1436 2464 3582 3486 1066 320 150 
151 861 531 572 2141 2961 4820 5073 161 752 497 507 600 2710 3261 8622 540 1672 2051 5058 6139 1071 400 179 
16 963 1133 593 459 867 4742 5051 0 674 1085 740 396 539 1460 8930 592 1589 1659 4838 3284 1278 403 181 
0 10 71 234 504 963 320 5 0 2 49 119 379 834 714 10 0 28 441 1013 411 86 107 21 
5 111 198 318 512 971 660 25 1 49 218 227 406 902 933 64 22 280 856 915 614 111 2 0 
0 32 57 83 134 328 315 1 0 28 60 61 124 273 399 5 34 73 98 248 346 145 6 0 
4 159 139 301 559 832 513 31 5 134 106 241 470 793 726 63 30 321 855 937 356 39 0 0 
0 61 296 635 1063 881 244 12 0 29 209 437 979 1081 436 21 26 767 1353 886 154 6 0 0 
1693 590 1969 2380 930 757 1773 2436 1890 555 2254 1839 998 951 1730 2311 2296 4493 1171 879 1089 1328 1219 53 
454 1231 2529 2030 1871 1697 2663 7517 1546 1982 1768 1963 1522 1776 3918 5517 4180 7769 2252 1621 2649 1224 228 69 
1876 2986 2087 988 1214 1746 2734 5404 3810 4266 1660 1541 1540 3212 2871 135 3884 5709 2467 2097 2943 1711 224 0 
1576 3613 2970 2438 1751 1481 2020 2103 4529 5700 1830 1387 1636 1653 1178 39 4611 6103 1969 1622 1651 1455 541 0 
385 549 523 1858 1273 1012 2512 6276 554 890 1232 2213 1781 2037 3972 1709 1095 3108 2955 1553 1465 1296 2768 148 
187 1445 2580 1099 917 1066 2688 5390 488 4146 1261 1366 1911 3075 2315 810 1677 5336 2677 2251 1700 1319 400 12 
678 1823 4521 3146 1608 855 1076 668 1437 5221 3095 2129 734 694 686 379 2469 9208 1545 551 241 150 135 76 
378 1125 2587 1999 1338 1250 2541 3060 627 3379 2051 1872 1551 2001 1848 949 1843 6989 2137 1024 1247 786 235 17 
1517 1933 1529 1224 1348 1294 722 2351 4535 2759 638 730 487 359 746 1664 3446 4753 870 455 1471 708 131 84 
2 1590 1489 1428 2141 3531 1195 621 1 1376 1080 1285 1363 2708 3358 826 4355 4379 1749 624 345 236 221 88 
35 757 3134 2915 1912 1652 399 311 9 521 1418 3530 2356 1921 1023 337 5301 2963 1396 737 287 127 172 132 
8 868 2151 1069 609 336 0 0 248 1581 1457 702 570 410 73 0 118 978 1600 1135 505 384 292 29 
11 300 528 2538 2183 273 107 0 1 221 464 1918 2240 807 286 3 59 1238 2327 1097 522 329 232 136 
67 215 405 1826 3152 500 65 0 49 150 355 1672 3113 742 149 0 100 199 669 2408 2077 357 368 52 
176 505 882 2254 1737 116 0 0 156 849 1201 2184 1054 226 0 0 136 634 879 1437 1931 629 24 0 
1118 877 513 509 933 193 5 0 1152 827 415 593 821 331 9 0 913 1029 571 691 453 382 106 3 
1091 2103 463 194 286 509 214 0 1169 1973 513 200 256 482 267 0 623 2163 772 251 231 386 389 45 
291 1307 1973 729 487 173 4 0 826 1483 1524 426 521 177 7 0 448 1312 1325 1151 531 193 4 0 
581 612 543 280 356 196 12 0 553 530 470 435 293 232 67 0 378 566 539 492 389 149 31 36 
80 440 472 263 116 155 367 222 52 379 446 302 168 77 328 363 8 217 415 330 273 146 247 479 
221 599 538 440 70 32 32 156 215 566 417 579 77 37 35 162 92 539 432 459 326 36 26 178 
46 366 417 423 113 40 52 235 107 405 507 238 74 76 41 244 36 277 338 417 279 55 35 255 
209 468 511 293 113 78 21 92 112 404 525 381 107 93 65 98 30 327 299 573 227 72 93 164 
62 575 599 367 153 50 38 256 31 291 753 524 174 28 30 269 8 378 503 468 340 88 33 282 
82 235 264 277 198 136 103 0 0 119 192 276 230 255 172 51 261 455 261 185 92 41 0 0 
45 279 299 263 220 144 147 154 0 61 264 284 242 250 201 249 281 595 274 131 93 88 65 24 
49 282 244 209 151 77 29 47 0 102 233 232 191 185 82 63 276 501 181 64 25 25 16 0 
400 316 224 265 356 204 35 0 23 455 242 238 393 270 162 17 773 327 442 209 45 4 0 0 
0 0 81 111 148 197 229 323 0 0 3 126 113 169 294 384 0 202 235 225 183 140 100 4 
0 0 27 151 281 281 380 320 0 0 0 83 217 242 414 484 0 64 342 290 354 266 120 4 
1307 1150 874 1783 461 674 303 0 395 1712 606 1964 622 468 778 7 2299 878 2286 797 248 43 1 0 
507 1061 420 456 651 1213 1411 161 269 1042 492 366 523 923 1869 396 1575 1115 1446 1064 389 168 73 50 
80 1088 387 1004 762 1126 720 17 34 506 819 859 714 896 1240 116 1188 1036 1400 1005 391 154 10 0 
310 214 159 190 432 797 989 95 205 247 135 167 255 572 1165 440 564 486 751 734 381 246 24 0 
735 619 337 487 697 864 1123 106 533 660 271 387 670 769 1180 498 1365 729 814 688 795 539 38 0 
1124 957 416 374 451 936 712 0 313 1486 530 407 449 1105 680 0 2206 660 658 496 249 701 0 0 
0 1117 794 555 604 773 630 0 0 289 1229 806 597 549 988 15 631 1325 774 666 969 108 0 0 
979 3483 347 215 143 180 161 0 253 3939 397 363 209 218 129 0 3628 1184 173 124 151 161 87 0 
2175 2947 1188 988 594 137 4 1 3398 2684 912 732 296 11 1 0 4738 1380 870 791 251 4 0 0 
1998 1808 760 1088 680 17 0 0 3065 1143 790 1203 150 0 0 0 3286 896 764 1216 189 0 0 0 
1934 1522 1167 1236 1014 109 28 20 2577 1556 1193 1261 392 27 22 2 2955 1534 1131 966 416 20 8 0 
2225 2073 960 1146 310 70 4 1 3603 1329 1078 653 120 5 1 0 3982 1147 1101 473 84 2 0 0 
2651 1763 863 922 419 6 0 0 3746 1135 799 918 26 0 0 0 3981 1088 980 567 8 0 0 0 
5 172 464 674 499 471 617 518 301 690 406 497 516 579 357 74 251 870 451 542 525 338 310 133 
85 546 608 548 547 666 344 20 497 855 630 586 410 288 72 26 419 1022 636 524 370 273 119 1 
18 397 633 351 254 269 443 883 96 280 518 459 342 305 322 926 142 998 762 504 328 216 224 74 
218 1450 1033 487 221 106 49 27 1331 1063 571 241 151 187 31 16 1180 1283 622 178 175 104 31 18 
2105 6139 1152 0 0 0 0 0 1759 1297 6178 162 0 0 0 0 8755 466 174 1 0 0 0 0 
3612 2081 9959 577 12 0 0 0 3306 965 2818 8121 1027 4 0 0 10227 4827 1145 41 1 0 0 0 
2159 590 4278 2368 240 25 0 0 1981 438 829 3846 2333 229 4 0 5422 2807 1267 134 30 0 0 0 
1977 1353 5307 3559 1598 1215 366 0 2033 450 2091 4748 3419 1525 1109 0 7304 3466 1956 1382 652 449 166 0 
1904 4666 1395 169 0 0 0 0 2000 1660 3511 961 2 0 0 0 7267 559 130 176 2 0 0 0 
1210 2894 4583 55 0 0 0 0 1115 905 3058 3627 37 0 0 0 4675 3679 388 0 0 0 0 0 
723 1818 6752 2444 542 184 0 0 495 1016 3132 4752 2870 198 0 0 6305 3555 1527 500 285 278 13 0 
964 1765 5097 2207 254 13 0 0 485 887 2710 3567 2518 133 0 0 5243 2679 1784 510 84 0 0 0 
0 354 4546 9814 1528 466 966 1928 0 0 180 1563 4446 9948 1800 1665 13668 2755 2281 735 147 16 0 0 
1 2189 9020 2677 707 408 433 1998 0 0 184 3627 9022 2047 1345 1208 13413 882 948 1855 226 88 21 0 
5 327 3061 9553 3420 653 606 1735 0 6 164 757 5885 9699 1876 973 14487 1884 1024 1021 289 156 275 224 
18 2063 7897 4455 839 528 1282 1122 3 399 736 3018 5380 5190 1177 2301 14211 1387 1756 367 292 149 36 6 
18 1409 8398 3599 1028 555 2047 91 0 81 255 1478 6446 4799 2237 1849 10750 2914 1605 1051 590 219 16 0 
322 724 3725 8600 3189 963 660 1248 0 442 730 1224 4316 7318 4196 1205 13782 2261 2252 714 378 44 0 0 
0 3502 10642 971 312 179 37 17 0 34 2746 8392 3961 323 132 72 15019 423 129 40 22 15 12 0 
0 579 9620 3152 767 608 311 83 1 83 840 5726 5215 2017 774 464 12281 1351 804 461 220 3 0 0 
505 4394 3375 860 115 58 48 725 0 784 3266 2864 2270 107 57 732 8933 209 97 73 49 64 125 530 
86 1618 4625 2363 367 225 264 1187 0 187 1466 3355 3434 590 242 1461 8665 295 181 164 207 202 275 746 
255 299 293 296 241 140 81 78 196 211 236 241 213 280 160 146 307 307 317 304 178 122 63 85 
584 282 252 224 122 58 40 70 518 195 238 225 193 124 55 84 768 390 179 116 65 39 58 17 
394 239 355 406 241 153 79 109 314 169 206 336 374 270 143 164 347 452 410 343 196 93 62 73 
436 275 333 325 335 226 117 136 357 213 329 327 343 314 161 139 547 466 356 323 234 105 64 88 
0 41 265 108 86 102 209 177 0 3 185 190 82 109 228 191 232 192 270 161 88 42 3 0 
0 107 275 143 144 119 243 185 0 60 225 158 140 166 218 249 360 298 273 138 40 50 54 3 
0 79 137 110 110 163 191 109 0 27 157 115 87 146 221 146 390 239 168 43 14 23 17 5 
0 24 464 71 26 36 67 14 0 7 353 175 44 34 73 16 143 345 68 34 72 37 3 0 
0 37 284 140 135 160 141 75 0 29 231 151 121 172 180 88 387 217 112 102 87 43 23 1 
0 44 600 54 20 15 14 53 0 19 514 144 35 18 18 52 191 426 102 22 20 14 25 0 
0 17 175 109 83 117 193 112 0 12 135 119 78 119 185 158 258 189 239 62 34 14 10 0 
0 28 208 124 122 165 254 123 0 24 153 142 108 161 262 174 240 383 252 52 34 18 37 8 
0 50 589 33 25 31 40 0 0 6 513 148 30 41 30 0 87 483 79 21 22 26 50 0 
20 126 338 9 10 3 0 0 6 105 252 130 9 4 0 0 206 234 47 9 7 3 0 0 
0 338 269 24 23 24 42 0 0 132 471 29 23 27 38 0 196 384 32 16 18 27 44 3 
0 167 406 89 45 30 66 3 0 128 374 131 56 44 50 23 178 460 75 46 41 4 2 0 
59 418 670 1200 895 893 440 0 48 351 552 1322 992 625 684 1 1768 1261 634 310 66 110 411 15 
1035 1950 650 250 244 94 25 0 2425 992 322 203 195 71 40 0 2327 1141 281 196 174 76 53 0 
421 919 874 448 456 500 254 16 1120 1038 723 357 229 183 237 1 1202 1065 766 480 157 36 168 14 
1247 2154 861 494 340 124 9 0 3193 633 530 382 342 121 28 0 3422 942 383 202 147 100 33 0 
503 819 1109 1153 1087 919 283 1 1328 1060 1255 1187 717 235 92 0 1318 1097 1319 1199 685 170 85 1 
3223 1266 810 497 533 183 0 0 3676 676 916 445 315 455 29 0 4226 1526 519 157 73 11 0 0 
1263 2993 898 555 2031 208 35 7 1246 3036 858 528 801 1488 30 3 1728 2542 876 539 430 1009 866 0 
1189 1749 527 404 954 203 32 101 1279 1635 523 397 270 921 50 84 1478 1461 573 375 211 426 623 12 
1910 2657 658 576 700 131 50 26 1910 2654 661 567 475 378 46 17 2430 2191 648 564 383 348 144 0 
844 1620 714 260 656 196 0 0 860 1886 418 252 525 347 2 0 1180 1681 332 240 356 399 101 1 
412 1172 632 358 561 196 29 0 425 1147 632 341 431 354 30 0 455 1261 534 314 381 315 100 0 
1596 1261 215 226 331 164 46 25 1596 1258 207 195 356 190 44 18 1836 1032 224 198 203 340 31 0 
694 677 767 1392 1351 831 735 393 526 710 984 1627 1304 587 606 496 715 741 1046 1655 1596 553 384 150 
1227 918 887 1099 902 1110 1542 555 1177 1200 840 1003 1146 877 1424 573 1414 1355 1388 2078 1195 557 241 12 
1820 905 1125 1358 1076 854 936 374 1527 1439 1571 1174 834 513 905 485 1866 1316 1749 1508 1027 730 251 1 
998 772 1015 1048 1036 1320 1148 247 854 1107 1143 1221 1089 924 997 249 992 1161 1700 1501 1398 653 160 19 
604 474 705 558 670 826 1759 794 418 604 514 848 609 677 1808 912 605 693 1107 1206 1386 1152 207 34 
2267 1498 1123 722 519 521 1312 238 2382 1385 745 1170 597 404 1179 338 2500 1567 1635 939 1157 373 28 1 
1603 1032 886 1137 871 851 757 234 1573 1363 1410 1355 622 322 551 175 1719 1387 1581 1542 703 299 110 30 
1114 872 751 1126 1065 1033 1306 1033 1501 1362 1101 887 689 719 1442 599 1574 1589 2081 1902 815 101 149 89 
785 1058 1248 1166 953 877 1034 689 1433 1714 1023 852 651 553 1222 362 1374 1991 1900 1518 704 311 12 0 
275 590 927 1053 1153 1088 1220 1164 392 1413 1024 905 1124 649 1284 679 378 1480 1971 1901 1093 527 99 21 
348 915 932 768 1013 1078 523 121 635 1747 1523 1005 413 138 134 103 641 1695 2256 743 128 77 108 50 
288 691 580 684 776 771 733 551 290 1071 960 742 495 470 632 414 370 1107 1415 1168 391 261 239 123 
324 893 7961 4189 8200 13323 8351 4522 448 567 1615 10180 7728 15325 8417 3483 21233 9950 5013 3035 2719 2718 1432 1663 
841 1292 2428 8893 14119 13297 11152 5018 1045 963 1876 8205 14288 15492 11238 3933 26629 9209 7351 4633 3804 2642 1454 1318 
13939 5995 7962 1963 2738 1569 1389 283 16135 5108 4500 5202 2041 1692 968 192 18654 7366 2856 2322 2125 1738 666 111 
5246 3750 5462 5730 5678 5559 4145 1272 7785 5505 6321 4779 4954 4073 2452 973 9346 6105 5170 4186 4933 3806 2752 544 
2054 3462 4364 5870 6087 3803 2020 1068 3812 3553 5012 4565 5008 3949 1800 1029 5345 3994 4186 3683 3628 4973 2612 307 
4775 3675 2790 4264 2512 1682 1254 327 7657 2248 1913 2961 2702 2083 1492 223 8223 1821 2149 3303 1919 1590 1378 896 
1199 1162 1138 1424 1430 530 272 45 2509 1563 1243 836 417 447 151 34 3789 1619 911 323 442 69 16 31 
4223 751 251 536 891 154 0 0 4608 465 214 670 826 23 0 0 4797 658 1164 185 2 0 0 0 
236 769 692 1478 1288 1142 344 15 865 1378 1075 821 672 1008 134 11 1907 1829 986 702 490 36 8 6 
166 376 478 1245 2046 2731 77 42 238 349 757 1311 2393 2036 44 33 3153 3228 325 355 59 20 16 5 
149 223 791 733 1883 2092 131 18 182 265 940 1081 2161 1318 67 6 2345 2372 922 320 37 20 4 0 
12 93 126 91 19 7 3 29 0 15 38 66 70 105 53 33 125 168 40 10 3 3 8 23 
9 88 143 61 5 0 0 0 0 8 67 50 57 94 30 0 72 210 19 5 0 0 0 0 
7 37 38 134 121 41 2 0 0 6 31 29 18 97 181 18 172 142 50 12 4 0 0 0 
9 18 35 108 74 41 10 25 0 6 15 23 34 83 113 46 116 105 43 18 10 3 8 17 
2 28 74 76 54 2 3 1 0 10 43 43 46 51 44 3 81 123 28 0 4 1 2 1 
21 78 120 91 44 2 2 2 61 145 92 49 6 3 2 2 100 160 81 12 2 2 1 2 
0 120 115 73 25 3 2 4 38 174 75 39 8 3 3 2 93 157 66 17 2 2 3 2 
15 29 610 2739 7969 2376 1085 219 11 31 191 1777 5228 6376 1313 115 1155 7681 2859 1336 957 964 90 0 
6 30 211 1392 4753 5222 7499 1887 4 28 111 796 3408 3788 6469 6396 530 2998 8995 5829 1976 599 73 0 
0 5 51 1241 4497 6899 7409 562 0 4 40 633 3449 4317 8532 3689 274 3043 8239 4095 2417 2025 571 0 
0 539 637 2973 6426 8877 6407 790 0 243 839 1499 5372 6411 8333 3952 534 6096 10846 5414 2607 1152 0 0 
0 96 282 980 1300 1204 180 638 0 183 358 1074 1173 1149 191 552 82 2141 1143 462 148 113 146 445 
0 85 244 2053 1579 75 68 318 1 147 615 1908 1267 110 68 306 242 3312 370 67 35 22 32 342 
0 24 69 1233 1274 131 44 537 1 40 314 988 1179 210 45 535 53 1779 744 69 51 45 35 536 
0 527 248 1185 1650 1070 41 353 11 553 332 905 1457 1425 42 349 760 2646 923 269 62 35 32 347 
0 137 345 1104 1596 1583 242 286 5 149 574 931 1292 1774 278 290 2832 994 466 195 88 124 190 404 
0 413 387 894 1816 1675 40 1 44 473 464 880 1253 2059 53 0 2770 1530 592 285 37 11 1 0 
0 129 429 530 1046 2121 264 117 0 261 371 454 857 1800 773 120 2168 1215 453 333 120 93 87 167 
0 6 150 852 1235 1044 283 390 0 32 212 831 1237 1152 129 367 261 1478 922 465 317 107 84 326 
4538 2848 1619 1056 856 1874 988 263 4600 2578 2029 1069 1264 1890 466 146 3925 1629 2223 2170 2549 1203 213 130 
1870 2520 3956 1888 1183 1348 271 276 3794 3415 1945 1338 1418 1031 160 211 2952 3217 3087 1676 1233 782 176 189 
150 687 1651 1437 1245 1086 1151 6453 122 445 1683 1624 1209 1006 1611 6160 2376 2082 1797 1936 3019 2377 271 2 
0 729 1773 2764 2548 3639 1976 3068 0 591 1641 2856 2549 3048 2319 3493 3857 3423 2812 1756 3007 1165 208 269 
4190 2504 1965 1401 1106 832 1974 308 6165 2466 1184 595 566 792 2204 308 5855 2141 1661 1396 1226 1586 196 219 
2 2472 1335 704 859 1223 1031 651 1298 1990 785 680 1117 1486 718 203 563 2021 1456 654 750 1070 1076 687 
1341 1706 1497 547 174 27 14 26 1185 1901 1408 654 143 15 14 12 419 1382 1354 1336 649 189 3 0 
1950 1511 2164 1514 506 119 93 47 1614 1779 2085 1680 583 120 42 1 606 2146 1445 1292 1351 990 68 6 
1527 1397 1668 1318 770 1011 207 40 1211 1568 1893 1295 951 905 113 2 785 1115 1433 1491 1050 825 977 262 
2519 2323 2117 1308 69 25 28 39 2618 2483 2609 631 18 20 43 6 1862 2063 1948 1759 751 44 1 0 
2907 836 1314 1446 903 416 80 18 2925 1258 1394 1343 942 40 6 12 1279 2163 1433 1386 1091 523 45 0 
2007 1756 1566 1318 941 420 119 10 1772 2098 1520 1550 968 189 40 0 1357 1058 1538 1979 1214 827 130 34 
2701 2278 2181 2228 582 158 77 3 2183 2833 3048 1513 467 130 33 1 1095 2119 2700 2371 1362 412 129 20 
1874 1521 2428 1863 1302 528 200 312 1637 2134 2164 1910 1306 484 157 236 1496 1440 1361 2117 1936 1256 400 22 
471 560 909 811 861 137 59 134 523 688 906 800 778 53 58 136 288 646 688 593 577 736 276 138 
5406 5694 3947 3124 5168 997 0 0 4743 6066 4330 3026 5029 1139 3 0 12539 5321 4921 1114 176 90 115 60 
3426 4173 4527 3747 2899 1710 0 0 3024 4339 4196 3996 3660 1267 0 0 8355 6205 3751 634 634 645 204 54 
0 409 1022 388 613 458 241 41 0 102 1205 432 564 501 312 56 822 756 501 473 359 141 104 16 
0 807 1206 408 387 119 13 0 0 238 1561 469 319 324 29 0 327 1477 352 253 164 186 169 12 
0 811 1264 291 838 231 120 63 0 158 1743 352 256 859 150 100 608 1299 264 215 289 222 346 375 
6 1083 960 212 581 62 0 0 0 526 1403 250 142 567 16 0 1119 860 164 141 60 73 239 248 
25 358 1184 757 762 373 178 159 0 297 1086 911 416 718 207 161 607 1215 679 336 253 262 339 105 
28 1312 1005 366 649 44 0 0 0 777 1445 490 134 556 2 0 1456 805 359 87 86 102 242 267 
50 1843 664 161 271 19 0 0 3 1192 1245 236 134 198 0 0 1938 532 117 82 75 138 116 10 
6 249 1506 914 511 438 445 171 0 197 1609 856 381 518 455 224 667 1469 741 511 501 195 125 31 
4 720 629 354 333 568 378 326 2 511 786 349 271 476 522 395 724 751 317 500 540 381 98 1 
24 609 1634 279 383 420 399 270 8 521 1606 359 219 580 425 300 787 1560 266 367 487 269 203 79 
89 799 1700 434 260 221 267 150 19 745 1456 705 273 236 284 202 1103 1687 297 293 299 186 50 5 
37 136 1111 293 776 486 539 332 14 162 1004 350 343 819 573 445 349 1031 254 358 718 432 491 77 
1427 2334 2334 4142 1728 5 0 0 1490 2882 4016 3216 366 0 0 0 1855 3930 3080 2255 849 1 0 0 
1815 1890 2636 3298 1565 27 1 0 2443 1847 2581 3336 1022 3 0 0 3775 4275 2442 684 54 2 0 0 
285 1960 1627 2117 2496 1616 0 0 173 1625 1863 2345 3082 1013 0 0 1383 5262 2337 969 150 0 0 0 
314 1958 1776 2321 2530 2547 1841 0 338 1849 2003 2031 2063 2211 2654 138 1964 3773 2108 2714 2653 75 0 0 
1497 1359 2030 2278 3379 2304 673 0 1335 1483 2291 2768 3117 1139 1296 91 1540 1655 2845 2850 4120 510 0 0 
2684 3223 2608 1917 1239 204 25 0 3420 2957 2868 2125 430 82 18 0 3625 3191 2371 1924 774 15 0 0 
9875 105144 103834 67583 11734 198 0 0 2784 41514 114479 100042 39402 147 0 0 127752 129522 29810 9002 2282 0 0 0 
8957 124628 195270 34579 4234 1666 805 418 2687 40050 168700 148727 6792 2031 1079 491 206353 137280 20142 4206 1379 638 347 212 
1170 48031 118772 67862 11337 5747 5826 4250 53 16199 60284 135338 31174 6321 6648 6978 77439 127467 34808 13596 4134 3359 1433 759 
21489 114833 19212 2519 1259 497 1973 9106 8749 100374 41392 7462 1418 466 2734 8293 62482 88191 6253 1910 1187 4059 3511 3295 
3131 96803 58705 22364 2793 177 149 4347 103 31368 91715 50168 10313 299 158 4345 61829 106434 13928 1609 140 136 175 4218 
2269 66556 72160 53684 2851 677 579 12752 211 40978 57365 86193 12808 649 608 12716 48668 103104 39161 6349 703 533 920 12090 
9789 121012 12898 3457 896 670 1297 3854 5780 79846 57368 3304 1709 1127 2387 2352 75020 60627 9975 2411 1271 2546 959 1064 
10416 136561 14498 6230 2063 152 77 103 6154 64311 86344 9546 3397 176 96 76 84279 75812 7610 2117 113 81 56 32 
2607 102668 63698 15211 8287 2375 562 0 1503 53721 89994 35649 11412 2703 426 0 44521 107580 24623 14771 3757 156 0 0 
2443 111093 118370 24792 3197 144 1 0 712 50865 92256 106877 8627 696 7 0 103787 108557 36170 11100 424 2 0 0 
4039 77836 63385 27982 1530 1291 111 6 930 44981 50343 64528 13843 1301 233 21 67385 63007 24717 17696 3022 329 24 0 
86 40315 134974 33142 1170 239 56 0 0 4051 68747 125499 10946 607 132 0 21808 134029 33052 13531 6938 483 119 22 
2375 66287 102082 25014 13266 10484 14449 8539 1714 16689 101633 68509 13880 9976 12045 18050 111098 72920 33879 11017 7620 2830 1132 2000 
2550 47237 12439 8730 665 548 2093 552 836 22643 33178 13158 1691 722 1939 647 7275 47667 13307 2289 2930 1244 102 0 
0 137 4884 2469 391 199 85 19 0 42 3090 3088 1452 296 164 52 1619 2980 2627 634 213 83 25 3 
0 214 3768 2603 776 536 811 382 2 52 2081 2660 1675 783 763 1074 1571 3160 2522 832 459 234 104 208 
0 260 8487 1803 372 70 58 0 3 112 3719 6152 878 113 66 7 2379 6173 1537 516 253 144 40 8 
0 43 3155 1263 928 781 1012 570 0 126 1835 1673 802 844 1045 1427 971 2491 1374 893 753 538 402 330 
23 442 1124 2019 2358 1191 353 1454 17 90 810 1185 1649 2633 2499 81 981 1330 1807 2191 1253 1379 23 0 
12 380 690 467 443 700 1028 2176 12 45 428 683 439 552 2021 1716 591 698 438 530 1185 2032 374 48 
5973 21524 16593 13544 6473 1847 346 0 4970 10048 14409 11233 15148 9633 859 0 37021 15688 7685 4889 1007 9 1 0 
2685 11733 16813 11985 5856 1240 436 16 1718 3939 12535 9559 15166 6262 1499 86 29470 11349 6914 1927 778 296 28 2 
7605 14470 14404 14725 4466 1060 366 104 5977 4725 11929 9333 12772 10880 1319 265 36837 13623 3984 1814 499 252 184 7 
777 358 132 99 173 193 89 28 800 359 120 102 224 186 41 17 650 381 234 160 266 127 20 11 
477 560 217 119 180 103 23 31 803 296 177 139 191 61 19 24 667 465 169 172 158 38 20 21 
13 178 297 289 284 456 224 366 0 157 290 292 280 390 281 417 536 460 300 231 416 111 29 24 
777 347 143 77 81 105 137 25 1022 186 85 49 62 79 192 17 928 269 120 88 126 128 13 20 
38 181 162 171 139 118 151 768 18 150 197 191 125 114 185 748 363 230 222 222 409 274 8 0 
170 272 99 79 86 118 119 77 345 134 73 95 127 147 84 15 246 214 91 74 102 99 117 77 
956 984 576 521 525 810 359 79 245 1385 804 495 561 847 417 56 4254 439 82 27 8 0 0 0 
942 711 834 847 553 1002 596 125 129 1287 988 768 648 1085 645 60 4755 640 162 49 4 0 0 0 
868 899 510 569 557 453 131 9 29 1511 565 605 614 546 126 0 3934 54 8 0 0 0 0 0 
541 484 235 341 422 363 242 204 48 874 304 332 481 406 284 103 2260 220 157 140 50 5 0 0 
378 1763 653 361 335 158 0 0 0 1175 1359 538 408 168 0 0 3648 0 0 0 0 0 0 0 
32 5311 5658 5313 4587 1864 552 335 862 5008 6810 4317 3886 2215 316 238 187 4932 5108 5650 5108 1513 819 335 
9845 15172 4368 4390 7416 2147 164 58 15310 11297 2967 4146 2476 7214 135 15 7012 14806 7342 4093 9639 442 169 57 
0 4280 8380 8470 8860 2242 1280 718 54 6981 8352 8580 4070 4480 1349 364 82 9068 7707 6585 5888 2599 1269 1032 
941 15799 5642 3913 2041 908 490 212 7478 12231 3339 3720 1623 1064 391 100 2636 13371 6819 2978 2540 962 437 203 
7417 11473 3982 2183 5272 728 149 58 10993 9117 3324 1770 3119 2805 91 43 7111 9349 5629 2541 4384 1913 260 75 
758 13284 9584 4179 2392 960 669 876 5090 9930 9435 3688 2390 893 690 586 1745 12769 7524 4409 3388 1260 630 977 
486 764 606 352 628 343 232 6 284 725 755 393 644 334 278 4 374 1201 221 438 515 322 339 7 
8 576 531 322 432 602 387 22 18 579 525 349 492 585 321 11 106 892 445 291 370 489 284 3 
78 1300 764 350 371 491 327 11 178 1139 765 437 394 471 300 8 412 1155 577 348 323 509 363 5 
45 978 633 289 375 517 260 3 94 871 663 512 411 448 101 0 306 916 575 348 382 430 143 0 
1684 991 758 337 229 144 40 4 1675 1038 891 267 168 118 28 2 1719 968 900 265 167 130 34 4 
1094 970 475 190 187 75 25 20 1416 787 410 298 56 34 27 8 1318 893 344 361 58 39 19 4 
319 2443 697 550 121 156 102 32 498 2524 394 509 260 158 75 2 842 2217 445 456 195 198 64 3 
413 2011 458 243 25 18 31 13 565 1890 296 306 107 32 16 0 1151 1376 335 148 80 119 3 0 
46 1048 1087 486 196 193 296 125 235 924 999 559 267 295 186 12 598 1295 731 259 219 237 130 8 
184 8151 14542 13692 11653 17680 16521 3926 5058 18893 16375 21015 13277 7610 3472 649 12468 28242 19773 16946 6096 1740 784 300 
0 2996 4167 3932 6116 16970 8931 1510 13 4005 11100 15953 9511 2645 883 512 3974 7863 10213 13473 7275 1248 507 69 
16 1918 4113 4901 5468 5684 9363 16329 2 905 5153 5585 5219 7142 8695 15091 1777 11098 18639 9878 3255 1742 858 545 
0 1328 6625 6985 7600 6111 9314 14741 0 160 5461 9040 6461 7368 9752 14462 4560 15022 19093 8334 3623 1145 716 211 
265 1633 4020 5419 6006 7280 3096 336 112 1729 4541 5053 3655 5281 6767 917 4501 8933 5323 4389 2973 1280 273 383 
0 254 2146 1518 1794 1415 153 0 181 894 1408 2153 1591 977 76 0 221 1170 2170 2090 1362 244 23 0 
25 937 842 1572 3085 5090 3540 2521 23 840 1071 1333 1862 3867 5053 3563 427 3740 3066 2496 2476 2310 1748 1349 
1 287 1019 2592 4304 7278 5019 1004 56 561 1583 3260 3466 5048 4749 2781 939 4619 4869 3569 3005 2373 1535 595 
4 275 717 2112 2838 2655 4247 84 0 294 1212 2145 2003 1969 3576 1733 169 2836 1960 1780 2068 2773 1241 105 
0 492 890 855 1044 1105 674 22 0 447 879 711 956 920 1096 73 1082 1100 556 518 813 780 213 20 
366 6182 4305 2607 2227 1385 599 113 1224 7706 2318 2313 2086 1625 405 107 714 6305 3594 2047 2870 1919 275 60 
644 6314 3951 3182 1367 460 85 13 1662 7566 2071 2535 1678 415 86 3 1053 6790 3428 3228 977 370 170 0 
288 3892 3361 2691 667 764 641 10 1119 5967 728 1826 1255 763 651 5 623 6141 1544 2482 630 869 25 0 
570 5216 1700 2025 1681 1443 133 0 1158 4878 1447 1502 2113 1471 199 0 578 5036 1965 2120 1584 1451 34 0 
0 310 1765 3523 5731 4006 233 0 231 1968 4262 3958 3882 1132 135 0 110 3248 4692 4595 2080 729 114 0 
0 830 2789 4458 1328 78 0 0 468 5356 1946 1195 515 3 0 0 54 5075 3621 659 74 0 0 0 
18 546 1086 1299 1352 1289 680 884 101 1453 1503 1399 1366 717 282 333 814 1785 1676 1360 722 347 116 334 
107 520 1063 1344 2716 2199 817 804 146 563 1213 1573 3136 1860 727 352 839 2173 3312 1789 848 386 222 1 
205 2030 3100 1512 602 338 262 799 1368 3228 1476 875 535 328 226 812 2011 2967 1629 1012 417 278 253 281 
471 662 835 565 474 616 852 3379 651 694 727 375 404 516 744 3743 1286 1526 1252 1587 1375 423 188 217 
155 1094 1743 1549 1024 499 290 528 297 1672 2154 1081 602 393 226 457 379 1921 1557 1209 1016 392 262 146 
513 2185 1108 653 410 277 127 62 1362 2265 974 341 190 151 48 4 2374 1870 699 239 105 40 8 0 
286 3572 1800 608 886 477 176 7 408 3633 1622 568 539 910 125 7 3011 2857 450 918 480 92 4 0 
642 3149 1923 1284 1125 683 333 626 1130 3765 1844 826 837 568 245 550 2420 3012 1756 965 514 379 293 426 
58 298 676 1234 1044 791 874 3162 134 667 1225 1220 800 669 762 2660 501 1250 1335 1711 1344 895 583 518 
1269 1843 1954 1374 1133 1101 426 1220 1760 3247 1309 625 609 1191 464 1115 2441 2659 1608 1441 505 438 375 853 
3537 4260 1608 1060 776 647 178 219 5318 4699 614 252 234 614 314 240 5968 4022 847 813 322 121 50 142 
668 2206 1728 1667 1499 1453 1048 1199 1823 3357 1845 1346 987 1138 503 469 2102 3279 1886 2017 1359 237 191 397 
223 2695 1992 1125 537 470 228 178 348 2872 1902 838 596 538 202 152 835 2812 1849 1056 426 247 147 76 
91 568 2121 1935 1265 1010 1128 182 170 876 2139 2194 1606 858 457 0 226 1393 1567 2001 1640 809 565 99 
68 194 362 431 296 260 371 697 38 194 160 415 626 516 374 356 159 333 533 576 397 422 209 50 
1454 512 410 206 166 68 111 269 1458 400 366 291 166 206 135 174 974 1127 357 198 151 203 38 148 
66 263 280 491 470 413 270 540 85 254 349 630 359 273 299 544 11 222 308 563 508 274 258 649 
277 489 277 290 299 396 669 618 88 727 389 494 694 495 136 292 1345 688 423 312 182 88 79 198 
874 704 362 408 334 366 488 653 999 1123 440 383 376 293 241 334 2082 954 637 329 83 34 17 53 
622 397 339 333 459 384 109 102 917 436 335 265 274 308 121 89 823 477 290 338 356 263 83 115 
408 333 414 422 594 503 280 438 733 743 348 288 224 500 361 195 595 723 540 395 280 274 280 305 
548 600 594 396 389 373 259 369 1218 700 358 229 181 410 194 238 1064 748 457 288 244 374 147 206 
330 387 351 359 258 235 226 549 472 518 379 291 276 258 188 313 259 541 631 389 288 232 140 215 
874 587 170 129 127 94 85 213 753 595 197 135 130 134 112 223 583 683 298 229 155 112 118 101 
27 156 377 959 848 1100 547 594 105 152 182 421 978 1139 844 787 462 2041 557 433 370 169 89 487 
86 414 744 936 783 637 409 611 866 748 543 660 682 433 368 320 1326 1048 611 444 390 297 186 318 
29 132 418 719 886 1277 629 738 29 114 323 497 710 1158 1100 897 467 1868 643 510 371 189 142 638 
66 648 722 627 152 30 10 0 2 423 706 808 273 34 9 0 18 324 634 513 562 192 12 0 
38 530 470 700 122 44 68 49 2 299 580 643 332 59 70 36 15 234 467 338 341 523 56 47 
330 654 828 345 3 0 0 0 146 539 715 713 47 0 0 0 168 409 479 476 494 134 0 0 
224 208 640 598 244 311 173 2 112 238 454 743 256 406 189 2 152 184 241 538 853 376 56 0 
80 263 108 242 251 352 53 16 26 245 113 130 233 290 297 31 85 271 381 518 79 23 8 0 
71 460 522 185 101 75 102 32 45 784 292 145 88 73 115 6 56 631 442 183 86 117 33 0 
209 756 682 429 231 120 90 48 78 942 782 468 107 87 87 14 76 789 699 551 291 102 44 13 
170 578 802 457 162 32 18 4 140 866 626 412 137 27 11 4 114 695 691 466 206 34 8 9 
1 32 82 286 204 385 235 35 0 23 83 303 372 301 162 16 6 40 133 158 547 255 120 1 
167 346 779 362 147 74 78 8 100 222 536 778 168 84 56 17 123 122 283 608 633 156 35 1 
124 245 605 821 76 6 9 4 61 210 498 815 289 5 10 2 75 127 399 467 378 415 29 0 
33 304 508 463 259 23 1 0 6 250 713 533 78 11 0 0 10 161 415 452 531 22 0 0 
134 571 458 498 409 44 5 1 11 528 618 480 448 31 4 0 37 362 549 455 299 373 45 0 
7 256 368 403 286 208 142 291 0 208 472 467 325 105 176 208 0 117 375 418 425 274 171 181 
96 332 201 317 74 0 0 0 5 338 186 232 258 1 0 0 40 292 226 106 131 166 59 0 
1463 3012 764 917 528 1150 45 6 2892 1928 507 120 831 1557 45 5 2144 2363 754 194 89 81 2224 36 
786 3203 1900 1153 561 67 17 8 1664 3368 1239 257 707 448 8 4 1022 3157 1924 419 108 79 981 5 
2422 1387 1333 1652 1561 516 136 9 2806 1548 988 799 2002 829 43 1 2419 1497 1284 1243 439 216 1915 3 
1435 2026 850 837 113 55 84 12 2173 1586 676 307 517 111 41 1 1754 1844 788 438 79 49 459 1 
39 2074 2791 1144 461 109 48 8 515 2748 1705 349 1037 289 27 4 130 2104 2331 693 208 118 1085 5 
0 48 2107 2656 1417 1719 1142 2164 0 0 441 3018 2311 1838 1217 2428 1470 4592 1461 2284 921 255 214 56 
0 547 1046 1649 857 1444 1983 4982 0 41 882 1349 1440 1117 2030 5649 1424 2644 2398 1611 2622 953 394 462 
3 3641 3183 1875 1080 831 621 140 22 4771 2575 2323 860 424 299 100 1622 4644 2502 1449 747 230 99 81 
0 2018 2538 1099 660 792 1074 2187 0 442 2879 1829 723 693 942 2860 2239 3583 1939 1297 709 352 182 67 
10 782 2124 1580 919 770 979 1421 2 959 2663 1412 826 680 915 1128 517 3423 2140 812 609 422 523 139 
0 930 792 1952 1580 768 730 2463 0 69 1002 812 1709 1940 852 2831 849 1997 3359 1968 831 162 43 6 
0 1250 2781 2726 934 748 783 2595 0 480 1328 3262 2084 959 746 2958 3736 3860 1448 975 776 494 245 283 
7 1471 6290 1569 571 535 276 505 0 481 3449 4538 1166 479 498 613 6414 2519 1439 267 67 88 335 95 
11 648 4362 2541 886 828 1192 2044 0 225 797 5774 1043 894 872 2907 4412 3708 1259 1412 857 392 268 204 
0 698 1070 748 726 956 2193 3545 0 305 450 1163 771 733 1179 5335 1213 1812 2097 2495 1065 347 304 603 
0 50 412 707 693 765 816 792 0 4 93 708 522 812 805 1291 183 760 1006 1045 468 217 233 323 
703 5318 1419 1595 903 272 394 1942 339 5721 1346 1176 1257 310 403 1994 3517 3851 1791 1061 595 433 624 674 
0 1034 3244 2400 1046 503 488 0 0 64 1846 3250 1800 887 658 210 3837 2636 1707 513 22 0 0 0 
1312 2030 1668 1879 3193 978 113 14 1787 2758 1415 1489 2264 1350 114 10 2384 3117 3242 2115 309 20 0 0 
1043 3029 2341 2997 1626 630 155 13 1044 2734 2212 2818 1774 989 256 7 1838 3133 2629 2547 1466 217 4 0 
2005 3014 2783 3341 1953 324 365 47 1875 2680 2272 3163 2273 1129 400 40 2707 3444 2957 3242 1279 183 20 0 
1371 2132 2428 2055 1082 392 410 135 1363 2041 2472 1904 1176 460 345 244 1725 2098 2812 2048 787 274 255 6 
816 2688 1745 673 226 542 74 0 1521 2296 1397 718 222 555 55 0 1907 2238 1215 763 616 25 0 0 
2542 3029 2845 1738 292 95 4 0 2769 2897 2856 1576 315 128 4 0 3283 3696 1995 1326 244 1 0 0 
216 1940 2562 1421 1076 242 372 11 496 1872 2368 1609 856 247 375 17 771 2280 2524 1651 531 49 29 5 
0 639 3808 4615 1828 590 112 0 0 2 1650 4919 3752 1185 84 0 5578 2325 2464 829 245 138 13 0 
105 597 2803 4072 5122 3783 384 200 79 231 1671 3538 3018 4516 3789 224 4329 4262 3268 2776 1729 557 125 20 
1032 821 2237 4655 3238 1146 309 24 492 632 1103 2977 5487 2629 142 0 6458 3956 1970 597 161 201 119 0 
2198 2101 6293 2353 577 392 328 168 886 1748 2404 6059 2584 540 99 90 8862 3381 1475 396 101 50 47 98 
1099 633 2416 4537 3794 1630 565 41 482 911 931 3063 4724 3673 931 0 6679 3964 2037 728 360 219 645 83 
660 727 2034 3144 5116 3013 112 26 450 426 795 2393 3077 5846 1834 11 3738 3447 3963 2326 1219 139 0 0 
1289 1562 2503 4302 2801 2137 912 116 728 1043 1514 2508 4538 2971 1936 384 2269 2739 3766 2354 2271 1226 727 270 
770 1494 1002 965 1235 1873 2551 382 596 1321 1967 1541 1772 2391 662 22 1483 3540 2044 1745 901 456 103 0 
743 1058 507 294 325 1022 3447 521 442 978 701 399 314 1301 3652 130 1214 2275 2952 956 290 137 87 6 
1019 2624 1045 901 1126 1567 2730 604 923 2806 1562 1366 1309 1243 2310 97 2532 3214 1985 2105 1242 507 31 0 
1230 2496 1574 984 1010 1245 1911 172 2372 2772 1697 959 839 1312 658 13 2978 3671 2292 1171 350 110 49 1 
1743 2177 1262 849 797 853 1407 320 2260 3265 895 774 769 792 630 23 3198 2505 1069 1320 976 243 96 1 
1655 2324 1137 749 513 835 1545 320 2222 2323 897 723 603 1107 1171 32 3340 2810 933 673 900 324 96 2 
585 1243 520 631 1036 1598 3568 107 201 1302 692 426 823 2142 3643 59 1033 5732 2021 340 65 63 25 9 
2 656 632 442 180 155 235 44 0 266 739 668 257 319 89 8 1029 368 293 266 301 70 17 2 
4 1623 1292 616 154 11 0 0 0 356 1646 1433 222 38 5 0 2090 704 479 393 24 10 0 0 
7 1557 1790 1078 314 124 79 28 0 385 1726 1947 555 183 117 64 2439 901 588 704 132 68 101 44 
203 161 202 43 22 36 23 10 90 178 93 60 31 52 181 15 129 132 44 58 54 43 42 198 
413 117 80 61 37 22 13 11 348 137 65 36 37 45 75 11 323 151 78 39 22 34 25 82 
93 201 154 110 59 46 43 23 256 91 88 77 67 56 82 12 276 98 59 51 71 35 33 106 
242 143 89 64 56 46 23 37 355 99 56 62 34 33 29 32 383 99 57 47 43 24 21 26 
18 669 689 708 516 247 91 62 3 662 808 852 423 153 61 38 3 601 784 710 561 212 84 45 
22 711 508 550 408 298 182 65 3 681 570 613 440 202 200 35 11 580 534 525 506 292 177 119 
80 824 269 164 138 72 44 0 90 739 293 143 181 86 55 4 99 635 435 204 89 55 48 26 
0 101 561 434 68 68 8 0 0 0 379 589 168 69 35 0 3 447 438 197 63 44 32 16 
0 543 716 416 383 317 113 3 1 426 784 502 354 263 124 37 3 411 634 547 429 274 78 115 
0 687 828 558 723 335 118 45 0 729 1056 840 423 184 48 14 0 932 590 813 609 239 95 16 
14 933 460 403 293 104 34 13 14 1023 672 385 114 34 12 0 10 1034 491 441 209 51 17 1 
4490 2450 1049 980 1088 851 1581 1470 4668 2392 1018 1042 1528 1543 1456 312 7384 1367 1259 2108 1270 489 82 0 
4063 3351 2072 1441 501 223 138 55 4382 2733 1773 1668 853 262 153 20 6425 3338 1044 518 309 134 61 15 
157 1798 1507 992 724 1230 1718 1184 140 1837 1658 1144 1106 1835 1293 297 3385 2119 1649 1225 570 360 2 0 
1546 1980 687 1211 598 1044 1726 708 197 3063 893 1376 553 1125 1930 363 4377 1334 2503 662 306 282 36 0 
4862 2984 1328 1244 383 275 120 28 6177 2246 966 776 701 236 107 15 6594 1997 1528 689 241 96 67 12 
1622 1721 1934 1961 1513 1531 1375 1381 1424 2026 2049 2070 1649 1671 1493 656 5523 2815 2274 1545 533 267 78 3 
1968 2221 868 482 561 663 1387 1488 2930 1777 488 437 724 1406 1521 355 4411 809 1048 1920 850 401 183 16 
49 34 76 255 271 201 89 24 43 35 48 145 270 239 189 30 244 200 236 169 121 29 0 0 
73 77 75 38 36 21 0 0 53 85 71 44 39 27 1 0 172 68 43 34 3 0 0 0 
472 208 195 134 137 157 57 20 297 292 216 133 124 152 130 36 819 161 120 147 82 32 19 0 
301 170 161 162 189 167 174 41 198 231 155 146 172 184 217 62 655 185 162 124 160 58 20 1 
433 133 79 53 25 2 0 0 326 155 118 66 43 16 1 0 640 53 30 2 0 0 0 0 
400 221 152 139 133 159 60 7 264 260 162 139 127 174 126 19 806 168 151 104 35 7 0 0 
450 121 107 80 104 61 52 5 419 142 93 73 101 80 65 7 607 119 84 81 50 31 8 0 
108 160 114 97 93 61 82 5 33 210 108 93 103 63 87 23 210 127 100 108 55 47 56 17 
184 183 62 27 15 17 20 5 92 214 103 43 15 16 23 7 271 132 38 20 17 9 10 16 
867 35147 11159 5349 2293 1638 1481 5640 12800 32515 4987 3108 1626 1576 1460 5502 9576 33997 5572 3739 2014 1498 1309 5869 
2118 33096 12502 11333 4892 332 139 388 15950 26792 7830 11073 2384 314 99 358 14915 29457 9255 7739 2614 167 203 450 
7624 36167 18882 11197 4778 1155 298 2187 32716 20170 13542 8667 3901 821 306 2165 30974 25318 9274 9706 3165 1269 312 2270 
4536 32071 10402 8409 5611 1597 389 2109 25070 19637 8524 6100 2364 1090 318 2021 25630 19154 7466 6183 2870 1148 485 2188 
8398 49025 12678 12990 5990 1290 879 5976 43746 20207 11426 10653 3426 1003 761 6004 45667 18947 10321 11483 3006 966 734 6102 
13463 40605 9390 8142 8126 5460 2604 5820 33437 23791 8807 8605 6168 4451 2513 5838 36936 22052 11432 8056 3986 2584 2399 6165 
71 2659 12118 3775 1726 449 203 155 0 210 4432 9569 3548 2190 904 303 5739 7115 4257 2134 875 649 308 79 
144 4615 8111 3209 1001 255 86 12 7 474 6739 5270 2409 1480 863 191 5800 5625 2504 1823 843 487 345 6 
19 5872 6831 5595 702 127 6 0 2 236 7046 5615 3767 1874 539 73 6594 3847 4551 2763 888 372 137 0 
77 5064 9234 1296 300 268 251 46 7 413 6939 7453 786 412 353 173 5490 6612 2868 747 311 233 169 106 
43 200 461 623 677 238 120 68 147 446 932 435 212 102 104 52 401 880 628 278 123 96 24 0 
304 459 394 253 429 91 37 22 274 748 290 237 299 108 23 10 293 488 472 374 219 71 45 27 
465 506 286 253 268 71 28 9 371 503 439 235 221 86 25 6 326 458 374 401 185 81 44 17 
683 327 38 54 76 6 0 0 326 664 37 52 100 5 0 0 450 532 126 75 1 0 0 0 
271 713 608 687 153 77 40 3 102 849 690 668 136 62 41 4 322 885 456 420 350 92 26 1 
66 429 412 390 336 189 185 153 178 462 436 326 278 245 145 90 630 452 393 185 177 178 112 33 
87 331 792 559 136 75 92 60 111 498 797 442 118 84 37 45 476 922 438 133 77 39 18 29 
350 368 379 477 249 68 28 19 150 510 420 474 274 70 26 14 160 429 388 247 310 259 125 20 
845 371 543 357 80 47 46 48 948 284 461 410 94 48 45 47 967 348 518 253 98 45 48 60 
419 219 258 574 450 188 148 144 455 261 304 549 355 226 137 113 450 235 395 614 299 176 124 107 
925 778 523 326 134 57 27 62 934 799 471 348 133 58 27 62 846 841 602 282 115 51 29 66 
788 802 389 475 327 219 151 149 850 805 325 419 367 223 143 168 701 731 566 463 320 213 131 175 
507 630 346 444 223 79 24 2 511 689 327 429 194 74 26 5 417 695 458 424 179 58 16 8 
743 640 378 374 343 81 23 14 954 539 286 322 382 80 25 8 907 542 407 492 176 49 11 12 
731 478 331 354 280 247 152 82 833 434 282 326 290 251 165 74 767 447 374 372 273 188 147 87 
823 366 340 527 262 142 118 62 951 292 312 503 236 146 135 65 917 321 423 409 221 137 131 81 
0 0 65 69 82 150 146 118 0 46 59 84 142 180 119 0 85 58 94 114 181 91 7 0 
624 179 111 125 97 34 0 0 576 211 119 129 119 16 0 0 660 143 140 105 112 10 0 0 
465 105 70 100 138 186 25 0 452 114 72 110 125 90 126 0 446 138 154 169 159 23 0 0 
130 278 166 288 285 222 75 38 503 155 268 266 153 54 70 13 391 246 315 323 144 24 21 18 
22 135 129 86 132 156 125 27 139 235 220 124 51 26 13 4 189 191 229 153 26 12 7 5 
98 247 89 95 150 198 211 34 300 170 157 282 157 38 13 5 364 137 174 212 189 33 9 4 
69 273 219 152 61 50 49 51 220 218 236 102 63 51 29 5 476 149 124 73 39 59 4 0 
1 703 960 1208 720 617 600 471 0 491 900 1318 801 877 881 12 1755 1202 810 713 758 42 0 0 
0 575 817 858 691 812 247 1520 0 338 732 876 769 1011 456 1338 1800 743 905 351 181 611 581 348 
0 305 796 584 676 729 1324 437 0 136 689 608 628 890 1483 417 1436 733 565 560 827 729 1 0 
0 444 755 502 659 684 455 649 0 228 786 581 729 682 662 480 1386 646 644 584 392 495 1 0 
0 170 375 596 585 349 258 166 0 56 393 595 642 305 307 201 734 602 598 166 253 141 5 0 
430 3712 3816 3921 4547 1208 339 7 1025 4326 4001 4071 3267 1269 17 4 2522 5848 4256 3783 1228 310 33 0 
1034 6932 4242 2270 1873 908 486 47 3518 6497 2961 1700 1562 1268 286 0 6425 5717 3692 1426 523 7 2 0 
748 6439 2027 2083 1876 1362 834 523 1021 6385 2223 2081 1663 1389 880 250 3017 5892 2773 1855 1386 472 223 274 
91 1489 829 518 586 443 234 295 804 1230 585 439 529 406 219 273 947 1020 570 442 486 338 337 345 
212 807 626 534 349 309 242 101 462 734 599 481 290 284 222 108 461 764 535 440 268 234 317 161 
0 1730 2147 1149 1192 1348 1650 0 0 1484 2102 1211 1141 1398 1880 0 2192 2530 1387 1241 995 869 2 0 
150 1693 1500 1736 1361 1424 317 0 119 1443 1257 1858 1442 1401 661 0 2424 2021 1715 987 1033 1 0 0 
216 1059 2424 1949 1685 2075 1397 2 189 1040 2288 1672 1748 2144 1726 0 2497 2699 2294 2273 979 26 35 4 
21 1358 3029 2248 1970 2032 1399 243 20 1140 2598 2422 2054 2260 1568 238 3393 2984 2491 1355 967 362 410 338 
0 158 3143 2459 2086 2231 1968 580 0 75 2600 2667 2032 2633 2032 586 285 3970 3065 2632 1349 350 379 595 
0 383 2512 2192 755 105 137 72 0 296 2178 2367 999 106 138 72 106 3129 2131 372 117 91 107 103 
0 257 2275 2700 1452 426 383 170 0 226 1925 2595 1918 437 387 175 263 2868 2696 562 396 307 282 289 
0 1176 2358 4209 1356 477 0 0 5 1116 1918 3729 2195 613 0 0 1148 4647 3134 574 52 21 0 0 
2 222 2708 3155 2424 417 271 5 0 215 2334 3124 2834 419 273 5 872 2811 3854 730 355 273 276 33 
0 677 2916 1843 751 282 222 77 0 657 2632 1846 1035 293 224 81 687 3591 1555 202 181 209 221 122 
1 1491 3130 2508 2939 3810 1398 91 1 1445 2865 2223 2800 4309 1622 103 2107 4487 3667 3392 1127 182 240 166 
0 1282 2108 1936 2448 3356 1338 32 0 1228 1966 1698 2216 3596 1761 35 1814 3803 3346 2833 524 46 69 65 
0 1028 5557 664 313 218 227 288 0 884 5560 769 332 222 231 297 1146 5436 619 218 197 132 182 365 
6 1551 2372 3365 4027 1419 84 46 3 1484 2086 2900 3846 2418 88 45 2434 4944 3524 1691 99 39 73 66 
77 2339 3080 2403 1913 1773 2255 460 92 2124 2875 2302 1990 2016 2624 277 4203 3939 2130 1530 1797 585 96 20 
515 3182 3831 2793 2939 456 142 80 530 2937 3574 2655 2952 1040 165 85 4540 5935 2952 179 118 50 62 102 
24 1687 3463 2334 1440 1692 750 0 13 1586 3257 2315 1588 1785 846 0 2164 4575 2175 1493 969 14 0 0 
