0 0 5 56 1468 2231 405 176 85 62 290 340 133 445 84 42 0 0 6 42 327 889 1970 832 270 147 520 268 433 60 31 27 1178 2381 429 197 436 559 367 111 75 44 20 7 18 0 0 0 
0 0 1 29 1681 1693 478 198 83 283 530 166 489 322 78 131 0 0 0 33 609 1352 1282 477 304 658 366 750 98 30 62 141 1823 1519 375 199 424 1249 225 78 37 43 42 47 68 32 1 0 
1 10 51 125 3236 2742 504 233 189 129 186 359 633 340 135 174 1 11 63 73 288 2226 1917 1617 790 291 457 731 229 118 101 134 2484 2514 1143 645 592 812 337 159 107 85 55 49 52 11 2 0 
0 0 24 190 2487 1149 229 209 140 156 329 386 168 295 66 65 0 1 11 32 234 956 1297 1139 685 236 621 451 74 58 44 54 1588 1379 669 771 667 467 141 84 62 22 18 14 10 1 0 0 
0 1 22 1096 2437 666 269 193 119 222 367 321 285 285 224 153 0 0 3 57 746 1242 1194 955 578 576 358 409 271 186 60 25 1685 1858 741 797 634 575 213 77 36 18 12 12 2 0 0 0 
0 0 8 489 1840 614 248 726 339 271 346 110 53 45 54 182 0 0 0 0 153 583 1040 874 1329 305 492 144 123 63 71 148 574 861 770 998 1065 448 175 90 94 84 59 20 14 22 27 24 
0 0 12 706 1181 675 240 729 481 281 82 62 72 56 44 65 0 0 0 0 293 522 585 861 1239 612 156 125 113 102 58 20 547 805 907 750 882 332 162 101 101 69 27 3 0 0 0 0 
0 0 0 0 176 1424 1132 345 301 300 329 264 102 2 2 31 0 0 0 2 163 1041 1299 467 431 417 465 87 3 2 5 26 2441 579 469 320 164 130 83 54 62 58 16 4 6 7 9 6 
0 1 18 216 516 1036 1072 685 360 310 370 304 309 377 122 178 0 0 4 29 142 517 848 1155 909 667 467 566 200 155 96 119 2911 708 370 392 443 528 128 95 63 59 71 46 20 22 13 5 
8445 7712 6061 5173 5045 4609 3732 2954 2542 2394 2008 1787 1844 1455 1337 5184 19661 3973 3355 4121 4922 4145 3067 2732 2752 2115 1935 2136 1491 715 549 4613 21002 3977 3713 3355 4449 3845 3370 2850 2786 2154 1478 1323 1588 2261 2121 2010 
9753 4165 7626 5472 6259 6281 5041 4763 2915 3161 3132 2378 2490 1515 1239 2739 11816 4259 7946 7617 6466 7053 5170 3710 2852 2323 2209 2329 1952 1551 692 984 13809 7010 5119 5491 5953 5345 6088 5516 4792 3220 2787 1126 671 600 439 963 
9320 6005 7850 7202 8094 6351 4200 2820 1839 1319 1207 1591 825 525 286 830 12893 6599 9453 8015 6103 5487 3594 2511 1839 1011 656 508 334 288 203 770 15976 5456 5621 9134 7580 4150 3467 2259 1766 1595 1011 441 355 346 292 815 
417 1279 4761 6130 6023 6056 7256 7347 6091 3899 2281 1775 1831 698 636 390 32 2860 4970 6629 9200 8251 9628 5067 2778 3611 2006 791 383 208 138 318 2116 5947 6788 4849 4728 4985 4018 5620 6531 3538 3633 2930 592 207 89 299 
7197 6996 6358 8386 5149 4201 3132 3089 3068 2121 2022 1723 511 372 222 128 10058 5579 7334 9419 7138 3445 2931 2321 2133 1882 1056 459 391 295 171 63 14554 7534 5897 4271 3472 4413 3362 2563 2080 1717 1496 1519 785 469 343 200 
4203 11988 8788 9395 3771 2566 2417 1885 1388 850 393 285 305 315 401 1057 9896 7838 6789 9804 5953 2348 2043 1693 622 373 369 334 324 341 419 861 17410 8477 7188 4963 2686 2562 1882 1212 993 1159 382 279 247 320 247 0 
426 1753 3877 8563 6189 4922 4456 4223 3326 2455 2729 3062 2434 1169 781 473 1813 3810 3259 7274 6521 4947 4047 5171 4068 4308 2401 1380 820 399 220 400 3827 6562 7561 4070 2915 3005 2886 2469 2495 4276 4939 3316 972 729 520 296 
13263 10350 13603 8364 2117 842 703 556 871 520 440 373 319 297 164 282 13983 9146 10867 10201 3350 844 685 601 562 881 489 517 444 152 115 227 21835 10203 12039 4096 1043 697 587 832 647 462 174 124 118 121 75 11 
793 1880 4468 3257 2791 2514 2608 2551 2320 2114 2237 2103 3099 3555 3237 8473 1945 2157 4835 2791 2452 2961 2950 2583 2155 2492 2436 3530 3989 4239 2347 4138 8178 3416 1811 2411 3284 4468 4961 5571 5102 2431 1961 1727 673 518 508 980 
6015 7771 5391 6028 6467 5874 4412 3591 3186 2516 1638 1518 1329 738 353 604 7299 5606 6599 10019 8174 5972 4562 2494 1878 1086 904 920 769 351 185 613 11142 4132 3793 4270 6861 8196 5807 4746 2471 1479 1003 735 700 768 468 860 
6602 6100 3717 7105 5883 5201 5283 3735 3113 2726 2076 1630 1489 1280 643 809 7858 4360 5589 9847 7139 4885 3445 3750 2953 2146 1668 1382 862 636 425 447 8559 6473 3660 3679 7714 7923 5810 3899 2151 1863 1405 1010 854 887 732 773 
6 385 882 1406 1575 1514 1466 908 576 315 34 5 0 0 0 0 0 2 270 647 600 778 1150 1285 1613 1256 762 601 108 0 0 0 951 2717 1489 1136 796 750 693 417 105 17 1 0 0 0 0 0 
7 14 213 1156 1107 896 1340 1789 1788 1553 848 76 13 0 0 0 0 9 32 190 376 708 953 960 1182 1473 1708 1599 1178 432 0 0 244 2064 1869 1352 1479 1425 1197 698 313 110 45 3 1 0 0 0 
0 33 184 509 921 1026 1480 1676 2147 1946 1342 354 64 0 0 0 0 4 76 101 189 339 899 668 699 1247 1589 2142 2456 1130 143 0 58 1185 3042 1917 1544 1481 1296 646 241 217 55 0 0 0 0 0 
22 355 786 565 656 778 752 1041 1276 1043 893 891 614 102 128 156 22 355 898 585 756 597 799 924 1355 1053 1030 697 604 164 103 116 22 306 886 506 735 916 1028 1073 549 442 466 365 511 490 684 1079 
4 502 522 563 811 877 779 613 1144 856 937 671 320 109 155 184 4 502 606 615 965 763 758 726 1013 697 900 666 319 204 220 89 4 357 645 507 659 875 1359 775 592 530 478 444 533 356 418 515 
91 1296 430 524 835 825 598 381 875 938 1331 913 275 206 55 32 91 1296 570 492 884 768 568 500 915 902 1340 732 412 79 51 5 91 1140 581 333 504 658 732 656 604 534 548 504 739 745 775 461 
0 14 350 684 805 1358 1409 1222 2110 1257 1119 512 18 38 6 10 0 14 467 699 983 1243 1605 1403 1808 1324 1022 285 42 4 3 10 0 15 358 458 679 710 1152 1269 1165 842 643 1126 1004 757 511 223 
229 854 1071 987 957 1551 1281 1139 1641 1082 370 57 29 42 61 130 229 854 1325 769 1110 1271 1422 1411 1516 1023 248 52 52 47 62 90 229 685 1336 713 946 810 1028 899 771 697 730 925 1073 535 99 5 
818 1915 1365 772 452 331 250 274 341 116 30 9 2 0 0 0 874 2066 1238 695 463 335 242 217 289 218 30 7 1 0 0 0 820 1743 1169 658 448 336 294 249 411 271 152 71 48 5 0 0 
656 1424 758 658 451 504 526 542 381 244 231 361 24 12 4 0 808 1422 778 632 477 538 581 438 317 436 254 66 12 13 4 0 678 1260 692 509 418 328 361 525 751 547 398 252 38 17 2 0 
954 1763 1451 436 182 113 86 85 333 253 263 6 0 0 0 0 995 1794 1295 455 198 120 87 80 151 363 121 266 0 0 0 0 943 1425 1522 546 196 122 105 392 446 110 53 30 21 14 0 0 
826 693 614 1141 571 376 285 250 509 465 175 74 5 0 0 0 841 672 393 419 948 628 373 287 561 574 224 60 4 0 0 0 822 591 613 1002 579 439 354 330 586 389 147 48 29 45 10 0 
194 1193 1139 474 290 109 117 473 320 3 0 0 0 0 0 0 312 629 624 1048 479 230 127 383 477 3 0 0 0 0 0 0 242 1221 908 443 371 207 213 392 281 30 4 0 0 0 0 0 
238 327 180 229 267 296 519 811 940 1254 1706 2167 3605 1943 837 287 178 361 197 226 250 319 372 506 536 559 539 758 1135 1718 3226 4726 331 289 248 234 406 746 1144 1383 1656 2165 2340 1646 1336 936 575 171 
255 512 386 390 462 518 734 1083 1554 1786 2073 2344 1508 741 375 30 157 516 404 340 394 351 424 523 594 704 851 1220 1790 2634 2827 1022 521 467 469 535 762 1002 1492 1704 1555 1333 1340 1119 1149 1006 254 43 
331 715 629 544 906 834 920 1013 873 874 1169 1199 1786 1505 1125 557 342 914 981 935 777 762 808 649 516 553 611 794 767 1063 1598 2910 554 836 720 839 1316 1245 1170 975 940 1026 1284 1651 1125 583 466 250 
234 2134 1773 1457 1457 1282 1153 1211 1043 893 505 332 370 369 286 21 1161 2352 1627 1462 1552 1235 1075 948 727 605 403 266 296 306 318 187 518 2286 1521 1335 1299 1121 1170 934 805 767 640 578 437 295 266 548 
31 222 765 694 808 1253 2799 1840 2068 1980 2049 891 844 579 508 461 1 2 22 706 711 266 546 1342 1441 1971 2321 2691 3123 1495 708 446 2845 1698 1229 1490 1810 1323 988 1289 1182 817 669 731 873 480 239 129 
1141 233 256 499 1102 1548 2719 2665 2167 2235 1800 1830 1061 97 51 96 0 0 68 495 943 773 780 1448 1767 2489 2489 2005 2112 2367 1642 122 3914 1155 1015 1194 1098 1186 1747 1693 1165 974 984 1322 1430 594 29 0 
2 41 600 430 375 355 834 2117 2580 2189 1802 2537 1438 143 11 2 0 0 1 15 465 391 168 398 833 1146 2356 1946 2748 3271 1637 81 362 318 459 1081 922 923 1253 1206 1180 1644 1939 2290 1318 509 47 5 
383 216 386 841 428 376 410 433 576 800 938 1170 1411 1116 981 659 0 0 0 171 441 781 820 653 580 740 1229 1379 1610 1466 1118 136 1824 629 538 592 681 1058 750 840 572 575 822 977 845 389 32 0 
0 14 40 54 96 151 180 428 685 1191 2136 1932 1531 794 575 465 0 0 11 26 53 109 162 296 430 720 1237 2511 3194 1048 248 227 1199 697 635 659 736 743 894 1439 1183 891 550 287 164 93 64 38 
47 66 297 1256 1816 1858 1407 1817 2144 1459 1013 329 229 114 81 128 67 93 923 1528 2013 1705 1317 2563 1996 773 298 300 238 90 93 64 182 804 2756 2686 2025 1398 1192 1279 1169 378 66 65 12 14 13 22 
58 293 1256 2379 2015 1400 1153 1642 1559 685 550 337 28 21 22 33 155 1049 2243 2252 1656 1066 1120 1032 1112 815 657 164 38 15 22 35 922 2286 2973 2423 1536 1228 1195 581 158 27 21 14 13 15 24 15 
2 216 954 2724 1315 791 815 968 748 689 649 457 305 150 130 511 30 293 1097 2707 1305 822 962 800 724 584 681 422 234 135 124 504 137 939 2612 1689 1191 972 1048 773 601 355 214 167 111 87 94 434 
915 1035 796 512 720 1381 2125 1237 684 446 362 408 204 63 36 112 508 1164 1517 1901 2090 1366 780 513 443 364 180 49 22 43 68 28 2022 789 441 574 912 1186 1021 1134 938 668 532 457 235 110 17 0 
376 513 352 260 301 749 909 742 847 1107 873 883 989 1257 1157 228 56 444 665 354 457 714 796 660 678 864 898 889 934 1260 1178 696 1219 755 548 710 877 660 726 858 874 701 653 741 820 681 542 178 
218 714 621 416 801 1086 1021 914 918 827 927 806 431 84 102 315 123 572 881 675 846 891 977 778 657 721 731 898 813 373 127 138 1560 1158 894 891 774 644 604 625 632 862 726 461 231 87 42 10 
145 447 557 408 709 1008 1607 1198 697 395 424 368 440 479 464 233 75 297 776 672 610 900 1329 1092 790 527 350 372 393 569 495 332 990 670 1342 1080 1067 827 659 336 286 346 325 316 348 373 353 261 
48 496 182 110 117 131 88 85 121 134 137 166 189 170 152 1618 0 196 467 128 139 148 130 112 128 156 141 209 175 172 194 1449 798 147 159 178 123 89 99 127 155 257 203 244 206 206 189 764 
1085 1221 1565 1289 1789 565 602 652 698 881 1150 2324 2448 3083 2560 436 425 1127 1630 838 1850 930 549 583 629 721 814 989 2069 2694 3752 2748 1847 1758 2698 2294 2161 1715 1889 2031 2239 1934 761 482 176 123 108 132 
418 1905 1581 1380 798 832 881 813 1004 1242 1484 2898 3372 3065 2149 631 138 1662 1358 1377 809 672 724 835 801 931 1411 1531 3072 3410 3094 2628 1453 3313 2805 1280 1260 1447 3079 3379 2731 1814 850 405 314 228 65 30 
0 525 1940 2809 2037 2169 2116 1902 1812 1843 1717 2163 1183 733 260 164 0 214 688 2007 2305 1931 1973 1753 2219 2431 2070 1666 2214 1028 681 193 2012 4273 3962 2151 2215 2252 1901 2376 1156 389 242 143 118 115 68 0 
0 217 1342 2274 1023 1689 1807 1254 1284 1163 1345 1579 2620 4017 4715 3722 0 178 651 2117 1615 795 1705 1569 1321 1256 938 996 1516 2309 4521 8564 420 2350 4773 2399 2279 2906 3237 3682 3096 1948 1261 553 308 301 300 238 
0 139 322 654 817 591 773 1235 1414 1363 936 1041 2259 2351 1854 501 0 17 247 543 942 539 585 944 1422 1250 966 1010 2297 2519 1887 1082 242 726 1713 1419 1713 1778 1851 2483 2837 1245 198 6 9 28 2 0 
0 52 574 1113 960 834 1117 660 157 0 0 0 0 0 0 0 0 43 102 939 936 905 918 939 642 43 0 0 0 0 0 0 705 1238 1364 1388 521 235 16 0 0 0 0 0 0 0 0 0 
0 148 480 369 460 466 498 510 512 698 821 1182 2206 2522 3267 2400 0 31 321 464 360 479 451 467 437 487 582 808 1059 2175 3304 5114 263 970 996 971 1271 1954 1870 1539 1358 1447 1474 966 510 479 384 87 
0 32 116 144 482 485 557 687 533 551 1026 1131 1827 2377 2476 380 0 1 108 72 304 468 492 474 702 733 614 993 989 1268 2615 2971 71 229 435 1001 1097 1367 1771 1811 1954 1532 801 265 190 130 81 69 
0 151 575 286 275 256 299 273 312 1829 1864 1097 1477 3343 4438 635 49 112 408 344 258 239 282 225 260 340 489 2221 1766 1495 3353 5269 85 455 829 843 793 1258 1630 3428 3891 2248 777 294 239 161 115 64 
0 16 412 551 708 425 329 264 212 247 361 506 1203 3539 4400 651 0 0 271 403 628 457 421 319 218 178 221 318 471 989 2935 5995 113 479 564 1025 663 996 2199 2639 2177 1107 728 550 222 181 126 55 
0 0 0 10 29 42 81 153 225 279 425 538 266 54 5 0 0 0 0 2 14 35 44 75 158 221 320 514 523 191 10 0 0 0 4 24 88 353 677 336 314 97 46 40 39 68 21 0 
1 4 34 77 105 93 126 192 242 270 463 508 494 166 25 0 0 1 19 30 117 101 99 128 140 266 373 529 497 436 60 4 3 19 60 220 407 449 539 376 415 199 88 23 2 0 0 0 
0 0 18 14 29 28 35 48 60 74 139 189 235 80 1 0 0 0 11 17 21 39 21 40 52 72 95 178 262 137 5 0 9 25 44 29 41 57 92 156 171 175 109 36 6 0 0 0 
0 4 68 91 63 76 124 177 258 301 379 453 324 189 31 0 0 5 54 80 55 51 97 144 191 279 385 408 453 273 61 2 5 25 97 224 372 483 571 366 230 126 35 4 0 0 0 0 
0 0 12 49 138 158 256 379 380 683 494 387 168 76 11 1 0 0 1 28 85 124 176 261 427 552 630 451 330 106 21 0 3 23 130 637 681 672 577 309 125 29 6 0 0 0 0 0 
932 761 394 196 485 1484 1537 843 546 384 343 414 703 1070 1208 1228 1040 850 244 311 915 1339 1068 771 571 427 448 503 752 978 1175 1136 1313 983 2280 2213 739 432 459 420 486 603 629 699 800 419 51 2 
17 437 450 781 1288 1241 977 1053 1088 783 798 899 1094 1569 2708 4809 329 1217 1058 924 875 893 947 1016 815 707 769 1007 1405 2513 3871 1646 1739 2441 4968 2801 1256 996 829 792 1087 1562 772 452 151 77 51 18 
1101 775 1549 1437 1253 834 520 468 518 696 876 870 1090 1644 3048 2356 1408 2402 2360 1906 945 715 747 794 673 867 1465 1747 1892 979 111 24 1730 2154 3604 2105 1366 1101 1098 999 1235 1708 941 770 217 7 0 0 
897 679 1968 1645 1496 1474 1338 1100 883 868 684 797 892 1128 1556 547 1302 3227 3702 1998 1057 773 671 716 787 849 799 854 838 340 39 0 1273 3338 3411 2692 1220 749 767 855 854 797 634 821 488 53 0 0 
80 305 252 297 197 326 630 1228 836 437 454 558 802 1710 1937 4339 121 433 340 550 433 799 1289 924 910 871 810 1227 1415 2557 1570 139 320 775 1418 1690 1799 1156 788 765 769 696 659 637 1094 1674 148 0 
36 151 849 596 1099 1481 647 452 488 429 469 597 861 1827 2833 2557 87 401 1966 2180 775 486 578 788 876 1035 1483 1592 1479 836 580 230 247 1430 3858 1478 1238 1439 1190 1061 830 870 784 535 295 105 12 0 
204 474 648 1175 1727 2794 1906 1240 1024 584 418 437 412 664 409 259 481 956 2267 2954 2031 1064 929 1200 396 338 336 358 390 296 227 152 596 1873 6656 2552 1038 507 387 164 140 101 84 66 64 71 39 37 
116 262 532 593 1494 1093 968 1031 743 595 557 693 1094 1447 1397 1663 196 431 1508 1871 1013 1038 1047 825 644 907 1005 996 1063 785 705 244 364 1479 4879 2110 1125 1012 585 439 597 650 511 275 164 71 17 0 
254 1263 886 1047 890 639 578 646 724 624 726 568 423 299 753 1598 1480 3055 2075 684 350 288 335 395 246 241 194 165 215 531 1307 357 1123 2323 3163 1590 567 303 166 289 532 939 433 275 81 50 47 37 
0 2 617 973 623 866 684 744 893 1248 1875 1656 809 386 237 384 0 1 462 914 426 654 714 571 651 712 978 1730 2196 1162 376 450 1510 2845 2572 1807 1127 622 365 259 199 146 131 105 139 82 45 43 
0 35 212 545 915 2219 1667 1248 932 980 949 703 246 153 139 172 0 9 149 372 601 817 2120 1410 1254 1102 902 1019 630 393 175 162 2614 2687 1849 1114 766 630 426 311 183 104 70 57 82 90 75 57 
1 7 190 678 920 1231 821 248 296 313 252 84 0 0 0 0 32 216 586 995 875 582 484 218 275 295 261 149 73 0 0 0 1 117 352 626 925 675 708 427 277 228 194 190 182 110 29 0 
1 10 173 127 193 335 1260 1278 1409 774 106 167 106 1 0 0 0 1 23 198 248 216 795 1123 1183 1057 687 120 157 129 3 0 8 51 363 875 1190 1137 651 446 291 231 229 100 102 130 90 46 
10 57 112 103 161 244 436 1390 2200 952 337 163 65 0 0 0 5 44 44 106 151 204 342 1330 2168 945 466 276 133 16 0 0 12 88 92 107 247 422 655 1753 1454 623 169 188 187 181 50 2 
51 125 259 246 345 537 850 1404 1316 421 116 0 0 0 0 0 34 122 357 492 498 703 1266 918 424 630 218 8 0 0 0 0 21 115 216 418 435 444 605 832 1369 562 510 119 23 1 0 0 
203 915 648 229 288 225 238 271 502 431 155 38 5 0 0 0 248 904 615 212 267 148 250 343 420 401 233 98 8 1 0 0 155 758 573 456 243 328 340 351 269 184 255 127 75 31 3 0 
161 930 1395 708 304 159 95 99 126 160 273 236 191 23 0 0 151 1018 1360 613 367 146 95 105 127 129 237 245 212 55 0 0 47 576 1264 899 474 298 166 85 125 106 171 215 223 166 45 0 
80 211 498 809 1001 972 461 268 351 136 147 26 4 0 0 0 152 674 729 754 884 640 191 235 325 196 148 29 7 0 0 0 54 394 648 664 640 685 715 436 327 204 139 54 4 0 0 0 
136 445 320 292 316 227 168 112 128 228 132 64 12 0 0 0 117 436 299 231 255 215 267 168 86 207 193 39 52 15 0 0 83 295 333 233 201 338 280 212 202 187 120 29 6 25 34 2 
3 77 195 245 251 221 155 108 70 46 41 114 179 188 87 135 1 51 163 216 238 208 147 155 110 58 41 36 97 231 163 200 0 8 74 143 223 192 180 150 132 141 90 56 101 146 88 391 
1 220 336 263 278 260 303 137 47 23 15 17 16 16 41 115 1 214 350 216 194 223 390 189 43 34 20 17 13 22 20 142 10 82 256 283 216 216 208 251 241 85 16 20 13 13 18 160 
9 37 115 251 205 212 272 151 43 70 23 17 27 25 67 168 20 87 201 204 223 284 171 67 39 35 63 13 24 17 46 198 2 34 86 191 167 171 235 182 145 134 39 16 19 16 25 230 
0 209 244 224 260 251 194 99 59 54 52 26 13 8 47 45 0 112 266 138 231 294 231 150 68 39 44 49 56 9 16 82 5 25 142 185 125 174 282 291 153 74 33 39 39 54 66 98 
6 56 150 425 329 270 218 149 100 53 30 20 18 20 81 175 4 27 111 180 487 266 253 271 114 60 15 13 17 13 26 243 2 6 44 334 278 225 213 255 197 143 63 25 19 14 17 265 
8 74 120 115 118 146 173 104 105 93 82 54 56 47 0 0 0 0 35 84 92 100 129 147 116 114 129 126 108 64 44 7 11 250 254 201 154 107 112 73 53 39 28 13 0 0 0 0 
0 45 147 132 148 151 126 137 124 96 67 77 74 73 57 97 0 0 0 61 147 117 167 117 129 113 145 105 100 101 87 162 8 273 347 248 164 110 72 59 44 49 41 47 41 24 19 5 
0 49 152 130 122 122 116 93 84 67 48 29 11 18 11 36 0 0 0 102 108 125 113 119 99 92 94 91 64 18 24 39 0 276 289 212 88 93 48 16 15 10 14 11 13 3 0 0 
124 276 207 109 100 124 77 188 226 130 80 124 27 8 0 0 0 23 213 242 150 92 122 116 91 302 149 121 143 19 17 0 85 688 195 132 187 255 101 108 30 15 4 0 0 0 0 0 
0 0 0 0 4 77 64 47 65 83 71 126 119 110 83 240 0 0 0 0 0 3 66 60 53 60 77 92 135 159 114 270 0 0 51 151 131 104 114 111 103 80 63 77 57 43 4 0 
0 0 0 0 0 27 61 90 171 110 87 194 210 170 173 147 0 0 0 0 0 0 26 57 73 144 132 110 194 220 245 239 0 0 4 60 146 196 149 141 204 150 122 144 78 42 4 0 
153 1154 821 329 393 481 1137 646 233 228 277 397 292 11 0 0 13 382 1061 651 312 294 1005 959 374 248 219 249 451 327 7 0 1008 1291 405 473 839 1447 538 259 151 97 40 3 1 0 0 0 
221 286 797 264 243 177 208 248 272 379 480 733 876 535 129 32 163 106 365 677 262 230 170 196 248 275 391 532 772 1097 359 37 522 1053 539 576 720 726 675 389 238 151 88 80 40 33 35 15 
14 66 572 516 185 202 299 705 386 376 438 688 564 156 15 2 0 34 58 448 614 205 189 670 442 272 407 489 632 608 114 2 438 750 532 504 566 834 541 464 294 97 99 55 8 2 0 0 
84 226 146 68 72 87 87 103 148 284 335 462 638 351 94 1 25 180 169 78 69 66 82 85 100 155 229 343 429 736 429 11 252 312 191 295 369 382 456 278 199 182 143 103 23 1 0 0 
247 488 474 145 131 206 216 271 344 353 435 429 561 562 104 2 103 430 256 404 144 127 179 208 296 374 297 472 493 687 479 19 749 616 350 379 438 376 368 320 397 398 372 167 34 4 0 0 
59 1065 623 334 213 203 203 171 191 260 320 616 696 16 0 0 0 313 992 494 315 215 211 196 188 261 384 721 539 141 0 0 1340 866 389 271 284 374 293 203 141 108 384 317 0 0 0 0 
0 0 553 564 487 307 238 317 351 253 405 368 576 54 0 0 0 0 0 289 710 519 399 407 340 257 295 254 342 646 15 0 167 464 913 412 347 427 352 314 485 484 108 0 0 0 0 0 
178 801 3231 252 111 236 136 79 59 84 77 103 79 82 0 0 3 250 1129 2810 277 120 107 256 118 91 124 94 129 0 0 0 552 3076 899 285 101 72 55 69 78 73 86 75 87 0 0 0 
86 2089 1682 1265 665 523 577 411 308 286 117 20 3 1 1 0 1075 2323 1662 1022 504 408 369 363 242 54 9 2 1 0 0 0 2975 1763 813 567 483 387 446 345 223 28 4 0 0 0 0 0 
441 1557 1292 516 413 347 381 707 469 211 14 3 0 0 0 0 1550 1515 687 456 384 406 778 425 141 9 0 0 0 0 0 0 2055 1231 493 403 359 405 760 456 187 2 0 0 0 0 0 0 
729 1205 789 733 561 606 586 650 585 429 95 14 11 17 11 9 1405 1172 897 659 583 610 681 580 354 38 15 12 12 10 2 0 1963 992 836 698 601 530 473 493 386 30 14 6 7 1 0 0 
663 1562 1304 769 542 418 604 542 172 138 67 3 1 3 1 0 1743 1860 819 510 483 595 470 183 104 16 3 2 1 0 0 0 2511 1471 678 469 507 594 322 151 78 6 2 0 0 0 0 0 
580 2071 1184 579 418 445 465 457 337 82 6 0 0 0 0 0 1787 1959 700 435 377 422 579 339 26 0 0 0 0 0 0 0 2444 1537 584 504 528 452 361 206 8 0 0 0 0 0 0 0 
0 5 52 120 178 286 330 344 263 236 251 220 301 316 392 126 1 300 454 236 177 229 265 232 261 255 266 313 244 113 51 23 5 246 511 359 208 243 251 291 287 238 185 153 163 147 101 32 
1 84 239 307 326 282 258 290 260 287 326 340 287 57 17 3 47 450 513 342 291 339 297 289 225 185 176 112 48 24 26 0 46 373 624 398 288 348 272 252 218 152 130 143 99 20 1 0 
0 18 125 272 329 304 201 150 146 108 124 145 161 282 539 344 15 81 101 179 280 238 251 208 202 140 136 169 155 167 272 654 21 121 516 482 429 333 289 215 172 156 94 122 155 69 53 21 
49 169 516 934 646 387 262 225 135 86 66 40 24 25 10 17 181 1150 744 319 387 184 142 99 78 73 113 74 17 14 9 7 189 991 825 458 496 126 89 89 119 56 48 56 14 17 16 2 
1488 617 2845 3294 1104 48 0 0 0 0 0 0 0 0 0 0 1521 238 300 997 3677 2501 162 0 0 0 0 0 0 0 0 0 7979 776 303 163 144 30 1 0 0 0 0 0 0 0 0 0 
3033 579 522 1559 5764 4195 559 18 6 6 0 0 0 0 0 0 2926 380 604 361 496 2322 3923 4198 981 46 4 0 0 0 0 0 6321 3906 2913 1914 854 291 34 7 1 0 0 0 0 0 0 0 
1710 449 293 297 1351 2927 1866 502 162 78 22 3 0 0 0 0 1436 545 278 160 165 664 1553 2293 1658 675 167 62 4 0 0 0 4034 1388 1340 1467 865 402 90 44 23 7 0 0 0 0 0 0 
1422 555 525 828 2467 2840 2287 1272 851 747 624 591 283 83 0 0 1605 428 201 249 397 1694 2079 2669 2231 1188 830 695 766 343 0 0 5021 2283 1742 1724 1070 886 850 532 322 330 294 155 103 63 0 0 
726 1178 2302 2364 1157 238 87 82 0 0 0 0 0 0 0 0 823 1177 585 1075 2340 1171 872 89 2 0 0 0 0 0 0 0 6360 907 418 141 58 72 97 79 2 0 0 0 0 0 0 0 
773 437 512 2382 2903 1680 55 0 0 0 0 0 0 0 0 0 810 305 379 526 917 2141 2246 1381 37 0 0 0 0 0 0 0 2324 2351 1334 2345 388 0 0 0 0 0 0 0 0 0 0 0 
403 320 381 1437 3147 3605 2005 439 270 272 183 1 0 0 0 0 257 238 500 516 1011 2121 2042 2710 2260 610 179 19 0 0 0 0 3574 2731 1807 1748 928 599 399 101 123 162 131 147 13 0 0 0 
535 429 533 1232 2564 2533 1745 462 168 86 13 0 0 0 0 0 294 191 358 529 895 1815 1829 1738 1895 623 102 31 0 0 0 0 3655 1588 1370 1309 1156 628 435 75 63 21 0 0 0 0 0 0 
0 0 2 352 1326 3220 6136 3678 1046 482 258 208 355 611 765 1163 0 0 0 0 29 151 395 1168 1837 2609 4750 5198 712 1088 1525 140 11253 2415 1558 1197 1393 888 460 275 90 57 16 0 0 0 0 0 
0 1 134 2055 4171 4849 1863 814 443 264 225 183 214 219 234 1764 0 0 0 0 5 179 830 2797 4527 4495 1634 413 434 911 984 224 12788 625 422 460 488 460 1081 774 157 69 44 44 17 4 0 0 
0 5 124 203 486 2575 4229 5324 2542 878 341 312 283 323 509 1226 0 0 0 6 21 143 298 459 1694 4191 5716 3983 642 1234 346 627 8185 6302 1346 538 640 384 676 345 187 102 77 79 105 170 114 110 
0 18 111 1952 3851 4046 3211 1244 493 346 298 230 891 391 328 794 0 3 60 339 371 365 1047 1971 2671 2709 3742 1448 595 582 1491 810 13088 1123 542 845 747 1009 274 93 123 169 113 36 30 6 6 0 
0 18 104 1305 3581 4817 2162 1437 703 325 262 293 1440 607 49 42 0 0 1 80 123 132 267 1211 2680 3766 3354 1445 1290 947 981 868 9408 1342 1357 1557 976 629 590 461 338 252 132 87 16 0 0 0 
2 320 343 381 975 2750 4914 3686 2388 801 515 448 346 314 1189 59 0 0 205 237 189 541 609 615 1348 2968 3032 4286 2855 1341 866 339 10954 2828 1228 1033 1705 547 410 304 214 164 44 0 0 0 0 0 
0 0 203 3299 5715 4927 739 232 154 158 110 69 20 17 7 10 0 0 0 34 315 2431 3929 4463 2834 1127 168 155 95 37 38 34 14708 311 211 212 97 32 27 13 11 11 8 7 8 4 0 0 
0 0 1 578 3544 6076 2109 1043 442 325 389 219 173 138 46 37 0 1 25 58 67 773 2833 2893 3116 2099 1158 859 471 303 238 226 10507 1774 780 571 480 324 232 229 173 47 3 0 0 0 0 0 
0 505 2250 2144 2050 1325 693 167 82 33 22 36 18 30 136 589 0 0 159 625 1031 2235 1345 1519 1855 415 77 30 29 28 67 665 8649 284 146 63 45 52 42 31 22 27 29 35 57 68 208 322 
0 86 433 1185 2380 2245 1748 615 224 143 105 120 120 144 248 939 0 0 20 167 497 969 1657 1698 1980 1454 406 184 117 125 164 1297 8394 271 168 127 101 80 86 78 93 114 104 98 122 153 157 589 
145 110 134 165 150 143 132 164 146 95 65 75 68 13 15 63 108 88 94 117 131 105 123 118 101 112 152 128 71 89 63 83 177 130 164 143 161 156 183 121 101 77 61 61 33 30 16 69 
488 96 147 135 123 129 117 107 77 45 34 24 20 20 19 51 404 114 83 112 133 105 110 115 102 91 65 59 30 25 33 51 582 186 236 154 92 87 63 53 39 26 17 22 33 25 15 2 
300 94 126 113 160 195 207 199 148 93 82 71 42 37 28 81 206 108 83 86 85 121 154 182 207 167 170 100 79 64 49 115 263 84 235 217 211 199 182 161 117 79 55 38 29 33 31 42 
315 121 112 163 174 159 161 164 187 148 119 107 73 44 44 92 218 139 113 100 179 150 159 168 156 187 163 151 98 63 60 79 308 239 276 190 206 150 160 163 149 85 62 43 30 34 33 55 
0 0 1 40 123 142 70 38 36 50 43 59 94 115 160 17 0 0 0 3 76 109 139 51 37 45 52 57 82 146 184 7 170 62 91 101 124 146 110 51 29 59 35 7 3 0 0 0 
0 0 26 81 148 127 66 77 80 64 52 67 97 146 170 15 0 0 8 52 121 104 104 54 66 74 91 75 88 130 224 25 258 102 133 165 140 133 99 39 20 20 29 21 24 30 3 0 
0 0 14 65 55 82 65 45 49 61 75 88 97 94 81 28 0 0 8 19 80 77 64 51 40 47 69 77 119 102 123 23 288 102 109 130 98 70 31 12 6 8 12 11 10 7 5 0 
0 0 1 23 301 163 46 25 16 10 14 22 27 40 14 0 0 0 0 7 23 330 147 28 20 24 10 24 58 15 16 0 51 92 235 110 45 23 17 17 36 36 20 17 3 0 0 0 
0 0 0 37 129 155 88 52 65 70 77 83 60 81 73 2 0 0 1 28 44 187 73 78 56 65 77 95 91 89 86 2 203 184 129 88 50 62 52 50 51 36 33 10 9 14 1 0 
0 0 3 41 450 150 34 20 8 12 11 4 4 10 41 12 0 0 2 17 251 263 115 29 21 14 11 7 7 11 45 7 14 177 269 157 68 34 18 4 14 6 6 8 24 1 0 0 
0 0 3 14 85 90 63 46 31 52 56 61 78 115 98 14 0 0 0 12 31 104 65 54 38 40 50 69 78 107 135 23 141 117 101 88 119 120 44 18 16 18 5 9 4 6 0 0 
0 0 2 26 104 104 69 55 63 59 74 91 128 126 92 31 0 0 2 22 82 71 88 54 56 52 71 90 119 143 145 29 140 100 165 218 174 78 29 23 19 15 4 14 17 20 8 0 
0 0 2 48 421 168 22 11 14 11 17 14 38 2 0 0 0 0 1 5 147 366 134 14 17 13 21 20 30 0 0 0 0 87 300 183 64 15 11 10 9 13 16 10 25 25 0 0 
0 20 69 57 193 145 4 5 4 6 3 0 0 0 0 0 0 6 68 37 98 154 121 9 4 5 4 0 0 0 0 0 5 201 127 107 41 6 4 5 2 5 3 0 0 0 0 0 
0 0 38 300 224 45 13 11 10 13 9 15 15 27 0 0 0 0 9 123 375 96 14 15 10 13 14 13 16 22 0 0 9 187 296 88 23 9 10 6 13 5 15 12 15 29 3 0 
0 0 84 83 289 117 50 39 28 17 21 9 15 51 3 0 0 0 57 71 201 173 87 44 28 28 27 17 10 40 23 0 64 114 295 165 50 25 21 25 28 13 1 3 2 0 0 0 
0 59 191 227 265 405 597 603 510 385 413 480 390 50 0 0 0 48 161 190 236 316 604 718 581 411 258 367 477 207 1 0 1000 768 878 383 330 304 184 126 40 26 46 64 166 245 15 0 
260 775 775 1175 440 210 132 118 128 116 59 35 25 0 0 0 1422 1003 709 283 173 149 102 101 88 107 45 26 39 1 0 0 1376 951 839 302 161 120 102 94 73 101 61 15 34 19 0 0 
117 304 502 417 497 377 251 197 215 241 331 169 115 139 16 0 579 541 577 461 382 341 243 114 77 152 123 60 97 140 1 0 755 447 518 547 414 352 335 145 83 74 18 18 42 126 14 0 
460 787 1290 864 542 319 278 216 188 152 78 46 9 0 0 0 2211 982 367 266 293 237 201 181 197 145 73 48 28 0 0 0 2014 1408 616 326 239 144 94 108 81 66 56 44 31 2 0 0 
215 288 374 445 539 570 615 538 485 602 539 380 224 59 1 0 828 500 477 583 652 603 657 530 364 353 182 53 52 40 0 0 829 489 504 593 668 651 589 610 387 298 119 51 32 53 1 0 
1438 1785 646 620 443 367 282 215 173 360 144 39 0 0 0 0 3061 615 330 346 515 401 245 200 167 148 125 330 29 0 0 0 3356 870 860 666 329 190 96 61 40 33 11 0 0 0 0 0 
230 1033 1854 1139 586 312 257 298 827 1204 159 49 23 12 4 3 276 970 1895 1141 560 298 245 283 265 536 1410 78 21 9 3 0 273 1455 1491 1051 581 295 251 288 232 198 233 776 861 5 0 0 
269 920 1283 466 310 217 196 208 193 761 176 27 16 16 29 72 271 1008 1195 440 305 218 193 204 146 124 705 216 23 27 46 38 348 1130 1064 397 286 287 211 164 115 96 105 321 571 52 12 0 
106 1804 2013 644 364 294 280 296 342 358 91 40 28 22 16 10 107 1803 2024 630 372 289 282 285 249 226 306 72 32 14 13 4 208 2222 1618 573 374 274 292 272 220 163 103 245 131 13 0 0 
125 719 484 1136 545 169 143 117 322 334 182 14 0 0 0 0 137 723 602 1284 263 155 150 102 122 403 287 60 2 0 0 0 162 1018 1218 463 193 139 137 103 123 233 153 246 93 8 1 0 
100 312 721 451 419 213 165 193 234 327 154 42 20 9 0 0 110 315 689 458 412 220 157 184 201 230 229 125 26 4 0 0 128 327 742 519 355 179 145 169 193 188 146 169 95 5 0 0 
33 1563 1067 194 110 105 99 127 225 106 115 49 25 21 12 13 36 1560 1047 211 109 98 97 98 119 237 134 56 29 15 12 6 119 1717 812 220 116 108 95 103 94 109 162 178 25 6 0 0 
258 436 329 348 352 415 621 771 767 584 446 385 338 397 333 60 167 359 327 383 402 582 704 923 806 498 320 267 262 344 401 95 301 414 344 397 459 587 723 932 985 611 297 256 204 180 142 8 
718 509 547 371 391 496 559 540 441 461 497 613 727 815 527 28 456 721 603 597 457 383 494 509 609 537 365 512 629 795 539 34 739 675 726 629 533 855 1088 990 695 500 361 196 155 86 12 0 
971 849 479 426 508 617 666 692 519 557 407 447 365 571 345 29 755 772 782 657 751 820 693 481 455 379 266 247 338 567 460 25 997 869 646 670 843 906 788 720 569 458 372 358 216 35 1 0 
494 504 390 382 421 594 542 506 500 536 619 701 600 548 210 37 330 524 570 537 522 621 660 561 580 509 479 445 491 506 216 33 468 524 561 600 736 964 763 738 718 680 473 180 88 72 16 3 
192 412 252 222 369 336 282 276 322 348 358 468 699 1060 690 104 107 311 313 291 225 289 468 380 316 293 327 350 605 1203 817 95 203 402 311 382 473 634 602 604 701 685 732 420 137 70 33 1 
1550 717 727 771 609 514 394 328 259 260 267 254 404 908 219 19 1565 817 783 602 408 337 560 610 369 228 197 207 274 905 314 24 1729 771 768 799 871 764 482 457 549 608 306 67 21 7 1 0 
878 725 584 448 427 459 544 593 476 395 405 446 339 418 192 42 850 723 682 681 640 770 715 640 419 203 169 153 234 317 122 53 959 760 723 664 751 830 894 648 353 350 195 104 47 63 26 4 
599 515 464 408 330 421 585 541 522 543 541 492 557 749 932 101 767 734 631 731 575 526 452 435 357 332 337 382 507 935 544 55 880 694 652 937 1056 1025 913 989 638 177 68 33 47 102 82 7 
317 468 540 518 681 567 569 597 487 466 386 491 442 592 652 37 380 1053 976 738 557 466 450 402 363 288 249 304 428 794 353 9 518 856 1008 983 895 1005 859 659 433 271 274 37 11 1 0 0 
63 212 271 319 556 371 388 665 603 550 498 590 483 737 1086 78 70 322 710 703 516 508 465 440 462 662 375 274 400 884 635 44 100 278 736 744 828 1143 1009 892 605 488 467 60 32 67 20 1 
43 305 455 460 449 483 427 341 472 541 545 533 393 130 89 32 85 550 791 956 779 744 581 424 243 170 80 58 58 76 81 22 123 518 803 892 1084 1172 517 226 87 41 39 38 43 65 48 2 
45 243 355 336 254 326 303 381 397 379 402 369 322 411 455 96 71 219 561 510 523 437 371 371 278 217 236 234 250 382 331 83 72 298 590 517 676 739 700 468 230 161 137 124 122 117 98 25 
53 271 451 442 4304 3657 2024 2165 3437 4763 5439 7884 5418 2933 2049 2473 92 356 336 231 550 1065 6922 3258 2078 5650 6298 9027 5390 3027 1556 1927 13987 7246 6848 3102 2914 2099 1679 1356 1263 1456 1447 1271 775 657 660 1003 
130 711 743 549 628 1800 3360 5533 7591 6528 7366 5931 6666 4486 2406 2612 190 855 560 403 537 1339 2404 5801 7795 6493 8722 6770 7162 4076 1974 1959 20118 6511 5013 4196 3867 3484 2554 2079 2029 1775 1547 1095 763 691 628 690 
236 13703 3327 2668 5240 2722 1209 754 1315 1423 910 659 853 536 128 155 3180 12955 3091 2017 1744 2756 3834 1368 1300 741 655 1037 655 313 61 131 142 18512 2781 4585 1727 1129 1144 1178 1219 906 957 781 525 141 64 47 
101 5145 1850 1900 2565 2897 2665 3065 3055 2623 2953 2606 2406 1739 820 452 332 7453 2533 2972 3085 3236 2480 2299 2458 2496 2079 1994 1578 874 728 245 226 9120 3062 3043 2770 2400 2165 2021 2330 2603 2100 1706 1751 1001 515 29 
101 1953 1769 1693 2254 2110 2511 3359 3398 2689 2202 1601 1074 946 861 207 325 3487 1743 1810 2670 2342 2494 2071 2440 2568 2220 1729 1019 781 712 317 385 4960 2094 1900 2217 1969 1925 1758 1749 1879 2693 2280 1706 906 302 5 
373 4402 2407 1268 1289 1501 2255 2009 1372 1140 863 819 946 308 156 171 1296 6361 1293 955 990 923 1163 1798 1627 1075 1267 816 766 726 219 4 284 7939 1024 797 843 1306 1745 1558 1115 804 823 767 741 637 886 10 
288 911 761 401 417 721 687 737 689 741 259 271 253 19 13 32 1422 1087 916 647 523 720 567 269 228 189 259 188 140 11 6 28 2698 1091 896 723 543 368 179 144 175 267 60 9 9 7 8 23 
3255 968 494 257 149 102 138 398 329 562 140 14 0 0 0 0 3875 733 298 167 121 93 366 304 556 270 23 0 0 0 0 0 4269 528 307 351 459 705 146 39 0 2 0 0 0 0 0 0 
50 186 400 369 317 375 528 950 679 609 546 596 257 87 5 10 219 646 664 714 648 427 492 329 286 386 646 362 124 10 6 5 966 941 1157 672 572 414 327 375 354 136 30 6 4 4 4 2 
3 163 212 164 174 304 639 606 730 1316 1348 1383 61 16 17 25 36 202 181 168 213 544 702 609 935 1458 1919 117 30 14 12 21 1568 1585 2064 1164 217 108 170 185 53 6 8 12 8 8 5 0 
8 141 107 116 217 574 320 413 765 1118 1098 994 82 49 13 5 81 101 113 152 476 464 391 690 1089 1072 1225 93 49 18 5 1 1282 1063 1409 963 580 342 232 88 21 16 15 5 3 1 0 0 
1 11 38 55 52 74 63 28 14 5 4 3 1 2 10 19 0 0 6 9 14 24 35 31 30 40 60 45 39 14 2 31 27 98 102 66 22 18 6 4 0 3 1 2 3 5 12 11 
0 9 28 60 66 77 43 18 3 2 0 0 0 0 0 0 0 0 0 8 28 39 27 23 24 33 43 51 20 10 0 0 18 54 127 83 17 2 4 1 0 0 0 0 0 0 0 0 
2 5 11 26 14 24 60 74 72 49 29 12 2 0 0 0 0 0 1 5 12 19 14 15 10 8 30 67 124 57 16 2 79 93 79 63 38 12 6 6 4 0 0 0 0 0 0 0 
2 7 5 13 12 23 54 54 42 32 31 10 9 1 4 21 0 0 0 6 6 9 12 11 16 18 30 53 76 37 18 28 46 70 61 44 29 14 9 9 5 5 3 0 5 3 5 12 
0 2 12 16 34 40 41 35 33 21 1 1 1 2 0 1 0 0 2 8 16 27 20 23 22 24 19 32 26 18 1 2 14 67 88 35 24 4 0 0 2 2 0 1 2 0 1 0 
2 19 26 52 64 56 40 51 29 15 0 2 1 1 1 1 4 57 62 83 45 47 35 14 5 1 2 1 1 1 0 2 29 71 81 79 63 18 11 1 0 2 1 1 1 0 2 0 
0 0 46 74 60 55 40 33 17 8 2 1 1 1 2 2 1 37 88 86 47 28 21 18 7 1 1 2 0 3 1 1 19 74 96 61 43 23 15 2 2 0 2 0 1 2 1 1 
2 13 13 16 44 566 881 1858 4141 3828 2038 338 649 436 212 7 2 9 17 14 10 181 660 1117 2389 2839 3684 2692 883 430 115 0 209 946 1995 5686 2272 587 558 778 710 247 586 378 89 1 0 0 
1 5 12 18 55 156 558 834 2353 2400 2216 3006 4340 3159 1579 308 1 3 13 15 38 73 176 620 1925 1483 2228 1560 2542 3927 3992 2404 42 488 951 2047 3536 5459 3384 2445 1361 615 371 228 72 1 0 0 
0 0 1 4 20 31 378 863 1872 2625 2774 4125 5551 1858 555 7 0 0 1 3 16 24 196 437 973 2476 2100 2217 4374 4158 2767 922 40 234 1269 1774 2527 5712 2569 1526 1169 1248 765 1260 571 0 0 0 
0 0 0 539 422 215 424 2549 2625 3801 4303 4574 4507 1900 743 47 0 0 0 243 662 177 199 1300 2134 3238 2971 3440 3780 4553 2661 1291 90 444 1809 4287 5657 5189 2452 2962 1500 1107 1001 151 0 0 0 0 
0 0 7 89 129 153 355 625 618 682 919 285 109 71 95 543 0 0 47 136 126 232 491 583 522 651 892 257 90 101 145 407 1 81 965 1176 692 451 315 147 87 61 60 53 65 81 87 358 
0 0 8 77 115 129 564 1489 1281 298 58 17 15 53 225 93 0 1 45 102 107 508 799 1109 986 281 88 22 8 60 249 57 0 242 2314 998 300 70 35 32 17 18 11 11 8 24 51 291 
0 0 8 16 19 50 425 808 889 385 102 29 26 18 63 474 0 1 23 17 30 284 497 491 755 424 183 27 27 18 76 459 0 53 921 858 555 189 47 22 29 22 23 22 23 12 29 507 
0 0 368 159 85 163 470 715 847 803 827 243 27 14 43 310 0 11 457 96 83 249 386 519 690 767 987 438 28 14 81 268 44 716 1770 876 492 431 201 68 34 28 20 15 16 16 24 323 
0 0 65 72 98 247 432 672 712 884 989 594 138 104 272 14 0 5 102 47 145 429 448 483 607 685 905 869 178 100 280 10 2229 603 596 398 291 175 139 56 42 46 53 71 91 99 79 325 
0 0 283 130 174 213 384 510 770 1046 1407 268 33 7 1 0 0 44 301 172 156 308 401 479 565 688 970 1089 51 2 0 0 2146 624 983 547 317 275 182 103 24 13 7 4 1 0 0 0 
0 0 60 69 199 230 219 311 423 623 1095 1026 183 81 97 20 0 0 83 178 196 175 196 258 357 500 743 1057 711 62 106 14 1852 316 632 583 253 200 236 97 76 44 49 44 39 48 47 120 
0 0 2 4 33 117 301 551 672 563 644 400 195 88 105 285 0 0 5 27 65 147 319 512 592 645 675 477 76 53 119 248 35 226 680 798 492 430 290 175 193 124 64 43 44 40 68 258 
3363 1175 1190 1658 1016 603 526 530 434 422 1403 471 812 176 59 204 3575 1025 1155 1423 1378 651 583 486 464 800 1195 695 394 72 71 75 3190 735 806 823 973 1250 1452 718 1603 946 862 341 117 96 45 85 
1265 605 737 1783 2242 1714 1114 774 576 607 646 702 187 84 53 223 2280 1514 1867 1548 1038 907 719 619 706 712 765 266 94 66 80 131 1742 1210 1507 1710 1878 1209 810 866 728 505 596 186 105 71 33 156 
72 78 104 583 768 883 784 653 614 631 590 496 547 604 921 5532 50 72 105 340 763 920 929 695 659 550 475 531 654 957 1457 4703 1148 1228 998 1084 963 834 894 1042 1550 1469 1472 905 230 41 2 0 
0 0 200 529 726 1047 1497 1267 1314 1234 1522 2117 1230 746 738 2330 0 0 106 485 675 966 1415 1441 1285 1264 1132 1916 1530 789 894 2599 1898 1959 1910 1513 1492 1320 1042 714 809 2198 948 217 123 85 78 191 
2851 1339 1307 1197 1039 926 864 537 539 567 421 411 1518 456 115 193 4624 1541 1462 1004 722 462 331 264 247 319 396 396 1098 1106 151 157 4415 1440 1128 1013 932 729 681 715 589 637 1128 458 124 72 33 186 
0 2 568 1904 908 427 365 339 389 470 621 602 551 480 323 328 1 1297 1268 722 433 352 322 358 462 655 801 685 468 250 148 55 10 553 1184 837 893 563 356 298 301 449 528 542 507 569 449 238 
716 625 827 879 1026 471 315 232 124 50 16 11 9 5 7 19 549 636 791 1110 948 460 418 236 114 29 7 8 8 6 6 6 177 242 498 884 674 680 792 544 375 274 141 48 3 0 0 0 
1140 810 734 777 1104 1060 866 648 352 154 65 54 44 49 32 15 789 825 691 1088 1125 960 1001 679 416 167 69 51 30 12 1 0 158 448 1104 1042 765 680 623 669 620 731 604 386 57 11 5 1 
671 856 678 719 904 764 649 669 380 390 612 399 136 71 35 5 423 788 836 732 980 913 674 621 465 486 636 269 80 33 1 1 443 342 458 657 725 708 674 817 569 481 419 406 472 505 213 49 
1464 1055 1106 1217 987 1130 914 394 42 27 17 8 13 15 24 15 949 1669 1282 1201 1383 1226 512 119 12 6 11 9 23 20 5 1 1053 809 1014 1049 992 956 825 934 596 155 31 13 1 0 0 0 
2312 595 430 406 569 745 710 736 566 337 228 188 70 10 5 13 2034 891 726 532 607 787 676 667 596 346 24 16 4 2 2 10 552 727 1267 896 810 623 628 758 623 468 375 148 43 2 0 0 
1336 671 662 1094 931 635 723 595 513 428 187 233 91 28 10 0 1101 671 1173 925 839 681 922 628 581 387 143 46 28 12 0 0 268 1089 566 492 693 845 1051 928 559 655 476 351 93 37 21 13 
1635 1066 1129 1149 936 1245 1190 1038 444 138 93 65 50 27 3 0 1220 963 1290 1543 1716 1332 802 711 353 114 72 58 31 2 1 0 311 784 763 1356 1331 1369 1136 1235 786 576 311 101 75 54 20 0 
1330 544 601 920 1297 1131 1089 774 760 542 337 191 104 96 66 246 1019 618 1044 1090 1009 1155 1187 723 758 548 299 185 98 59 75 161 412 1084 712 728 602 759 910 1207 1166 770 758 498 256 144 22 0 
186 285 279 281 442 467 403 408 461 400 113 24 31 28 23 111 237 286 309 379 487 419 397 403 479 299 36 17 28 30 29 107 80 208 303 343 336 352 311 282 287 290 299 437 251 25 29 109 
2894 2512 3383 2311 2240 1707 1602 1522 2277 2891 949 48 0 0 0 0 2495 2248 3546 2520 2412 1918 1645 1381 2211 2818 1080 59 3 0 0 0 8257 4282 3120 2201 2723 2198 896 218 109 67 42 48 56 59 46 14 
910 2516 2124 2049 2007 2520 2135 1612 1548 1351 1516 194 0 0 0 0 571 2453 2225 2114 1705 2491 2000 1996 1984 1676 1214 53 0 0 0 0 5024 3331 3436 2769 2313 1438 275 359 290 344 405 240 146 58 29 25 
0 0 54 355 656 366 218 170 348 265 199 259 167 74 16 25 0 0 0 102 803 402 227 205 295 269 232 269 221 91 33 23 171 651 445 311 226 275 262 211 203 156 93 48 39 65 16 0 
0 0 49 758 804 402 234 174 211 176 74 45 13 0 0 0 0 0 0 238 898 663 276 193 148 171 200 124 25 4 0 0 0 327 995 482 206 146 127 126 75 89 105 81 73 96 12 0 
0 0 4 807 795 469 149 142 153 685 152 79 65 55 22 41 0 0 0 158 1125 618 216 136 131 125 190 669 75 75 63 37 1 607 1025 274 162 102 104 111 139 150 113 109 141 205 374 1 
0 6 314 769 519 441 139 73 117 464 53 9 0 0 0 0 0 0 10 516 854 549 159 91 83 59 160 407 16 0 0 0 49 1070 598 262 95 69 76 65 22 38 31 42 69 170 244 4 
0 25 175 183 271 913 477 280 263 499 235 138 109 69 102 57 0 0 17 280 186 900 654 257 230 186 224 494 118 89 85 76 27 580 754 461 417 262 173 163 141 112 124 138 101 238 102 3 
0 28 500 812 683 322 176 190 179 470 44 0 0 0 0 0 0 0 98 679 909 536 348 142 65 69 102 454 2 0 0 0 208 1248 587 218 230 129 47 40 50 36 47 55 76 166 255 12 
3 47 837 1006 535 129 71 90 170 101 16 3 0 0 0 0 0 3 170 1022 875 370 167 69 48 86 174 24 0 0 0 0 397 1541 423 109 60 57 36 46 36 39 67 71 71 45 10 0 
0 6 93 156 707 799 475 439 238 273 243 195 305 140 70 101 0 0 32 165 461 1148 650 206 198 183 208 310 275 180 123 101 9 658 751 718 497 244 237 274 318 183 107 88 65 60 30 1 
0 4 126 594 513 116 187 167 132 201 250 318 225 153 175 151 0 2 34 477 651 135 224 125 118 153 193 283 328 194 205 190 119 605 449 302 175 142 209 291 320 220 208 173 76 22 1 0 
5 19 185 424 556 1078 175 104 132 251 173 247 261 138 153 117 0 8 159 362 483 1123 249 110 101 118 204 376 287 138 156 144 60 727 1257 303 144 122 140 227 285 202 119 150 90 113 76 3 
10 79 246 553 666 1034 263 171 140 120 111 110 137 130 91 59 1 18 271 474 707 749 517 188 158 115 118 118 118 166 119 83 160 943 1254 433 167 130 124 169 146 153 117 69 41 9 5 0 
2 35 77 59 264 847 143 150 253 523 242 244 306 233 139 193 0 14 59 103 316 688 225 125 146 197 317 502 293 280 212 233 36 313 828 203 118 136 140 218 319 399 250 182 205 286 77 0 
397 1030 1206 1128 1235 1099 1922 2220 1447 281 5 0 0 0 0 0 766 724 1032 1850 1938 2078 1978 1238 357 9 0 0 0 0 0 0 856 999 1818 2112 1861 1219 1313 942 682 167 1 0 0 0 0 0 
935 880 890 1000 1340 1296 1514 1784 1209 356 23 4 1 0 0 0 1479 964 837 1010 1098 1483 1609 1727 999 23 3 0 0 0 0 0 2106 1669 1862 2413 1674 768 424 260 46 8 2 0 0 0 0 0 
86 199 802 1158 794 833 993 1124 1087 1409 1240 376 0 0 0 0 58 115 639 986 805 1058 1086 1259 1405 1677 995 18 0 0 0 0 419 964 2065 3197 1682 655 501 468 150 0 0 0 0 0 0 0 
87 227 964 994 874 902 1162 1159 1157 1373 1194 1353 1542 299 0 0 170 168 829 1020 1075 928 967 1064 1094 969 1130 1081 1265 1389 138 0 733 1231 1749 2024 1186 922 1241 1473 1490 1163 75 0 0 0 0 0 
664 833 544 815 924 1106 1215 1063 1439 1940 1489 815 588 85 0 0 682 653 713 770 987 1304 1403 1365 1937 1180 608 531 688 608 91 0 776 764 615 1040 1501 1344 1282 1568 2161 1959 496 14 0 0 0 0 
1045 1639 1831 1392 1162 1446 1001 916 820 419 154 50 24 1 0 0 2007 1413 1423 1534 1529 1339 1302 823 290 140 62 20 11 7 0 0 1868 1757 1949 1242 1190 1181 1094 830 643 131 14 1 0 0 0 0 
318 9557 33964 71180 68366 35468 36619 30964 8962 2772 198 0 0 0 0 0 112 2672 15714 25800 51822 62657 56616 43426 34737 4665 140 7 0 0 0 0 10700 117052 79124 50398 16307 13503 6069 2933 2233 49 0 0 0 0 0 0 
318 8639 35571 89057 134530 60740 30467 4112 2327 1907 885 781 571 234 195 223 112 2575 15957 24093 50422 118278 104082 44645 4835 1957 1313 718 752 327 219 272 26558 179795 94391 42889 13464 6678 3254 952 770 609 377 261 188 159 157 55 
2 1168 13716 34315 47456 71316 52556 15306 7706 3631 2681 3066 2916 2910 2946 1304 0 53 4004 12195 26868 33416 49239 86099 23802 7372 3599 2722 3285 3363 3801 3177 5877 71562 79688 47779 22998 11810 7826 5770 2229 1905 2102 1257 827 606 476 283 
3287 18202 78381 36452 14294 4918 1630 889 900 359 227 270 719 1254 2712 6394 2515 6234 45436 54938 27909 13483 6145 1317 1004 414 225 241 466 2268 3155 5138 4270 58212 63756 24435 4215 2038 1088 822 657 530 1735 2324 1504 2007 2462 833 
0 3131 31189 65614 40490 18215 12624 9740 2281 512 116 61 74 75 103 4244 0 103 10552 20816 46537 45178 34110 16058 9143 1170 224 75 78 80 105 4240 655 61174 74828 31606 11452 2476 1205 404 80 60 55 81 75 100 212 4006 
0 2269 28589 37967 36963 35197 37195 16489 2118 733 412 265 292 287 404 12348 0 211 11928 29050 27448 29917 43719 42474 11793 1015 353 296 275 333 511 12205 530 48138 60398 42706 30101 9060 4855 1494 399 304 267 266 390 530 815 11275 
334 9455 75410 45602 10734 2164 1672 1785 551 345 305 365 525 772 1488 2366 47 5733 15685 64161 41251 16117 1597 1707 1236 473 472 655 965 1422 959 1393 2527 72493 47082 13545 5854 4121 1049 1362 546 725 993 1553 519 440 321 743 
313 10103 67912 68649 10041 4457 3269 2961 1609 454 98 54 36 41 41 62 24 6130 15727 48584 51299 35045 7022 2524 2329 1068 128 48 54 42 27 49 2535 81744 61842 13970 4200 3410 1808 309 69 44 47 34 30 26 27 5 
7 2600 45601 57067 44743 18955 9469 5742 5378 2909 1518 857 556 6 0 0 14 1489 10655 43066 47013 42981 23330 12319 7015 4397 2064 639 426 0 0 0 578 43943 70336 37244 15135 9488 8725 6046 2920 837 156 0 0 0 0 0 
15 2428 47364 63729 69495 48875 21299 3493 2206 991 77 67 1 0 0 0 0 712 8798 42067 42273 49983 68266 38611 6656 1971 616 80 7 0 0 0 3124 100663 69869 38688 25233 10937 7751 3349 364 60 2 0 0 0 0 0 
15 4024 36428 41408 31952 31433 20317 7665 1106 424 735 556 87 24 6 0 0 930 11054 33927 23718 26625 29479 35049 13191 652 591 710 183 50 21 0 4422 62963 43179 19828 14995 9722 9903 7793 2409 613 271 58 18 6 0 0 
0 86 4891 35424 87148 47826 28029 5113 1001 169 142 97 49 7 0 0 0 0 921 3130 16810 51937 78875 46624 10220 726 445 162 122 10 0 0 29 21779 86965 47064 22571 10481 7037 6494 5289 1649 325 158 88 31 17 5 
155 2220 10171 56116 70050 32032 15097 9917 7915 5351 4938 5546 7032 7417 5223 3316 230 1484 3406 13283 41461 60172 52175 16334 8022 5858 5166 4810 5315 6730 9368 8682 18671 92427 49706 23214 22879 11000 5879 5138 4690 2930 1661 1169 694 438 363 1637 
0 2550 21704 25533 6328 6111 7319 1411 374 291 273 275 945 1148 390 162 0 836 7321 15322 24093 9085 7356 5802 1289 402 379 343 801 1138 596 51 2 7273 24009 23658 10745 2562 894 1395 1595 1335 695 549 67 35 0 0 
0 0 0 137 2452 2432 1905 564 213 178 132 67 52 33 16 3 0 0 0 42 622 2468 1475 1613 1079 373 164 132 84 80 46 6 478 1141 1561 1419 1581 1046 420 214 128 85 54 29 20 5 3 0 
0 0 3 211 1306 2462 1748 855 428 348 296 240 414 397 353 29 0 2 8 44 876 1205 1681 979 972 703 464 319 306 457 550 524 294 1277 1589 1571 1587 935 501 331 261 198 148 86 50 54 87 121 
0 0 17 243 3767 4720 1318 485 259 113 47 23 29 29 0 0 0 3 10 102 917 2802 4361 1791 630 248 85 28 29 37 7 0 284 2095 3801 2372 998 539 305 211 172 81 81 63 26 14 6 2 
0 0 0 43 1544 1611 636 627 512 416 406 375 457 555 544 26 0 0 0 126 666 1169 1189 484 378 424 419 425 435 610 627 800 215 756 1661 830 674 700 452 441 374 379 297 241 193 209 174 156 
1 22 38 404 504 620 740 1279 1253 1105 868 323 179 174 338 1116 6 11 34 56 276 534 661 524 693 956 1147 1486 1724 775 76 5 297 684 755 575 761 1046 1275 916 677 576 1137 242 22 1 0 0 
1 11 119 261 360 330 235 232 221 222 271 429 483 545 643 1533 4 8 7 38 193 235 430 253 201 238 233 319 924 1097 693 1023 138 453 444 254 189 249 240 290 452 733 1373 659 232 142 44 4 
513 5460 8111 13413 8974 7619 7233 6311 4320 2153 1301 546 314 32 0 0 79 4891 6542 3506 7158 7251 5521 5712 7271 7877 6420 3213 836 23 0 0 20996 16025 10139 5549 4257 3428 2927 1962 848 159 9 0 1 0 0 0 
1493 1192 4710 7023 7423 9390 7163 4822 4600 1256 665 575 340 96 14 2 1314 404 1836 2103 3338 9197 4627 4932 7991 7175 4045 2217 1111 388 75 11 20005 9465 7188 4161 5575 1339 1015 912 482 296 201 95 22 6 2 0 
4798 2807 6072 8398 7919 6485 8555 6170 3268 1198 552 508 202 164 94 10 4088 1889 2233 2492 5757 6172 4595 4738 5263 7509 7292 3588 989 330 208 57 23033 13804 9143 4480 2660 1324 1064 750 316 183 128 124 117 67 7 0 
552 225 245 113 81 51 53 46 50 123 87 106 74 15 6 22 574 226 244 115 70 50 56 46 65 159 71 115 32 9 11 6 476 174 183 198 151 83 78 82 186 80 102 25 10 10 11 0 
235 242 345 215 131 86 59 60 78 102 72 31 15 8 8 23 499 304 185 111 101 76 60 79 90 101 35 26 10 9 12 12 406 261 299 166 93 76 83 89 105 53 31 7 12 8 3 18 
0 13 74 104 137 160 151 138 135 149 182 274 135 89 92 274 0 0 59 98 123 167 148 144 156 124 118 272 191 90 118 299 313 223 250 210 157 143 122 109 164 252 77 34 15 14 13 11 
493 284 184 163 92 51 48 29 42 39 29 76 111 26 9 16 776 246 119 67 46 39 23 26 32 30 43 36 128 64 8 9 731 197 178 91 63 57 52 36 56 70 88 40 7 6 5 15 
10 28 72 109 87 75 83 88 79 60 52 66 77 74 96 672 4 14 63 87 121 76 89 102 68 57 47 67 69 116 191 557 219 144 115 115 117 105 108 114 182 227 195 79 8 0 0 0 
3 167 195 77 48 51 36 43 44 42 63 55 66 53 36 41 117 228 82 52 35 38 43 52 59 68 78 69 47 37 9 6 56 190 136 78 57 34 41 33 55 47 50 49 54 63 58 19 
217 739 662 322 342 234 309 212 240 285 363 447 265 94 38 41 31 214 563 822 466 338 270 225 235 326 375 472 349 68 46 10 3752 502 278 161 48 34 19 8 4 4 0 0 0 0 0 0 
111 831 415 296 346 488 467 380 249 304 418 584 404 192 94 31 19 110 668 619 386 602 448 320 305 343 454 631 467 178 53 7 3928 827 367 273 97 65 34 15 4 0 0 0 0 0 0 0 
16 852 442 457 271 239 317 252 279 278 276 177 99 32 9 0 0 29 962 549 311 254 320 285 301 313 345 201 109 17 0 0 3703 231 34 20 8 0 0 0 0 0 0 0 0 0 0 0 
7 534 291 193 96 139 161 180 205 217 188 175 127 115 101 103 0 48 618 256 166 138 145 187 235 246 220 186 153 131 79 24 2054 206 113 107 89 68 72 68 33 17 5 0 0 0 0 0 
0 378 789 974 450 203 183 178 155 180 148 10 0 0 0 0 0 0 346 829 781 578 327 211 203 205 162 6 0 0 0 0 3560 88 0 0 0 0 0 0 0 0 0 0 0 0 0 0 
0 32 1571 3740 2629 3029 3173 2140 2104 2483 1324 540 338 214 120 215 0 862 2496 2512 3455 3355 2668 1649 1897 1989 1709 506 197 119 103 135 0 187 2011 2921 2058 3050 2642 3008 3203 1905 1007 506 523 296 130 205 
0 9845 10289 4883 2852 1516 3257 1133 854 6562 2055 92 95 69 51 7 13 15297 7753 3544 1882 1085 2152 1994 776 1700 7111 103 80 55 15 0 0 7012 9362 5444 3462 3880 1899 2194 3491 6148 345 97 96 73 47 10 
0 0 91 4189 4328 4052 3801 4669 4243 4617 1385 857 891 389 267 451 0 54 2438 4543 3431 4921 4446 4134 2113 1957 3742 738 893 456 214 150 10 72 2697 6371 4183 3524 2471 4114 3555 2333 1765 834 611 658 698 334 
0 941 8054 7745 3619 2023 2518 1395 1073 968 484 424 292 198 110 102 2 7476 8292 3939 1843 1496 2489 1231 999 624 627 437 225 166 52 48 0 2636 7700 5671 3864 2955 1689 1289 1364 1176 573 389 230 207 145 58 
0 7417 6594 4879 2204 1778 1293 890 2021 3251 532 196 103 46 16 42 166 10827 6239 2878 1827 1497 1027 743 990 2129 2653 152 58 33 14 29 0 7111 4813 4536 3198 2431 1385 1156 1940 2444 1546 367 175 85 36 39 
0 758 8376 4908 4838 4746 2422 1757 1506 886 607 353 332 337 281 595 6 5084 5650 4280 5062 4373 2189 1499 1495 895 580 313 394 296 220 366 0 1745 7273 5496 4289 3235 2366 2043 1905 1483 807 453 321 309 324 653 
13 473 435 329 414 192 154 198 406 222 146 197 193 39 6 0 5 279 539 186 368 387 188 205 238 406 137 197 210 68 4 0 6 368 645 556 119 102 214 224 267 248 172 150 210 129 7 0 
0 8 266 310 356 175 163 159 154 278 356 246 282 105 18 4 0 18 315 264 314 211 161 188 200 292 313 272 279 42 11 0 6 100 528 364 262 183 148 143 167 203 280 209 224 60 3 0 
6 72 981 319 393 371 185 165 153 218 271 220 233 94 7 4 5 173 838 301 301 464 290 147 162 232 268 203 235 65 6 2 7 405 748 407 283 294 200 148 142 181 281 228 236 127 5 0 
0 45 543 435 440 193 149 140 168 207 240 277 188 72 3 0 2 92 575 296 335 328 290 222 182 229 262 186 91 10 0 0 44 262 522 394 402 173 165 183 186 196 203 227 122 21 0 0 
424 1260 712 279 404 354 214 123 127 102 80 64 31 9 4 0 615 1060 581 457 361 530 165 102 94 74 64 54 20 8 2 0 807 912 508 460 534 366 149 116 91 76 70 60 26 8 4 0 
172 922 725 245 299 176 101 89 122 65 57 18 18 7 15 5 281 1135 567 220 167 243 216 82 36 20 19 15 15 12 8 0 308 1010 576 317 206 138 171 190 37 21 22 17 14 5 4 0 
0 319 1783 660 257 440 434 116 67 54 90 66 46 56 31 1 69 429 1976 548 258 136 132 377 169 91 102 56 39 36 2 0 101 741 1450 767 273 172 286 170 106 89 125 73 33 31 3 0 
39 374 1566 445 170 288 219 24 15 10 9 9 10 21 12 1 117 448 1580 310 104 192 182 124 97 10 13 19 13 3 0 0 226 925 986 390 210 125 73 75 44 36 83 36 3 0 0 0 
0 46 510 538 503 584 355 131 104 92 96 97 145 151 97 28 4 231 479 445 436 563 394 165 124 143 165 130 105 81 12 0 90 508 630 665 472 259 134 125 96 123 111 126 89 41 8 0 
1 183 3675 4476 6558 7984 7355 6337 5516 6137 7637 10043 9261 7260 2952 974 30 5028 10341 8552 7272 9103 11117 9898 7771 5506 4258 3352 2482 990 389 260 2284 10184 15314 12928 10393 9380 9627 7319 4203 1893 1049 691 491 293 156 144 
0 0 645 2351 2245 1922 1748 2184 2650 3466 7375 9595 6327 2604 838 672 0 13 776 3229 4512 6588 7829 8124 6211 3300 1854 791 480 403 244 268 405 3569 4215 3648 4349 5864 6997 6476 4876 2399 817 431 334 173 63 6 
1 15 454 1464 2486 1627 2043 2858 3083 2385 2608 3076 4144 5219 6700 9629 0 2 121 784 1803 3350 2878 2707 2340 2879 3520 3622 4445 4250 6630 8461 152 1625 4151 6947 9126 9513 6406 3472 2067 1188 896 846 521 337 273 272 
0 0 306 1022 2870 3755 3491 3494 3917 3683 2857 3254 3975 5339 8434 6307 0 0 5 155 971 4490 4372 4668 3283 3178 3723 3645 4079 5673 8753 5709 824 3736 6332 8690 10364 8729 5202 3132 2213 1410 598 547 413 303 167 44 
10 255 569 1064 1639 2381 2470 2949 2600 3406 3604 3676 2832 264 115 221 9 103 475 1254 2014 2527 2298 2755 1768 1887 2134 3147 3448 3319 693 224 785 3716 5576 3357 2892 2431 2059 2330 1788 1185 918 362 109 164 111 272 
0 0 5 249 1100 1046 720 798 786 1008 942 473 137 16 0 0 0 181 414 480 472 936 1136 1017 814 777 686 291 76 0 0 0 29 192 429 741 1097 1073 1122 968 817 545 139 105 23 0 0 0 
0 25 568 369 446 396 578 994 1112 1973 2677 2413 2021 1519 1197 1324 4 19 133 707 731 340 465 868 922 940 1517 2350 2297 2756 2283 1280 31 396 1862 1878 1748 1318 1161 1335 1237 1239 1171 1139 1168 580 300 1049 
0 1 54 233 461 558 1003 1589 1953 2351 3450 3828 3207 1812 630 374 4 52 185 376 618 965 1445 1815 1531 1935 2383 2665 2243 2506 2281 500 33 906 2101 2518 2744 2125 1951 1618 1541 1464 1348 1025 1024 511 219 376 
0 4 116 159 248 469 1050 1062 1384 1454 1246 1409 2730 1517 84 0 0 0 12 282 584 628 936 1209 1014 989 936 1033 1366 2210 1733 0 2 167 1133 1703 1115 845 831 949 948 1120 1347 1426 799 442 105 0 
0 0 50 442 429 461 410 445 480 564 498 607 538 136 14 8 0 0 19 428 467 412 298 413 506 450 489 431 486 610 71 2 87 995 716 384 315 241 245 273 374 439 405 375 205 8 10 10 
50 316 2000 4182 3054 1251 1218 1389 1170 1057 695 690 420 179 67 46 64 1160 4497 3209 1512 806 1013 1300 1138 948 960 665 248 157 52 55 91 623 3138 3167 2229 1365 1019 1028 1284 1586 1398 521 210 65 53 7 
24 620 2629 3685 2668 1283 1809 1373 911 456 339 121 26 59 13 0 32 1630 4847 2719 1255 816 1070 1465 1219 459 288 127 31 55 3 0 71 982 3293 3497 2044 1384 1984 1244 583 394 205 165 140 30 0 0 
9 279 1867 2025 2625 736 1356 1335 572 95 78 686 595 46 10 0 16 1103 4079 1888 484 244 475 1351 852 403 248 515 573 78 5 0 26 597 2770 3371 784 760 1782 700 118 512 846 23 17 8 0 0 
0 570 3495 1721 870 830 822 1203 1191 490 409 1034 133 0 0 0 1 1157 3567 1311 691 756 687 815 1398 715 452 1019 199 0 0 0 0 578 2859 2177 1230 735 831 1289 989 595 752 699 34 0 0 0 
0 0 10 300 538 1227 1396 2127 2902 2829 3149 857 207 26 0 0 0 231 514 1454 2180 2082 2168 1790 2021 1861 810 322 120 15 0 0 1 109 943 2305 2091 2601 2901 1694 1246 834 410 319 112 2 0 0 
0 0 10 820 1099 1690 2462 1996 927 401 77 1 0 0 0 0 0 468 2749 2607 1409 537 662 533 413 102 3 0 0 0 0 0 0 54 2186 2889 2574 1047 513 146 71 3 0 0 0 0 0 0 
2 16 139 407 503 583 684 615 662 690 729 560 366 314 297 587 1 100 448 1005 790 713 772 627 683 683 475 242 202 80 80 253 146 668 882 903 880 796 831 529 399 323 217 130 62 54 60 274 
26 81 174 346 489 574 661 683 1036 1680 1490 709 469 348 349 455 50 96 203 360 538 675 762 811 1260 1876 1186 674 424 303 171 181 348 491 906 1267 2029 1283 827 962 464 384 241 145 140 82 1 0 
56 149 943 1087 1427 1673 1067 445 351 251 204 134 106 156 142 657 166 1202 1847 1381 825 651 506 369 276 259 201 127 120 106 154 658 492 1519 1734 1233 914 715 622 390 231 186 155 123 136 117 79 202 
107 364 355 307 477 358 316 249 238 236 274 342 383 469 508 2871 169 482 370 324 388 339 209 166 188 216 242 274 292 452 574 3169 436 850 821 705 609 643 699 888 683 692 266 157 105 83 82 135 
70 85 261 833 851 892 898 651 588 436 277 222 166 124 111 417 98 199 650 1022 1157 997 637 444 372 230 198 195 125 101 89 368 144 235 907 1014 815 742 650 559 523 493 206 186 168 94 74 72 
60 453 1281 904 576 532 387 266 243 167 166 111 71 56 34 28 108 1254 1608 657 548 426 228 113 96 94 82 69 37 11 2 2 480 1894 1190 680 434 265 145 94 69 36 20 20 6 2 0 0 
12 274 1742 1830 971 829 380 228 341 545 316 161 122 54 5 2 9 399 2041 1592 909 713 333 235 245 294 549 361 102 23 5 2 515 2496 2111 746 242 208 520 398 267 213 80 12 2 2 0 0 
137 505 1531 1618 1162 761 664 620 634 491 397 286 198 135 116 510 191 939 2170 1595 1142 702 463 363 385 452 379 189 133 112 111 439 801 1619 1869 1143 1007 749 549 416 286 228 194 185 163 130 123 303 
19 39 102 196 279 397 610 624 572 472 385 406 402 472 565 2597 44 90 255 412 502 723 704 516 431 369 330 339 364 398 623 2037 189 312 564 686 671 664 803 908 683 661 486 409 297 286 315 203 
206 1063 1137 706 933 1021 847 527 436 697 802 299 225 201 211 1009 298 1462 1848 1399 812 497 349 276 287 322 377 814 303 161 213 902 708 1733 1290 1369 963 645 1016 425 247 258 225 213 189 186 277 576 
252 3285 2987 1273 839 769 669 391 379 397 461 186 118 60 48 171 234 5084 3525 1174 399 215 143 109 87 147 260 354 224 90 52 188 995 4973 2596 1426 440 407 572 241 200 122 72 49 28 22 35 107 
15 653 1264 942 857 871 919 748 769 730 653 800 624 424 414 785 14 1809 2100 1257 913 932 720 626 519 468 542 596 317 186 226 243 307 1795 1675 1604 1116 770 903 1114 956 403 130 107 92 99 100 297 
34 189 1190 1505 1134 858 652 473 328 209 241 229 134 94 52 126 53 295 1301 1571 1074 828 510 328 283 313 307 231 121 81 62 90 130 705 1440 1372 1166 683 586 470 272 154 134 113 89 58 25 51 
13 78 92 476 1039 1082 1065 870 689 576 535 475 682 446 169 13 33 137 204 672 949 1190 1242 952 870 736 494 364 285 172 0 0 63 163 564 829 842 725 849 1152 951 689 451 358 286 279 99 0 
0 68 90 104 137 225 203 228 180 116 123 137 154 217 216 481 0 38 86 108 63 97 172 243 270 356 280 236 204 170 181 175 30 129 182 151 270 263 302 274 246 151 181 241 123 86 36 14 
356 1098 268 244 259 151 114 92 98 68 38 30 48 63 62 207 360 1098 235 165 118 248 177 114 87 79 94 112 88 47 17 157 161 813 814 313 228 129 107 91 69 82 82 121 30 8 20 128 
0 66 166 97 93 187 227 264 256 214 249 164 141 129 70 470 0 85 122 132 139 210 316 314 175 184 149 124 135 164 87 457 0 11 99 123 145 163 252 311 312 196 142 132 127 131 180 469 
17 260 311 178 145 132 151 139 146 153 176 220 265 404 304 314 4 84 429 298 203 186 233 261 322 372 304 191 75 61 57 235 722 623 354 334 280 143 155 157 108 74 45 43 38 41 36 162 
353 521 429 275 212 150 204 204 189 145 166 200 217 271 228 425 482 517 596 527 252 188 195 188 190 186 168 125 108 133 118 216 949 1133 598 356 356 281 191 138 48 35 21 13 14 3 5 48 
401 221 189 208 174 165 178 155 187 272 205 179 72 37 34 68 551 366 259 177 173 162 139 126 132 142 192 116 79 42 20 69 392 431 273 204 147 143 164 174 165 191 171 92 47 36 31 84 
234 174 146 187 178 236 230 192 221 373 305 198 131 149 184 254 373 360 405 338 187 161 176 112 109 115 161 339 177 184 88 107 264 331 375 348 332 208 214 181 152 128 107 167 178 102 113 192 
279 269 305 295 310 284 224 172 142 247 237 136 102 157 120 249 641 577 439 261 214 144 133 96 85 96 179 231 138 56 70 168 483 581 420 328 261 196 184 104 104 140 169 205 88 59 43 163 
106 224 188 199 166 185 193 166 135 123 119 116 107 119 183 366 174 298 275 243 203 176 158 133 152 124 138 120 106 82 93 220 71 188 228 313 364 267 189 200 158 130 117 115 81 59 62 153 
168 706 446 141 99 71 71 58 63 64 53 41 51 34 55 158 173 580 359 236 104 93 70 65 64 66 70 64 58 54 58 165 54 529 418 265 153 145 132 97 77 78 51 61 59 59 22 79 
10 17 48 108 154 223 447 512 458 390 621 479 266 281 104 490 30 75 87 65 63 119 147 274 536 442 421 718 529 315 286 501 160 302 1201 840 305 252 233 200 188 182 119 50 60 29 32 455 
20 66 172 242 369 375 478 458 408 375 295 342 216 193 376 235 391 475 393 355 283 260 300 360 346 336 234 199 205 163 108 212 598 728 557 491 365 246 204 240 214 176 147 150 131 55 91 227 
7 22 42 90 192 226 350 369 407 479 670 607 345 284 94 644 11 18 33 81 147 176 197 300 371 339 462 696 701 399 244 653 104 363 1070 798 343 300 276 234 189 182 114 75 60 82 126 512 
1 65 275 373 349 373 393 234 109 43 20 10 10 0 0 0 0 2 101 322 384 322 407 401 184 89 23 11 9 0 0 0 0 18 77 247 322 312 244 269 277 285 137 55 10 2 0 0 
0 38 219 311 230 240 409 291 86 36 23 21 37 31 46 3 0 2 74 225 316 264 220 423 270 62 34 25 30 40 36 0 0 15 50 184 219 248 197 141 143 198 336 187 33 23 45 2 
104 226 309 345 402 426 277 68 3 0 0 0 0 0 0 0 7 139 230 309 356 359 419 294 47 0 0 0 0 0 0 0 48 120 190 219 248 231 223 253 303 191 113 21 0 0 0 0 
5 219 65 143 229 411 397 201 113 131 200 111 125 48 2 0 0 112 132 106 158 296 412 331 167 89 267 139 135 54 2 0 0 152 98 86 90 151 226 312 463 390 254 122 50 6 0 0 
6 74 167 96 43 65 100 142 124 127 160 192 37 16 16 0 0 26 77 168 74 39 42 88 140 93 126 164 228 69 22 9 4 81 135 136 84 297 306 212 58 21 11 12 5 3 0 0 
17 54 149 311 353 169 88 97 61 40 33 42 34 68 31 1 0 45 312 472 209 83 70 75 53 35 45 28 55 60 6 0 4 52 206 425 310 132 108 75 42 44 41 76 33 0 0 0 
19 190 348 408 367 315 254 175 136 95 65 55 39 51 42 6 0 78 497 445 403 379 327 141 63 44 46 41 41 46 14 0 1 75 376 413 414 285 287 264 221 70 41 61 39 5 7 6 
7 163 273 305 362 440 327 130 127 35 18 14 13 5 1 3 0 140 413 453 391 235 236 176 109 28 17 10 8 3 3 1 2 112 359 336 394 297 239 227 154 52 22 12 5 3 4 5 
0 1 9 23 33 49 105 181 94 110 168 217 152 83 34 1 0 0 5 18 28 55 162 141 190 182 181 120 96 66 16 0 0 6 16 24 27 106 85 73 203 344 184 71 78 42 1 0 
22 145 117 229 324 455 262 100 90 57 38 36 31 47 7 1 2 98 105 117 220 316 525 253 104 64 45 39 35 21 16 1 11 112 69 53 107 176 242 366 339 294 127 29 23 12 1 0 
18 106 107 138 237 368 541 280 67 9 2 4 3 6 4 0 1 60 89 121 198 300 413 402 254 35 2 3 3 7 2 0 3 72 62 65 157 242 223 244 209 169 243 172 29 0 0 0 
0 33 103 201 269 239 260 203 162 97 23 0 1 0 0 0 0 6 67 183 328 385 388 145 58 20 10 1 0 0 0 0 0 10 44 117 183 232 208 244 373 158 21 1 0 0 0 0 
2 132 272 299 231 227 240 258 212 197 34 10 4 1 1 0 0 11 201 327 332 286 242 238 295 153 24 7 3 1 0 0 0 37 156 206 282 267 243 212 141 158 160 213 44 1 0 0 
0 7 83 173 198 170 183 220 140 146 135 73 61 81 141 150 0 0 36 172 240 232 193 274 236 89 58 47 73 103 143 65 0 0 16 101 180 195 226 192 188 237 168 106 76 95 145 36 
0 96 210 122 108 93 170 147 60 14 0 0 0 0 0 0 0 5 188 150 107 79 96 136 219 39 1 0 0 0 0 0 2 38 184 108 117 109 62 44 62 69 64 102 57 2 0 0 
263 1200 1839 1173 504 260 172 745 190 338 902 248 23 22 2 4 830 2062 1258 670 345 162 69 51 61 770 537 1020 44 1 1 4 314 1830 1517 846 523 231 129 65 48 41 42 39 886 1338 32 4 
193 593 1499 1704 1022 878 526 627 400 161 52 15 14 3 5 3 409 1255 1949 1419 848 391 163 94 89 618 428 20 3 5 2 2 217 805 1419 1738 1187 737 309 110 56 52 41 38 772 209 3 2 
482 1940 748 639 643 690 827 825 1407 154 175 341 109 27 7 2 1319 1487 765 783 536 452 490 309 473 1529 662 167 31 12 0 1 616 1803 746 751 673 611 593 650 309 130 89 127 1879 36 2 1 
216 1219 1329 697 473 377 435 402 83 30 28 27 36 48 11 1 696 1477 1063 523 396 280 229 78 65 452 62 49 35 6 0 1 447 1307 1088 756 471 317 251 187 47 32 26 23 414 45 0 1 
0 39 664 1410 1200 1591 809 335 194 267 84 25 25 23 5 3 56 459 1345 1403 1100 605 219 130 737 300 232 57 22 5 2 2 17 113 675 1429 1326 1005 506 187 127 81 46 72 969 116 3 2 
0 0 0 48 799 1308 1432 1224 723 694 865 854 658 484 693 1471 0 0 0 0 58 383 1587 1431 1354 957 1040 798 691 526 634 1794 203 1267 2930 1662 586 875 1156 1128 625 296 128 127 118 96 53 3 
0 0 44 503 525 521 811 838 449 408 494 950 1182 801 864 4118 0 0 0 41 257 625 483 866 1013 427 407 710 1260 770 914 4735 284 1140 1639 1005 1110 1288 752 859 1362 1260 633 320 224 170 178 284 
0 3 792 2849 1843 1340 1020 855 643 437 421 410 463 158 68 72 0 22 2855 1916 1392 1183 1167 1156 537 323 235 189 200 99 48 52 21 1601 2921 1723 1541 961 821 628 495 252 150 80 53 46 42 39 
0 0 350 1668 1600 938 693 406 308 352 389 403 476 598 754 1433 0 0 18 424 547 2332 1113 716 421 302 330 363 422 520 760 2100 251 1988 1545 2038 1250 689 657 640 448 261 190 162 87 95 65 2 
0 10 107 675 829 1295 924 656 530 389 374 396 449 530 536 885 0 2 46 913 1889 774 819 593 495 331 296 384 398 517 641 487 7 510 1437 1986 1412 728 419 393 328 281 226 196 243 280 139 0 
0 0 127 803 458 334 612 1340 970 610 417 351 311 419 821 1642 0 0 0 69 411 591 504 308 576 1133 1348 592 461 391 497 2334 127 722 1188 809 1533 1826 1137 831 559 272 110 52 21 22 6 0 
0 0 468 782 1079 1702 1696 1030 503 431 379 369 365 418 612 1983 0 0 3 477 520 808 1569 1693 1412 672 491 468 384 362 498 2460 134 3602 2764 1096 790 658 496 479 334 442 314 180 135 110 95 188 
0 7 485 986 4885 1405 957 612 347 224 255 280 188 88 69 436 0 0 43 438 578 2871 3302 1236 821 345 219 260 260 238 162 451 199 6215 1876 643 768 671 198 69 37 30 39 49 103 232 95 0 
0 11 259 389 858 3504 2056 485 382 504 430 398 566 626 901 1143 0 0 87 138 342 455 2365 3409 626 417 521 373 363 509 609 2298 89 4323 2964 744 606 653 703 709 527 330 207 185 160 108 96 108 
0 0 294 404 279 791 374 374 325 401 405 551 966 1227 1641 1904 0 0 0 305 356 94 696 467 400 371 358 375 477 702 1289 4046 123 1090 1340 472 781 1316 1305 1190 683 382 183 164 134 170 285 318 
0 0 12 38 188 224 490 217 341 352 388 377 425 391 335 457 0 0 0 4 40 53 262 446 253 269 404 408 405 400 525 766 15 168 276 484 587 419 501 544 312 156 112 105 109 124 164 159 
17 686 3926 1392 736 683 731 864 726 177 139 133 140 254 577 1365 1 338 3733 1988 772 574 554 622 637 620 144 166 150 253 507 1487 485 3032 2674 1177 1097 694 567 494 361 234 175 258 335 289 347 327 
0 0 182 852 1535 1709 1426 974 632 414 263 240 297 191 0 0 0 0 0 64 676 1170 1995 1255 1069 731 507 380 314 344 210 0 408 3429 1578 1058 725 982 332 181 19 3 0 0 0 0 0 0 
168 1144 1072 958 957 711 705 1174 2030 1163 754 224 67 46 14 0 242 1545 1427 1331 854 561 682 807 1399 865 889 461 74 40 10 0 566 1818 1432 1685 1605 1637 1350 765 264 45 11 9 0 0 0 0 
34 1009 1475 1554 1307 1034 1602 1395 1037 589 379 251 127 28 12 1 47 997 1305 1429 1219 993 1298 1520 1044 730 602 387 222 34 7 0 338 1500 1486 1647 1510 1119 1259 1288 977 489 199 18 4 0 0 0 
33 1972 1590 1424 1399 1384 1636 1705 1337 616 176 148 232 133 44 3 94 1781 1468 1212 1124 1148 1437 1726 958 1315 886 243 255 145 37 3 565 2142 1536 1908 1456 1501 1495 1747 813 466 126 57 20 0 0 0 
245 1126 1123 1009 1167 1261 1121 934 547 535 235 157 128 282 135 0 275 1088 1085 956 1212 1260 947 957 541 635 314 146 142 203 236 8 582 1143 943 1155 1260 1552 1234 814 504 283 147 127 226 29 5 1 
75 741 1495 1193 976 769 406 267 133 93 109 433 47 27 0 0 235 1286 1240 1056 729 668 443 275 135 87 246 309 28 27 0 0 560 1347 1103 1135 640 575 466 297 328 288 25 0 0 0 0 0 
765 1777 1713 1316 1220 1625 1320 418 175 117 90 5 4 0 0 0 1073 1696 1633 1264 1156 1700 1127 449 196 119 104 24 4 0 0 0 1637 1646 1564 2132 1071 924 814 512 199 45 1 0 0 0 0 0 
2 214 751 1189 1367 1195 836 585 676 400 125 117 222 150 8 3 42 454 784 1088 1280 1088 829 780 542 314 126 121 180 195 15 2 175 596 982 1298 1310 1214 1064 587 391 140 26 23 14 15 5 0 
0 0 41 598 1730 2078 2662 1953 1088 740 374 216 101 11 0 0 0 0 0 2 200 1450 2395 2524 2277 1475 748 437 84 0 0 0 3724 1854 1267 1058 1465 999 613 216 140 105 95 43 13 0 0 0 
73 32 69 528 1019 1784 2117 1955 2490 2632 2660 1123 313 71 97 103 3 76 33 198 628 1043 1598 1940 1421 1597 2327 2189 1986 1803 224 0 2478 1851 2239 2023 1876 1392 1643 1133 941 788 422 135 70 55 16 4 
635 397 324 497 949 1288 1975 2680 2053 1185 675 471 199 110 24 0 270 222 302 330 419 684 1238 1739 2924 2563 1675 954 142 0 0 0 4144 2314 1927 2029 1233 737 384 213 92 69 78 123 111 8 0 0 
1046 1152 751 1350 2763 3530 1571 782 362 215 219 173 179 149 68 100 407 479 811 937 906 1498 2526 3533 1845 739 363 177 60 39 39 51 6040 2822 2098 1283 839 636 289 107 62 39 32 18 27 20 21 77 
618 481 313 320 952 1464 1653 2884 1823 1971 1207 423 262 303 41 0 106 376 484 427 276 655 1474 1589 2030 2694 1642 2031 879 52 0 0 3830 2849 2435 1529 1236 801 374 354 229 131 106 113 438 207 81 2 
423 237 330 397 646 1388 1386 1758 1953 3163 2466 547 103 9 8 18 278 172 205 221 389 406 939 1454 1344 1733 2685 3161 1705 129 11 0 2107 1631 1569 1878 2074 1889 1201 1125 834 385 105 34 0 0 0 0 
700 589 758 804 839 1664 2340 1962 1314 1487 1149 988 672 240 115 1 198 530 428 615 764 750 919 1589 2619 1919 1561 1410 1147 789 382 2 1509 760 1071 1668 1995 1771 1121 1233 1246 1025 767 459 408 319 209 61 
93 677 695 799 566 436 384 581 542 693 895 978 1179 1372 328 54 49 547 474 847 1069 898 749 792 840 932 1319 1072 503 159 21 1 284 1199 1582 1958 1162 882 948 797 553 348 269 187 88 15 0 0 
41 702 584 474 300 207 156 138 145 180 361 661 1076 2371 518 3 9 433 502 476 359 342 253 146 123 191 393 908 2233 1419 128 2 191 1023 957 1318 1731 1221 653 303 197 93 77 60 46 41 6 0 
40 979 1686 938 527 518 455 446 467 659 714 853 1021 1709 580 24 35 888 1628 1178 817 745 649 717 638 671 548 695 1314 996 96 1 295 2237 2131 1083 1113 872 930 1175 791 451 351 156 27 4 0 0 
61 1169 1464 1032 835 739 546 438 475 535 543 702 846 1065 157 15 118 2254 1570 1202 874 823 516 443 414 425 546 766 575 83 13 0 350 2628 2280 1391 1251 1041 746 425 237 113 75 35 31 18 1 0 
147 1596 1369 808 662 600 453 396 389 408 411 442 604 803 304 16 160 2100 2045 1220 502 393 355 419 389 380 415 377 460 170 23 0 392 2806 1631 874 551 518 602 718 660 316 164 79 74 22 1 0 
289 1366 1473 851 575 562 432 317 266 247 312 523 733 812 307 13 297 1925 1217 1106 540 357 412 311 257 346 451 656 867 304 32 0 833 2507 1727 1083 572 361 346 327 473 427 227 97 68 28 2 0 
30 555 695 548 294 226 279 352 401 635 653 945 2190 1378 106 1 3 198 743 559 398 294 208 218 346 477 770 1372 3233 410 59 0 129 904 2253 3479 1358 663 247 93 34 31 39 24 12 13 9 0 
0 2 176 480 309 323 280 162 96 84 81 74 92 143 40 4 0 0 10 256 385 354 374 294 138 119 129 190 62 27 6 2 725 304 224 144 116 177 159 107 151 150 53 17 12 5 2 0 
0 4 483 1140 879 413 406 210 136 18 9 2 0 0 0 0 0 0 16 340 718 928 934 499 168 54 31 7 5 0 0 0 1184 906 428 276 179 300 348 45 16 8 6 4 0 0 0 0 
0 7 543 1014 1009 781 731 347 204 110 67 57 49 30 21 7 0 0 18 367 814 912 1126 821 377 178 119 64 55 62 40 24 1181 1258 573 328 232 356 541 163 85 47 36 32 42 59 24 20 
5 198 109 52 52 150 30 13 12 10 17 19 12 11 7 3 0 90 144 34 42 51 41 19 13 18 23 29 111 70 11 4 24 105 98 34 24 20 31 27 35 19 20 23 19 23 36 162 
119 294 71 46 29 51 43 18 18 19 14 8 7 6 4 7 52 296 94 43 35 30 16 20 17 20 17 28 59 16 4 7 203 120 97 54 42 36 23 16 12 10 14 20 10 15 14 68 
1 92 92 109 84 70 40 70 40 19 20 26 23 20 11 12 70 186 57 34 41 47 36 41 37 30 25 31 52 30 5 7 184 92 57 41 24 35 23 28 34 37 21 14 16 17 20 86 
20 222 96 47 35 54 27 37 24 32 29 17 13 10 17 20 135 220 58 41 33 23 34 28 23 11 19 14 14 15 14 18 273 110 64 35 38 19 21 26 18 25 8 16 10 11 7 19 
0 18 401 268 313 376 413 295 269 247 163 84 46 45 20 42 0 3 296 366 357 451 463 389 267 156 99 54 36 25 10 28 0 3 255 346 413 371 412 298 330 231 135 77 56 28 15 30 
0 22 475 236 237 271 297 253 216 192 157 141 130 52 32 33 0 3 383 298 312 258 324 289 287 153 108 94 118 82 13 22 0 11 325 255 240 294 266 259 243 263 174 118 95 82 54 65 
1 79 375 449 188 81 69 95 82 56 32 40 37 7 0 0 0 90 368 371 237 56 76 67 107 74 52 34 37 18 4 0 0 99 291 344 215 220 119 85 47 42 24 31 23 25 15 11 
0 0 1 100 279 282 319 115 41 27 35 33 8 0 0 0 0 0 0 0 105 274 347 242 123 45 27 42 25 10 0 0 0 3 183 264 234 204 138 59 35 28 22 22 16 16 12 4 
0 0 219 324 384 332 196 220 174 209 179 138 90 23 2 1 0 1 100 326 418 366 271 231 166 188 179 84 56 68 36 1 0 3 43 368 310 324 264 283 241 188 174 100 55 23 47 68 
0 0 86 601 508 320 280 278 348 375 224 111 75 43 31 14 0 0 138 591 578 478 495 345 261 162 105 79 30 18 9 5 0 0 197 735 341 249 361 452 334 275 161 78 53 42 13 3 
0 14 303 630 294 166 210 193 169 124 63 41 23 11 10 3 1 13 385 638 372 300 227 158 71 43 24 10 11 1 0 0 0 10 438 596 241 250 253 188 138 71 34 17 9 8 1 0 
620 3870 1501 949 559 490 490 490 741 347 393 458 630 951 962 508 993 3675 1597 795 604 414 616 426 811 717 744 799 820 636 236 76 6429 955 826 541 601 658 1142 966 813 457 352 137 62 20 0 0 
1994 2069 1659 1692 1142 930 811 630 336 165 136 87 87 51 39 16 2092 2290 1542 1191 1079 694 887 781 601 252 132 130 105 48 17 3 3699 2726 1953 1385 701 343 235 283 164 145 93 41 31 30 12 3 
28 129 273 1525 865 642 580 412 349 375 522 708 967 751 751 433 20 120 252 1585 965 693 630 514 518 588 910 925 696 597 278 19 2290 1095 943 1176 919 730 694 531 292 278 277 83 2 0 0 0 
2 1544 1232 748 363 324 427 784 334 264 389 655 679 1047 500 208 2 195 1936 1127 581 312 568 808 281 272 422 703 862 1068 258 105 4140 237 438 896 1178 1325 444 218 170 136 181 101 34 2 0 0 
2454 2408 1802 1182 790 538 621 623 217 166 164 111 51 69 21 7 3237 2940 1384 862 574 392 346 430 517 184 177 59 64 43 13 2 4473 2121 1179 818 996 532 350 339 151 90 68 28 25 42 10 2 
118 1504 900 821 1085 849 1110 851 734 779 759 772 664 711 779 602 100 1324 1192 834 1126 923 1151 919 754 895 1010 661 626 867 461 195 3946 1577 1571 1244 1299 975 891 654 317 216 158 109 43 35 2 1 
862 1106 744 1477 504 364 238 244 297 264 287 376 511 876 950 538 1701 1229 1074 703 306 182 204 233 331 393 625 781 850 671 265 90 3351 1060 478 331 446 602 931 989 601 249 216 185 118 65 14 2 
22 27 14 20 18 58 120 135 150 121 86 115 52 37 18 6 14 29 19 16 15 33 47 98 147 123 133 106 132 57 20 10 121 123 91 109 125 111 71 98 85 36 19 10 0 0 0 0 
33 40 34 43 46 29 20 18 17 19 17 4 0 0 0 0 23 30 39 46 34 37 20 24 20 19 17 10 1 0 0 0 108 64 35 33 20 23 20 14 3 0 0 0 0 0 0 0 
243 229 110 98 123 72 67 67 67 70 77 80 43 14 13 7 52 245 196 96 134 82 72 61 65 59 72 80 82 48 16 20 666 153 91 70 68 52 67 80 49 33 22 10 15 4 0 0 
152 149 94 76 89 72 82 80 95 94 88 79 114 60 24 17 42 156 121 110 81 74 74 72 78 94 95 89 88 129 40 22 519 136 95 90 86 76 63 61 78 82 41 17 12 8 1 0 
333 100 67 66 47 32 24 29 18 7 2 0 0 0 0 0 143 183 91 64 56 62 35 31 22 21 11 5 1 0 0 0 567 73 33 20 16 14 2 0 0 0 0 0 0 0 0 0 
230 170 111 110 71 81 72 67 69 64 80 79 43 17 6 1 49 215 154 106 87 75 69 70 64 63 70 104 87 39 13 6 682 124 105 63 72 79 71 33 24 11 3 4 0 0 0 0 
365 85 77 44 55 52 35 45 52 52 37 24 30 22 4 1 290 129 95 47 45 48 30 43 52 49 50 30 39 26 6 1 481 126 63 56 42 42 42 39 25 25 25 6 6 2 0 0 
1 107 87 73 73 41 56 41 57 36 33 28 51 31 5 0 0 33 122 88 56 52 39 54 53 50 39 24 40 47 20 3 65 145 66 61 47 53 51 57 33 22 21 26 28 28 13 4 
13 171 116 67 43 19 21 6 8 7 7 10 11 9 4 1 3 89 126 88 56 47 28 15 8 7 9 7 9 14 6 1 112 159 79 53 23 15 12 8 7 10 7 2 3 7 10 6 
0 867 20327 14820 7334 3825 3271 2078 1375 918 854 784 768 713 610 5030 0 12800 26496 6019 2901 2086 1976 1132 855 771 825 751 754 706 603 4899 0 9576 28190 5807 3384 2188 1953 1786 1130 884 778 720 667 642 696 5173 
0 2118 15181 17915 7562 4940 5342 5991 3755 1137 243 89 79 60 69 319 0 15950 16696 10096 3700 4130 6221 4852 1503 881 260 54 53 46 65 293 2 14913 18879 10578 5279 3976 3685 4054 2304 310 95 72 94 109 91 359 
0 7624 21116 15051 12659 6223 5407 5790 3485 1293 820 335 148 150 120 2067 2 32714 14189 5981 5313 8229 4962 3705 2745 1156 607 214 153 153 141 2024 42 30932 17934 7384 4885 4389 4404 5302 2149 1016 780 489 166 146 146 2124 
2 4534 23730 8341 5428 4974 4570 3839 3895 1716 1135 462 211 178 227 1882 19 25051 12964 6673 4902 3622 4027 2073 1257 1107 752 338 160 158 232 1789 68 25562 12437 6717 4410 3056 2635 3548 1573 1297 622 526 285 200 247 1941 
2 8396 32801 16224 6619 6059 6631 6359 3970 2020 795 495 439 440 706 5270 29 43717 11928 8279 5913 5513 6440 4213 2094 1332 608 395 326 435 720 5284 261 45406 12236 6711 5110 5211 5472 6011 1952 1054 641 325 316 418 667 5435 
0 13463 32636 7969 4776 4614 4772 3370 4288 3838 2783 2677 1398 1206 1144 4676 5 33432 16967 6824 4356 4451 4625 3980 3254 2914 2922 1529 1247 1266 1166 4672 1029 35907 15444 6608 5910 5522 4803 3253 2348 1638 1282 1302 1161 1238 1160 5005 
6 65 280 2379 8085 4033 2145 1630 1160 566 299 150 94 109 113 42 0 0 48 162 734 3698 5828 3741 2134 1414 1323 867 573 331 253 50 1456 4283 3927 3188 2730 1527 1227 907 489 386 369 280 152 156 75 4 
7 137 626 3989 5208 2903 2254 955 653 348 192 63 45 41 12 0 0 7 123 351 2654 4085 3095 2175 1431 978 858 622 471 392 177 14 2338 3462 3415 2210 1257 1247 1122 701 477 366 251 236 226 119 6 0 
0 19 445 5427 3697 3134 3719 1876 523 179 124 3 6 0 0 0 0 2 18 218 3667 3379 2555 3060 2195 1572 1049 825 350 189 73 0 2546 4048 2395 1452 2278 2273 1567 1196 630 258 218 154 108 29 0 0 
1 76 945 4119 6835 2399 982 314 190 110 112 156 132 119 46 0 0 7 84 329 2511 4428 5043 2410 524 262 216 196 171 182 166 7 1787 3703 3907 2705 1968 900 488 259 163 148 131 102 74 95 106 0 
0 43 76 124 159 302 340 283 459 218 131 107 60 60 39 29 7 140 158 288 499 433 245 190 149 63 58 44 48 56 23 29 131 270 492 388 370 258 169 109 59 64 50 46 24 0 0 0 
65 239 280 179 202 192 130 123 187 242 68 23 26 11 16 6 96 178 432 316 159 131 147 90 66 233 85 23 10 13 10 0 102 191 260 228 222 250 247 127 133 86 40 31 21 24 16 11 
152 313 312 194 175 111 100 153 177 91 46 25 16 12 9 0 186 185 231 272 234 205 135 100 144 77 48 38 19 6 6 0 156 170 276 182 207 167 185 216 108 77 34 47 30 14 8 9 
155 528 286 41 18 20 20 34 38 38 6 0 0 0 0 0 109 217 475 189 25 12 23 29 43 57 4 1 0 0 0 0 151 299 377 155 72 54 60 15 1 0 0 0 0 0 0 0 
23 248 370 343 265 343 365 322 90 63 35 42 27 13 2 1 6 96 448 401 319 371 492 176 83 53 27 35 21 20 4 0 100 222 426 459 249 207 188 232 223 127 64 28 16 10 1 0 
5 61 173 256 176 236 218 172 187 149 109 80 86 99 68 85 57 121 228 234 231 205 190 136 154 124 143 102 91 54 43 47 322 308 221 231 239 154 85 100 96 81 88 90 61 51 31 2 
22 65 91 240 372 420 353 206 82 54 41 34 44 48 12 48 39 72 160 338 460 337 295 147 72 46 35 49 26 11 10 35 211 265 422 500 289 149 70 63 43 34 26 13 8 10 18 11 
80 270 209 159 179 200 265 212 150 99 42 26 21 7 5 14 32 118 261 249 188 232 248 226 162 112 43 27 20 6 5 9 43 117 173 256 242 146 123 124 130 180 148 111 90 35 13 7 
557 288 222 149 187 356 191 166 47 33 24 23 22 24 26 22 617 331 181 103 145 316 256 154 55 39 25 23 19 26 22 25 727 240 151 197 303 215 142 111 74 24 25 20 27 21 27 33 
153 266 95 124 139 119 243 331 281 169 121 67 71 77 55 89 143 312 147 114 151 153 249 300 186 169 135 91 71 66 31 82 184 266 116 119 131 264 357 257 153 146 102 74 72 52 26 81 
289 636 378 400 241 282 196 130 79 55 39 18 10 17 27 35 206 728 480 319 210 261 196 152 84 49 33 25 13 14 24 38 221 625 453 388 357 245 181 101 76 39 36 15 13 16 26 40 
198 590 442 360 239 150 241 234 186 141 110 109 63 88 80 69 110 740 429 376 194 131 180 239 165 202 107 116 66 77 90 78 140 561 416 315 316 250 286 177 207 113 108 105 66 65 91 84 
89 418 362 268 168 178 232 212 150 73 56 23 12 12 2 0 90 421 424 265 158 169 239 190 113 81 47 27 13 13 5 0 117 300 430 265 232 226 251 173 119 60 39 19 10 6 8 0 
139 604 409 231 201 177 177 197 231 112 42 39 14 9 8 6 230 724 340 199 171 115 105 217 255 127 42 38 13 12 6 2 314 593 327 215 190 217 248 244 126 50 28 21 6 5 7 5 
209 522 282 196 158 173 199 155 141 139 125 122 110 42 42 40 244 589 257 177 145 137 152 174 159 131 134 117 126 39 38 36 245 522 277 170 192 182 191 181 169 104 96 92 97 50 41 46 
412 411 206 160 153 187 283 244 192 70 71 71 78 40 31 31 572 379 161 131 151 161 246 257 146 90 60 86 60 75 33 32 676 241 160 161 163 260 222 187 182 39 59 78 71 60 36 45 
0 0 0 0 35 30 38 31 37 45 63 87 64 82 92 26 0 0 0 46 28 31 41 43 50 92 92 88 78 41 0 0 54 31 30 28 48 46 55 59 96 85 54 37 7 0 0 0 
454 170 105 74 51 60 61 64 70 27 20 14 0 0 0 0 409 167 114 97 61 58 64 65 51 68 16 0 0 0 0 0 505 155 87 56 75 65 62 43 48 64 8 2 0 0 0 0 
289 176 75 30 38 32 34 66 47 91 97 89 25 0 0 0 315 137 82 32 39 33 46 64 39 86 28 62 117 9 0 0 300 146 74 64 71 83 79 90 105 54 21 2 0 0 0 0 
21 109 187 91 85 81 169 119 144 141 129 93 56 19 16 22 316 187 84 71 82 186 181 85 93 60 23 31 54 16 7 6 177 214 122 124 165 150 152 171 106 38 13 11 11 10 9 9 
0 22 59 76 70 59 43 43 63 69 81 75 78 47 11 16 30 109 115 120 124 96 81 43 36 15 19 7 8 5 2 2 90 99 76 115 119 110 96 57 14 12 6 6 4 3 4 1 
0 98 165 82 54 35 40 55 81 69 110 88 123 88 21 13 68 232 107 63 70 87 148 134 96 61 28 10 6 7 3 2 244 120 76 61 79 95 100 112 107 82 24 9 6 3 3 1 
6 63 154 119 99 120 75 77 33 28 20 30 23 26 21 30 42 178 123 95 176 60 59 43 38 25 26 25 21 8 4 1 322 154 72 77 80 44 35 38 17 22 35 24 4 0 0 0 
0 1 305 398 480 480 689 519 401 319 362 255 212 388 466 5 0 0 107 384 395 505 708 610 434 367 384 493 512 369 12 0 1243 512 623 579 407 403 353 360 432 326 42 0 0 0 0 0 
0 0 114 461 415 402 484 374 303 388 505 307 146 101 134 1386 0 0 3 335 374 358 450 426 382 387 500 511 218 238 558 780 1159 641 405 338 464 441 234 117 96 85 122 489 268 313 348 0 
0 0 13 292 431 365 307 277 376 300 294 435 489 835 365 72 0 0 0 136 306 383 321 287 294 334 399 491 854 629 417 0 1049 387 365 368 310 255 209 351 342 485 445 284 1 0 0 0 
0 0 128 316 406 349 224 278 287 372 345 339 267 188 419 230 0 0 7 221 315 471 311 270 299 430 380 302 293 369 473 7 983 403 370 276 252 392 332 252 165 227 422 73 1 0 0 0 
0 0 1 169 177 198 283 313 390 195 162 187 143 115 152 14 0 0 0 56 171 222 239 356 399 243 144 161 189 118 176 25 510 224 245 357 389 209 99 67 113 140 92 49 2 3 0 0 
115 315 1552 2160 2159 1657 1802 2119 2386 2161 869 339 263 76 5 2 126 899 1803 2523 2320 1681 2311 1760 1476 1791 1067 202 14 3 4 0 564 1958 2746 3102 2287 1969 1793 1990 908 320 199 111 30 3 0 0 
238 796 3454 3478 2586 1656 1280 990 1009 864 731 177 230 256 47 0 433 3085 3482 3015 1774 1187 921 779 573 989 972 296 258 28 0 0 2337 4088 3314 2403 1930 1762 1041 385 336 187 3 4 2 0 0 0 
84 664 3448 2991 1112 915 1044 1039 1032 844 671 691 536 298 411 112 210 811 3802 2583 1297 926 872 1209 876 787 719 670 472 408 78 172 369 2648 3859 2033 1528 1245 1034 821 658 728 250 222 125 98 83 191 
0 91 797 692 493 336 294 224 302 284 218 225 137 97 118 177 8 796 802 428 304 281 231 208 269 260 206 200 131 88 103 170 21 926 633 387 316 254 226 216 276 210 159 179 188 149 114 231 
2 210 452 355 294 332 279 255 213 136 167 142 137 105 83 18 10 452 426 308 310 289 253 228 178 112 158 126 117 105 74 34 61 400 388 376 262 273 264 176 135 133 92 142 150 167 107 54 
0 0 824 906 1295 852 604 545 535 657 632 716 1147 503 0 0 0 0 230 1254 811 1291 687 524 565 576 684 714 1046 834 0 0 101 2091 1438 1092 831 556 577 664 489 506 620 249 2 0 0 0 
0 150 969 724 545 955 918 818 702 659 568 856 317 0 0 0 0 119 542 901 588 669 981 877 705 737 688 713 661 0 0 0 736 1688 1272 749 1026 689 557 430 734 299 1 0 0 0 0 0 
0 216 328 731 1628 796 809 1140 885 800 963 1112 1375 22 2 0 0 189 335 705 1368 920 833 839 924 824 948 1196 1687 39 0 0 525 1972 1665 1034 1044 1250 1094 1179 946 33 12 14 17 18 4 0 
0 21 411 947 1540 1489 1304 944 951 1019 1247 785 1088 311 125 118 0 20 355 785 1435 1163 1496 926 960 1094 1369 891 1242 326 128 110 510 2883 1636 1348 1347 1144 754 601 709 258 202 160 149 261 176 162 
0 0 0 158 1311 1832 1443 1016 924 1162 979 1252 1411 557 226 354 0 0 0 75 950 1650 1441 1226 882 1150 1256 1377 1418 614 221 365 2 283 1718 2252 1671 1394 1427 1205 854 495 192 158 201 178 208 387 
0 0 29 354 952 1560 1363 829 616 139 52 53 64 73 65 7 0 0 22 274 792 1386 1383 984 593 406 51 55 64 74 65 7 0 106 1292 1837 1296 835 306 66 69 48 47 44 52 55 65 38 
0 0 116 141 1055 1220 1451 1249 1117 335 239 187 143 240 170 0 0 0 109 117 778 1147 1323 1272 1345 573 241 196 146 241 175 0 0 263 1305 1563 1589 1107 338 224 184 212 152 155 122 160 271 18 
0 0 396 780 942 1416 2430 1779 887 469 388 89 0 0 0 0 0 5 414 702 862 1056 1508 2221 1424 771 432 181 0 0 0 0 56 1092 2282 2365 2323 811 417 157 26 26 20 1 0 0 0 0 
0 2 53 169 1396 1312 1794 1361 1838 586 204 213 177 94 5 0 0 0 49 166 1137 1197 1491 1633 1393 1441 201 218 164 109 5 0 5 867 1401 1410 1553 2301 499 231 190 165 153 120 163 113 33 0 
0 0 183 494 1320 1596 1061 782 613 138 128 154 127 95 77 0 0 0 186 471 1077 1555 1127 719 801 234 134 159 133 91 81 0 19 668 2182 1409 1090 465 121 81 91 90 95 114 128 93 116 6 
0 1 422 1069 1612 1518 1187 1321 1329 1610 1647 2163 1256 142 91 0 0 1 363 1082 1552 1313 1056 1167 1253 1547 1928 2381 1482 140 103 0 188 1919 2555 1932 2116 1551 2298 1094 897 230 87 95 105 135 150 16 
0 0 638 644 1272 836 821 1115 1048 1400 1488 1868 1262 76 32 0 0 0 564 664 1094 872 690 1008 910 1306 1691 1905 1663 98 35 0 158 1656 2370 1433 1474 1872 1844 989 401 123 24 22 34 35 44 21 
0 0 252 776 1966 3591 425 239 164 149 137 81 113 114 175 113 0 0 83 801 1467 4093 501 268 152 180 132 90 105 126 151 146 283 863 3353 2083 396 223 114 104 115 82 61 71 79 103 154 211 
0 6 647 904 1180 1192 1580 1785 2077 1950 1317 102 34 50 46 0 0 3 561 923 1194 892 1324 1576 1889 1957 2110 308 31 57 45 0 92 2342 2853 2091 1808 1716 1192 499 79 20 17 22 29 44 58 8 
2 75 1082 1257 1772 1308 1235 1168 993 920 883 890 925 1330 452 8 3 89 1136 988 1727 1148 1077 1225 1016 974 1024 992 1081 1543 270 7 1129 3074 2535 1404 1082 1048 774 756 819 978 528 57 59 37 20 0 
0 515 1725 1457 2147 1684 1453 1340 1530 1409 371 85 95 47 50 30 0 530 1624 1313 1975 1599 1348 1307 1311 1641 962 78 98 67 55 30 983 3557 3351 2584 1993 959 101 78 87 31 25 25 28 34 42 60 
0 24 566 1121 1777 1686 1247 1087 800 640 780 912 729 21 0 0 0 13 543 1043 1322 1935 1312 1003 864 724 824 961 824 22 0 0 272 1892 2608 1967 1048 1127 781 712 706 263 13 1 0 0 0 0 
