0 41 3450 367 71 46 4 0 0 32 1001 2688 196 62 0 0 3292 508 115 61 3 0 0 0 
0 30 3451 605 98 32 11 3 0 33 1970 1808 353 47 10 9 3439 519 179 64 19 7 3 0 
3 106 5440 608 102 44 78 12 5 51 2046 3346 795 90 57 3 4314 1619 375 71 14 0 0 0 
0 156 3520 227 73 61 24 9 1 26 1066 2193 674 75 25 10 2571 956 437 90 11 5 0 0 
0 1110 2997 140 51 19 5 4 0 57 1958 2001 281 22 4 3 2965 1017 303 41 0 0 0 0 
0 474 2352 251 49 20 13 16 0 0 690 1788 607 54 17 19 1296 1095 597 127 41 7 9 3 
0 718 1727 181 20 13 5 0 0 0 815 1305 505 39 0 0 1221 968 388 81 6 0 0 0 
5 61 2103 2240 1278 1033 656 112 4 111 1650 2861 1566 1128 87 81 4213 1584 1077 272 218 79 21 24 
1 291 2081 2299 1478 1108 1166 396 0 100 975 2764 2402 1862 433 284 4513 1656 1877 389 165 143 59 18 
14721 8461 5619 4352 3036 2217 2342 1713 22199 5866 5605 2791 2862 1292 733 1113 21974 4726 5505 3612 2968 1397 789 1490 
11728 6578 8057 7012 4214 3911 2766 2908 14521 8308 8708 6678 3700 2571 1676 1012 14061 5350 7612 9589 5313 2697 1199 1353 
12107 9676 9785 5604 2787 2477 1309 1018 16479 13265 6733 3738 2225 865 582 876 15776 10183 8176 4529 2996 1392 667 1044 
86 3811 7016 12811 9310 2401 890 789 1682 5800 11610 11994 3722 1587 397 322 3536 3471 6988 9001 9179 3846 705 388 
10577 6448 5111 5179 4464 3414 758 284 12069 7908 6501 4471 3143 1338 609 196 11310 5611 5816 5027 3663 3011 1254 543 
16404 17579 6333 3778 2335 665 270 509 18269 15916 8242 3245 927 532 302 440 25583 11444 4905 3222 2159 482 70 8 
1739 4002 4415 6697 4963 5292 3271 478 3558 3419 5618 6951 7343 3051 707 210 4103 3250 3206 3976 6168 7778 1623 753 
20316 11862 2179 913 1055 807 523 371 20263 11608 2477 922 975 966 531 284 25847 8464 1252 967 1010 233 192 61 
1553 6460 3244 3936 3560 3909 5197 11451 2879 6479 3788 3966 3787 5500 7057 5854 9391 2510 5713 9748 7124 2211 1083 1530 
4202 6158 11010 6730 4268 1924 847 752 4234 9764 13042 5369 1593 691 431 767 3748 3785 14258 9025 2649 867 564 995 
7992 5915 9117 5949 5040 3528 2734 1630 8697 9089 10476 5510 3252 2490 1344 1047 7864 4534 12009 8093 3616 2292 1793 1704 
147 1507 2593 2055 888 27 0 0 0 234 896 2000 2624 1358 105 0 3034 2257 1170 684 72 0 0 0 
12 1321 1885 3139 3526 1104 12 0 2 140 1016 1833 2732 3414 1862 0 2257 3186 3137 2043 361 14 1 0 
124 609 2420 3807 4766 1747 70 0 10 250 430 2007 2407 4582 3714 143 1857 5215 3599 2314 503 55 0 0 
377 1343 1058 932 1246 1462 512 16 377 1421 1055 1099 1160 1299 530 5 281 1133 814 898 660 712 870 1578 
506 1127 1562 1338 1693 1701 455 321 506 1203 1577 1416 1415 1707 564 315 405 1121 1342 1811 1185 989 894 956 
1387 1131 2341 1300 1725 2336 533 207 1387 1296 2239 1431 1736 2147 576 148 1231 1352 1452 1621 1289 1140 1539 1336 
1 848 1497 1754 2391 1139 2 0 1 952 1608 2057 2013 1000 1 0 0 548 901 1239 1213 1461 1547 723 
3824 2582 948 574 270 129 12 0 4074 2252 1061 537 286 126 3 0 3736 2206 931 613 511 289 53 0 
2649 1621 984 1042 549 181 42 1 2841 1568 1053 992 439 153 23 0 2489 1373 774 766 982 633 52 0 
1821 1647 251 118 81 10 0 0 1884 1524 273 123 85 39 0 0 1519 1800 271 163 86 64 25 0 
1519 1603 847 350 142 27 0 0 1513 798 1386 500 251 40 0 0 1413 1468 905 445 216 36 5 0 
1379 1574 353 74 15 0 0 0 936 1689 624 133 13 0 0 0 1415 1343 510 95 28 4 0 0 
82 124 148 704 1757 3433 5137 1015 68 101 157 308 577 874 2460 7855 85 126 689 1976 3355 3560 1927 682 
354 208 343 1159 2582 3969 2072 391 329 186 230 272 512 1533 4186 3830 431 347 1167 2438 2219 2159 2027 290 
822 754 1536 1688 1553 2145 3128 1617 991 1518 1344 1212 873 1187 1678 4440 1063 1201 2391 1897 1766 2708 1562 655 
2265 3085 2436 2118 1795 722 635 268 3405 2903 2509 1792 1190 549 511 465 2711 2674 2159 1845 1407 1102 643 783 
62 568 1899 3866 3046 1924 1193 934 0 71 513 1801 3106 3312 3666 1023 3118 2080 2619 1801 1566 939 1007 362 
61 387 2222 3821 2611 3129 1101 131 0 28 681 1863 2681 2528 3943 1739 3290 1588 1282 1613 1501 2151 2009 29 
3 96 191 2176 3455 2401 1462 15 0 4 108 258 1169 3098 4010 1152 536 671 1097 1664 1908 2778 1115 30 
0 84 381 528 933 1391 1893 1638 0 0 234 592 853 2111 2206 852 1494 555 1024 857 798 1022 1066 32 
19 146 304 630 1477 3110 2247 1000 0 56 232 495 1249 3719 2701 481 1970 1322 1456 1718 1353 761 244 109 
81 1511 3629 2216 2122 852 6 0 126 2421 3678 2553 1509 118 12 0 838 3566 2756 2044 1202 11 0 0 
324 3571 3489 1912 1139 181 19 9 1168 4437 2803 1594 473 133 25 11 3107 4082 1947 1322 158 12 9 7 
218 3676 2029 1606 1255 1095 546 422 323 3803 2023 1622 1149 1076 448 403 1165 4250 2095 1590 935 320 148 344 
2941 2078 2451 3463 1195 823 295 414 2459 4449 3775 1403 870 268 157 279 4255 1591 2280 2236 1651 1049 574 24 
199 199 655 1385 1731 1604 2112 1228 51 347 736 1171 1313 1653 2057 1785 825 911 1163 1382 1447 1278 1454 653 
300 652 1565 1685 1539 1577 390 83 240 869 1485 1451 1188 1483 1018 57 1761 1431 1065 1009 1325 1018 158 24 
191 466 1180 2535 913 626 759 569 142 524 1152 2167 1153 592 777 732 866 2109 1449 755 502 486 548 524 
785 922 1432 1443 1973 3412 5535 3046 500 712 1104 1325 1503 2080 4783 6541 2240 2758 3649 3936 4148 1269 308 240 
659 1411 1538 1659 2177 4180 6305 2519 362 1037 1285 1508 1652 2774 6294 5536 2958 2745 2587 6269 4298 1228 272 91 
17 3209 3203 3407 3181 3269 1524 123 0 1362 2920 2992 4076 3139 2881 563 5235 4878 3290 3353 921 131 119 6 
0 141 1559 2028 1555 2549 6493 8365 0 69 415 2210 1702 1663 3662 12969 1231 4099 4020 6013 4509 1741 581 496 
1 113 491 1449 1747 1880 4430 2358 0 62 323 895 1723 1880 4639 2947 527 2220 2401 3234 3813 215 53 6 
56 2098 2665 2229 500 16 0 0 45 1232 2754 2449 1067 17 0 0 2023 3660 1468 287 105 21 0 0 
35 568 889 1010 1210 1925 4417 5262 5 383 889 889 898 1381 2837 8034 808 2051 3176 3238 2635 2318 909 181 
5 112 381 430 657 1653 3917 2849 0 54 260 379 503 1145 2105 5558 188 1066 1693 2769 2988 832 318 150 
11 215 254 380 1295 1706 4604 4847 11 168 204 254 489 1500 2375 8311 322 1033 1788 4348 4376 885 380 180 
2 425 361 323 477 898 5131 6164 0 339 369 246 352 568 1532 10375 435 864 1235 5004 3564 1560 709 410 
0 26 184 536 818 1460 594 35 0 14 181 352 726 1144 1185 51 0 79 723 1475 787 288 244 57 
0 62 341 718 1183 960 263 14 0 32 224 576 1047 1198 441 23 27 798 1549 948 207 12 0 0 
42 85 1285 1741 780 577 1364 2239 60 170 1596 1211 831 687 1359 2199 203 3228 691 672 947 1145 1174 53 
47 155 944 1190 1111 1215 2513 7407 58 247 1012 1433 1084 1533 3766 5449 2698 4724 1801 1425 2514 1130 221 69 
120 1140 1464 896 1162 1668 2616 5361 1762 2496 1258 1451 1488 3127 2733 112 953 4376 2395 2028 2858 1595 222 0 
637 2238 1986 1673 1541 1356 1878 1866 3104 3612 1396 1160 1462 1512 922 7 2390 4245 1755 1422 1501 1321 541 0 
95 189 2305 1039 784 931 2222 4097 186 2905 1148 1236 1790 2681 1426 290 483 4716 2265 1904 1365 766 157 6 
239 1395 4364 3070 1295 780 1027 586 665 4984 2984 1741 686 679 687 330 1797 8792 1146 527 254 129 100 11 
164 725 1739 887 934 951 1980 2463 333 2009 1218 1116 1156 1534 1545 932 1237 4374 1607 806 1004 618 184 13 
1516 1744 1753 1344 1594 1387 979 3056 4490 2722 784 994 631 544 1157 2051 3314 5175 1226 811 1776 779 162 130 
0 105 438 977 1990 3401 1069 270 0 77 242 576 1078 2587 3239 451 3036 3092 1236 469 221 124 67 5 
27 412 2487 2417 1487 918 30 0 6 291 800 2935 1894 1566 286 0 4895 2070 520 264 27 2 0 0 
5 823 1902 691 55 8 0 0 245 1522 1361 293 52 11 0 0 115 926 1483 768 158 32 2 0 
3 55 497 2452 1957 103 39 0 0 57 379 1886 1985 720 79 0 52 1052 2269 1096 418 129 76 14 
185 290 540 2130 3518 930 109 0 138 222 447 1816 3522 1165 385 7 199 255 775 2498 2355 634 787 199 
1101 728 83 46 193 61 2 0 1137 695 79 54 191 56 2 0 894 894 123 135 111 54 3 0 
1082 1999 345 117 47 25 2 0 1136 1904 389 116 46 22 4 0 606 2106 652 167 55 30 1 0 
80 440 472 262 105 81 394 68 52 379 446 301 161 60 324 179 8 217 415 330 272 136 388 136 
224 708 831 633 209 140 59 70 215 620 665 846 229 167 54 78 117 686 662 660 506 98 39 106 
45 351 375 379 29 7 8 1 106 392 462 204 16 7 8 0 36 275 307 374 179 15 6 3 
209 468 499 296 127 11 2 0 112 404 521 371 180 18 6 0 30 327 313 643 246 29 21 3 
77 221 204 164 60 21 4 0 0 114 183 192 156 84 22 0 254 379 105 11 2 0 0 0 
144 518 493 541 612 329 305 274 0 120 518 509 596 643 377 453 421 1255 634 355 183 208 124 36 
49 255 202 128 108 35 5 1 0 102 211 185 125 116 39 5 255 375 123 25 3 2 0 0 
393 307 211 146 100 37 1 0 23 441 237 215 123 114 42 0 755 300 109 28 3 0 0 0 
0 0 93 215 250 542 633 501 0 0 4 175 223 406 724 702 0 240 415 509 525 400 141 4 
0 0 91 250 674 657 848 728 0 0 3 172 371 780 924 998 0 268 713 578 712 585 388 4 
1163 999 545 692 427 666 303 0 289 1548 490 713 516 454 778 7 2063 751 1101 614 227 38 1 0 
247 928 362 403 634 1305 1486 123 145 803 401 341 451 954 1996 397 1265 1093 1462 1079 414 141 33 1 
169 1355 483 583 717 1289 743 17 42 674 1053 539 578 1044 1310 116 1391 1260 1077 970 457 191 10 0 
455 268 229 265 537 1140 1450 211 341 283 208 236 347 738 1729 673 813 640 1016 1012 571 420 83 0 
226 614 300 393 480 845 1112 106 78 610 256 340 438 697 1159 498 898 672 763 474 699 532 38 0 
1260 1050 439 318 287 442 237 0 401 1604 549 388 271 348 472 0 2479 628 598 300 28 0 0 0 
0 563 530 321 432 756 630 0 0 285 574 421 420 529 988 15 593 665 408 501 957 108 0 0 
1685 3721 409 272 245 529 128 0 812 4268 585 353 342 561 68 0 4398 1297 256 252 388 372 26 0 
1594 1995 1015 725 552 89 0 0 2609 1568 855 703 229 6 0 0 2828 1335 834 722 248 3 0 0 
1400 956 741 1097 696 14 0 0 1816 921 796 1214 157 0 0 0 1886 828 766 1221 203 0 0 0 
1560 1466 1231 1444 1226 136 26 21 2291 1429 1359 1515 463 27 22 4 2636 1544 1292 1127 482 20 9 0 
2304 2238 1094 1367 490 160 26 22 3689 1571 1166 993 228 36 12 6 4224 1270 1271 803 118 11 4 0 
2931 1989 981 665 320 6 0 0 4080 1470 702 614 26 0 0 0 4570 1123 724 467 8 0 0 0 
3 147 356 445 388 386 606 512 292 677 347 388 329 444 298 68 238 835 368 388 330 255 296 133 
173 684 624 415 514 613 322 25 645 890 638 533 352 256 41 15 558 1046 652 446 335 224 109 0 
19 465 745 513 313 415 491 902 157 462 559 605 445 357 336 942 212 1155 874 676 377 251 240 78 
215 1230 980 440 164 111 58 28 1292 1010 399 246 125 69 54 31 1156 1200 455 186 114 66 31 18 
408 5911 1073 0 0 0 0 0 76 1154 6000 162 0 0 0 0 6926 380 86 0 0 0 0 0 
145 1220 9430 568 0 0 0 0 120 105 2307 7816 1015 0 0 0 5902 4295 1136 30 0 0 0 0 
141 265 4093 1974 111 1 0 0 97 98 675 3594 2011 110 0 0 3083 2425 1018 57 2 0 0 0 
326 808 4837 2922 1262 1105 366 0 355 209 1711 3910 2948 1384 1109 0 5061 3036 1381 931 602 449 166 0 
532 3454 1250 0 0 0 0 0 59 1025 3371 781 0 0 0 0 4798 438 0 0 0 0 0 0 
656 2741 4819 73 0 0 0 0 468 804 3211 3769 37 0 0 0 4060 3871 358 0 0 0 0 0 
254 1460 6545 2233 28 0 0 0 201 587 2947 4457 2325 3 0 0 5796 3149 1254 297 24 0 0 0 
524 1715 5061 2253 201 13 0 0 148 785 2659 3531 2511 133 0 0 4908 2533 1757 478 91 0 0 0 
0 414 4424 9908 1550 360 270 514 0 0 224 1558 4437 9898 952 371 13574 2202 958 514 176 16 0 0 
1 2273 8618 2741 817 530 567 2424 0 0 230 3713 8692 2248 2170 918 13144 1038 1218 2177 285 88 21 0 
5 267 2626 8678 3113 400 279 226 0 0 131 571 4679 9291 785 137 13192 1556 522 190 51 33 48 2 
18 1727 7198 4284 637 296 446 207 0 137 571 2562 4856 5065 889 733 12694 829 603 211 285 149 36 6 
18 1249 6741 3178 809 413 445 2 0 20 115 1073 5492 3932 1568 655 9311 1035 923 926 454 190 16 0 
380 801 3460 8404 3061 916 509 119 0 557 666 873 4030 7254 3565 705 13380 1990 1185 694 357 44 0 0 
0 4065 10089 819 337 205 29 11 0 1 3408 7752 3867 339 152 36 14960 382 131 58 14 9 1 0 
0 750 9996 4148 1175 961 543 370 1 164 1184 6121 6202 2633 912 726 14215 1808 890 531 357 134 8 0 
86 1900 6029 2582 518 420 513 1082 0 193 1886 4212 4245 719 402 1473 10685 422 428 363 352 263 300 317 
564 190 162 183 109 45 29 27 504 136 173 144 161 109 43 39 741 278 121 76 46 18 22 7 
789 608 633 722 423 291 163 162 603 423 564 591 630 461 287 232 745 815 734 730 367 181 123 96 
466 630 628 799 686 423 215 311 363 351 724 725 825 573 269 328 577 764 842 787 577 260 147 204 
0 44 249 89 80 109 202 131 0 14 191 142 77 115 204 161 231 179 266 146 45 34 3 0 
0 66 208 123 124 117 236 182 0 42 149 138 124 146 213 244 320 234 257 130 34 46 34 1 
0 24 82 70 86 144 189 106 0 16 66 74 63 123 215 144 302 175 135 33 14 21 16 5 
0 12 454 82 12 1 0 0 0 1 359 173 26 2 0 0 120 347 78 8 5 3 0 0 
2 268 725 372 255 194 213 104 3 178 741 363 216 273 258 101 734 637 220 176 165 112 82 7 
2 230 944 129 77 37 86 151 0 169 852 243 90 58 78 166 554 661 199 59 47 47 88 1 
0 0 9 32 63 140 245 117 0 0 2 23 51 111 249 170 145 237 151 30 16 7 18 2 
22 299 800 83 80 164 281 0 0 200 786 210 93 169 271 0 247 673 211 64 69 99 366 0 
0 35 337 7 6 2 0 0 0 14 237 128 5 3 0 0 106 223 46 7 4 1 0 0 
0 782 735 101 59 143 112 0 0 509 903 198 63 141 118 0 404 864 294 33 48 64 222 3 
59 415 656 1135 689 748 189 0 48 344 524 1155 909 588 322 1 1768 1236 485 245 90 37 28 2 
959 1683 251 14 6 6 3 0 2263 610 25 10 5 7 2 0 2143 738 18 8 6 5 4 0 
222 796 647 323 317 240 3 0 881 920 503 237 4 3 0 0 907 846 500 286 9 0 0 0 
1243 1962 572 199 94 25 0 0 3175 471 232 97 88 32 0 0 3134 612 185 87 53 24 0 0 
386 767 911 805 751 790 210 1 1211 985 1098 924 365 38 0 0 1195 945 975 1001 466 39 0 0 
3062 951 379 78 9 0 0 0 3450 477 458 82 12 0 0 0 3817 518 131 9 4 0 0 0 
1171 2903 822 486 296 96 10 0 1144 2942 784 480 340 86 8 0 1597 2462 799 499 326 95 6 0 
1209 1720 477 318 197 65 15 7 1305 1593 481 325 151 129 17 7 1509 1392 524 280 145 84 74 0 
2389 3557 747 631 910 245 67 32 2421 3533 737 625 514 663 63 22 3103 2912 720 637 449 378 379 0 
1030 2659 908 368 1571 349 0 0 1037 2974 562 355 749 1198 10 0 1721 2480 417 323 422 1062 459 1 
432 1333 811 508 689 204 69 2 438 1311 825 479 598 331 63 3 486 1480 711 476 502 347 45 1 
1213 1024 254 401 605 237 55 27 1240 1000 249 309 633 313 53 19 1292 975 269 308 351 571 50 0 
460 564 754 877 842 1086 1572 580 536 857 685 853 928 833 1495 548 657 999 1256 1833 1232 630 128 0 
2182 1122 1329 1859 1427 980 1255 594 1768 1711 1765 1623 1186 656 1286 753 2230 1541 2010 2042 1511 989 377 48 
1654 1085 1495 1316 1196 1481 1531 401 1218 1645 1337 1661 1398 1116 1341 443 1490 1707 2272 1847 1660 962 202 19 
438 352 441 468 613 789 1744 762 308 491 413 590 534 608 1773 890 459 558 814 1137 1356 1068 169 46 
2154 1167 1023 722 528 526 1313 254 2212 1485 773 747 518 415 1183 354 2397 1598 1202 903 1164 378 43 2 
1893 1201 888 1017 798 914 965 376 1805 1494 1352 1293 627 402 740 339 2023 1472 1434 1625 863 362 205 68 
957 838 623 872 832 928 1363 1118 1352 1237 827 694 579 648 1511 683 1407 1389 1596 1795 827 145 247 125 
647 1007 1206 1028 989 923 914 485 1347 1722 1014 787 526 551 1001 251 1240 1983 1888 1170 611 300 7 0 
224 643 958 796 1183 1211 1345 1306 465 1423 1115 879 808 795 1431 750 420 1514 2074 1761 1123 623 126 25 
271 713 878 755 1042 1110 528 90 604 1570 1412 964 406 187 156 88 574 1470 2246 784 123 95 69 26 
179 578 614 691 807 779 738 575 327 901 1003 719 474 470 633 434 350 998 1441 1135 391 265 257 124 
92 382 691 607 5607 11640 6305 2803 143 125 748 698 4759 13072 6097 2485 13918 3849 3411 2035 1528 1334 684 1368 
494 277 992 7198 13330 11549 7072 4232 611 162 642 6582 12995 13652 6909 3591 23795 6370 4376 2988 2971 2044 1344 1256 
14247 6115 8174 1638 904 609 216 42 16246 5400 4209 4391 747 624 309 19 19246 6913 2504 1608 766 710 198 0 
5049 3067 4206 4307 4273 3830 3319 1030 7614 5078 5457 3382 3473 2379 1252 446 8910 5339 3783 3067 3430 2457 1773 322 
1938 2181 2442 4201 4474 2399 1033 228 3799 2755 3628 2695 3412 1972 539 96 4912 2107 2972 2413 2216 2982 1218 76 
4775 3675 2895 3805 2357 1672 806 327 7657 2248 1913 2960 2099 2193 1089 153 8223 1821 2222 2807 1674 1782 1255 528 
1175 874 968 1171 1081 163 38 45 2333 1413 1026 522 97 68 22 34 3443 1405 472 100 30 18 16 31 
3888 753 190 70 60 91 6 0 4310 422 132 76 76 42 0 0 4426 441 142 45 4 0 0 0 
223 697 636 1029 1031 945 327 15 829 1301 1008 339 411 879 125 11 1757 1508 422 688 479 35 8 6 
102 213 208 425 1439 2421 61 42 122 212 238 537 1879 1846 44 33 2483 2215 108 38 26 20 16 5 
141 212 781 676 1305 1471 140 18 171 257 945 782 1718 793 72 6 2319 1814 346 206 35 20 4 0 
21 165 191 377 269 96 43 278 2 110 128 188 184 236 266 326 309 338 260 159 52 27 51 244 
82 456 296 156 50 6 15 35 117 587 218 86 33 9 14 32 347 501 146 38 11 9 14 30 
0 1 555 2008 6236 2023 17 5 0 1 131 1172 3869 5408 258 6 1129 7217 2387 92 10 8 2 0 
0 0 49 618 2343 4707 7273 1505 0 0 0 299 1091 2870 6134 6101 286 2081 8705 4459 913 51 0 0 
0 0 7 590 2872 5196 6376 582 0 0 4 104 1782 2923 7099 3711 204 3003 8103 3414 708 107 84 0 
0 0 41 591 2753 6969 6394 790 0 0 4 150 1262 4000 8170 3952 401 3425 9893 3195 624 0 0 0 
0 114 359 779 1252 1149 157 496 1 260 379 889 1076 1099 192 410 83 2074 1069 373 140 116 143 308 
0 37 116 1303 1408 110 35 38 2 71 307 1007 1398 191 37 34 57 1999 794 73 31 32 26 35 
0 865 298 1318 1869 1122 27 107 20 905 370 1001 1671 1505 28 106 952 3257 942 262 46 23 21 103 
0 44 164 647 1345 1426 8 0 0 68 253 479 890 1902 42 0 2647 719 190 70 3 4 1 0 
0 286 657 637 1216 2290 362 81 4 534 530 551 1079 1919 830 82 2265 1521 720 510 147 103 96 167 
0 8 213 909 1154 1046 39 48 0 38 276 733 1016 1267 43 44 355 1703 907 301 71 19 20 41 
4522 2839 1526 657 231 102 9 0 4584 2547 1904 570 205 71 5 0 3889 1503 2056 1668 459 215 96 0 
1870 2467 3420 1609 884 913 434 398 3794 3412 1531 992 928 839 182 317 2890 2689 2907 1274 1054 714 225 242 
48 424 1287 1036 1008 992 1127 6447 46 332 1110 1414 848 898 1583 6138 1833 1685 1459 1756 2981 2378 275 2 
0 802 1772 2414 2385 2206 1486 3068 0 679 1632 2487 2421 1844 1577 3493 3969 3447 2401 1616 1590 633 208 269 
4207 2499 1841 1340 745 417 265 251 6174 2548 1067 512 426 448 174 216 5906 2062 1592 923 484 238 142 218 
1343 1727 1171 644 186 35 22 50 1193 1874 1138 742 155 25 21 30 432 1137 1306 1437 649 201 16 0 
1911 1085 1061 848 368 19 0 0 1589 1128 1150 1019 405 1 0 0 556 1011 956 1022 959 763 25 0 
1298 1248 1396 796 612 653 81 7 1143 1281 1484 885 739 525 34 0 408 898 989 1250 987 733 741 85 
2439 2838 2359 1038 132 104 71 82 3104 2920 2104 690 97 52 60 36 2706 1925 1750 1794 803 82 3 0 
2907 764 798 945 410 74 36 34 2848 865 914 916 350 40 11 24 875 1847 1031 1049 739 378 49 0 
2064 1617 1431 1079 721 234 119 24 1657 1996 1495 1143 764 173 59 2 1073 1153 1415 1634 1099 750 131 34 
2612 2336 1988 1736 636 182 106 44 2098 2821 2379 1543 555 157 61 26 943 1683 2429 2542 1411 474 138 20 
1774 599 1177 1148 1031 327 153 375 1512 908 1153 1227 1057 300 143 284 629 973 965 1069 1438 1141 361 8 
798 876 744 777 860 167 96 269 830 1004 730 774 796 74 110 269 868 566 625 581 593 754 325 275 
2259 3249 3352 2952 5066 995 0 0 1699 3719 3609 2913 4895 1036 2 0 9109 3429 4336 904 95 0 0 0 
3236 3771 3444 3267 2909 1692 0 0 2891 4014 3560 3108 3427 1317 2 0 8174 5782 3482 271 130 188 180 112 
0 710 1374 666 1104 626 327 89 0 143 1814 680 814 969 374 102 956 1250 707 652 521 335 401 74 
0 698 881 71 24 2 0 0 0 103 1396 124 46 7 0 0 563 991 72 33 16 1 0 0 
6 1085 833 164 103 24 0 0 0 499 1321 225 96 67 7 0 1119 751 163 118 31 21 11 1 
37 888 1465 886 1409 414 178 159 1 718 1473 1025 504 1342 212 161 944 1556 840 419 324 335 542 476 
0 680 498 127 60 0 0 0 0 261 893 141 53 17 0 0 797 337 125 32 38 31 5 0 
108 2056 829 683 648 45 0 0 7 1467 1446 657 454 333 5 0 2108 752 523 192 245 283 194 72 
0 251 178 132 228 510 360 318 0 114 285 118 196 376 502 386 365 148 177 425 477 329 56 0 
73 1529 2570 658 777 546 505 380 42 1581 2497 664 342 958 557 397 1508 2938 440 467 607 423 483 172 
202 1429 2887 588 372 355 389 205 41 1502 2611 838 358 414 413 250 1660 3055 431 407 463 277 123 11 
59 312 1377 329 561 546 583 371 12 405 1239 397 389 597 625 474 474 1370 316 458 777 444 290 9 
1007 1408 1907 3868 1719 5 0 0 1396 1747 3604 2817 350 0 0 0 1421 2841 2707 2097 847 1 0 0 
1075 1347 1826 2790 1412 27 1 0 1771 1269 1688 2737 1010 3 0 0 2402 3248 2097 675 54 2 0 0 
11 689 965 1784 2496 1616 0 0 6 575 1043 1895 3029 1013 0 0 819 3753 1904 935 150 0 0 0 
105 1234 1340 1647 2045 2449 1777 0 112 1033 1239 1576 1737 2119 2643 138 1429 3055 1513 2175 2372 53 0 0 
1192 1269 1572 2064 2537 1413 77 0 1181 1317 1927 2480 2643 301 270 5 1221 1271 1664 2208 3270 490 0 0 
2230 1892 1948 1720 1289 204 65 0 3284 1847 1923 1638 527 121 8 0 3108 2044 1699 1685 804 8 0 0 
6364 84422 89838 56034 2409 0 0 0 2133 23540 99831 85133 28429 1 0 0 116385 103490 17513 1600 79 0 0 0 
3585 75661 147726 25177 1119 730 374 184 1643 11637 120732 115525 3418 822 528 251 129500 110788 11441 1280 768 449 276 54 
144 19534 108778 61902 7772 5073 5268 3620 23 1161 39142 126522 27217 5556 6063 6407 56024 111107 25868 11222 3458 2857 992 563 
23861 114714 20277 2444 1379 460 1619 6879 11082 100385 41919 7867 1510 428 2249 6193 65077 88772 6323 1906 1283 3398 2312 2562 
1035 71014 47727 19700 1232 10 0 0 3 13805 73228 45243 8417 22 0 0 44102 87585 8952 79 0 0 0 0 
1511 53554 42269 44514 1731 216 145 2756 45 31831 37920 62650 11188 209 131 2722 38145 72196 31616 1654 186 112 119 2668 
3131 103467 7105 2957 610 91 58 137 979 45992 64068 5402 829 86 60 140 59378 53896 3532 472 92 50 78 58 
570 94037 31736 3689 779 175 52 0 14 46010 63978 19352 1509 175 0 0 39862 78169 10030 2840 137 0 0 0 
144 88302 97167 12891 322 7 0 0 0 36727 69992 87385 4711 18 0 0 93947 80584 21601 2694 7 0 0 0 
4029 65784 56621 15968 422 126 97 6 929 35828 42342 54224 9436 151 122 21 63301 52094 18618 8410 473 133 24 0 
99 35014 106273 13291 22 0 0 0 0 2584 59811 90588 1716 0 0 0 19391 111056 22471 1774 7 0 0 0 
2075 20265 40925 10736 8578 8367 12671 8080 1637 4564 36662 25646 8341 7834 10319 16694 62710 17000 12216 8513 6272 2179 861 1946 
3697 50855 13557 9481 811 668 2256 958 1639 25319 35095 14216 2020 852 2167 975 8789 50591 14860 2990 3236 1683 133 1 
27 392 4886 2511 358 173 74 16 15 196 3092 3219 1420 289 155 51 1807 2972 2721 636 200 76 22 3 
0 14 2775 2356 688 502 645 160 0 13 916 2477 1576 732 697 729 1176 2358 2262 698 370 185 50 41 
0 142 6940 1206 97 20 14 0 1 27 2311 5467 548 44 21 0 2356 5036 766 137 56 44 24 0 
0 25 2134 1033 792 695 958 566 0 12 1240 1239 701 735 902 1374 586 1759 1129 810 718 534 385 282 
2 408 1102 1801 2153 1139 283 426 9 33 739 944 1496 2578 1442 73 862 1124 1694 2081 1101 427 25 0 
11 375 682 459 441 694 1000 670 10 37 419 678 434 467 731 1556 578 689 434 524 965 794 300 48 
4441 9184 12593 12830 6023 1122 18 0 1836 4458 6153 9556 14343 9076 789 0 26110 9231 5814 4152 901 3 0 0 
1034 7860 13639 10290 2864 1056 293 14 357 2952 4798 7571 13928 5991 1367 86 23261 7828 3270 1725 644 292 28 2 
1962 9300 13145 14485 4257 1204 493 104 1050 2832 6914 8646 12788 11006 1449 265 26705 11575 3712 1948 567 252 184 7 
776 354 112 38 25 9 0 0 798 355 92 40 21 8 0 0 647 370 209 52 30 6 0 0 
477 515 151 53 28 22 20 29 803 264 107 38 26 20 15 22 630 405 118 51 28 24 18 21 
5 170 238 238 259 200 180 366 0 148 226 246 249 189 181 417 532 405 240 183 184 59 29 24 
764 347 132 67 30 31 16 22 1022 180 74 42 29 27 21 14 922 260 106 39 31 22 9 20 
0 9 30 36 58 96 129 760 0 3 26 41 47 91 168 742 49 86 128 189 395 264 7 0 
170 282 148 118 133 160 181 147 346 144 134 146 172 178 147 72 278 246 124 117 145 141 178 110 
1 127 190 325 483 756 255 68 0 22 183 333 516 787 316 48 1942 181 62 20 0 0 0 0 
1024 734 623 768 599 1062 633 153 178 1332 711 753 704 1156 684 78 4956 463 119 28 13 17 0 0 
788 972 545 714 559 453 131 9 63 1407 658 752 619 546 126 0 4103 60 8 0 0 0 0 0 
752 1139 592 586 598 487 349 277 160 1502 771 600 687 581 366 113 3851 357 268 233 64 7 0 0 
513 2316 1026 361 335 158 0 0 5 1863 1694 571 408 168 0 0 4709 0 0 0 0 0 0 0 
0 4393 5570 4246 2201 1243 529 343 433 4506 6675 3161 2092 1120 289 249 153 4025 4671 4880 2944 897 603 352 
9835 14940 4136 1439 665 171 72 32 15282 11088 2818 1273 524 242 59 4 7012 14556 5935 2396 1108 169 88 26 
0 4276 7691 7480 4907 1228 556 704 54 6976 7604 7607 2710 920 612 359 68 8973 6774 4178 4034 1649 543 623 
55 14924 5285 3183 915 94 48 42 6224 11724 3052 2827 592 68 53 6 1447 12771 5856 2599 1559 234 54 26 
7417 8809 2799 1119 799 364 120 31 10476 6515 2450 875 717 326 82 17 7111 6598 4222 1571 1109 587 211 49 
654 10149 5951 3329 1683 611 378 663 4905 8000 4790 2890 1544 462 413 414 1589 9262 4336 3324 2636 1022 488 761 
79 922 1046 800 915 961 606 43 64 905 960 921 872 1112 515 23 183 1688 1254 628 621 595 398 5 
79 1355 790 380 397 512 339 15 178 1186 802 468 417 491 314 11 428 1279 574 327 348 535 371 5 
33 238 141 193 323 480 251 2 73 240 186 312 346 408 96 0 85 215 163 280 355 420 143 0 
1430 725 279 280 227 144 40 4 1424 844 342 206 165 118 28 2 1461 728 391 216 165 130 34 4 
1142 1311 662 411 428 224 129 77 1462 1147 613 545 287 189 108 33 1376 1349 588 607 187 210 63 4 
389 2511 428 278 81 131 64 18 582 2543 291 141 171 119 52 1 1120 2013 273 129 118 190 54 3 
322 1845 130 21 10 6 18 2 476 1762 57 33 8 17 1 0 1042 1217 37 28 13 17 0 0 
91 2522 8836 7587 9198 16959 15936 3525 5051 14941 11210 14034 10150 6260 2643 365 5049 20405 15412 15875 5731 1332 558 292 
0 234 929 1673 4160 15787 8441 1284 12 1965 7181 13562 7387 1655 444 302 1126 3224 8277 11741 6579 1144 379 38 
0 472 1754 2302 3017 4295 8622 15721 0 828 2923 2359 2973 4718 7694 14688 610 8263 16013 7078 2175 1057 558 429 
0 90 2213 2795 4673 5635 9236 14692 0 19 1551 3260 4603 5812 9653 14436 3909 10481 13977 7055 2120 931 650 211 
25 448 2116 3900 5261 7119 2856 268 8 510 2208 3569 3219 5084 6547 848 3528 6912 3691 3662 2706 1173 57 264 
0 308 2051 1663 2225 1690 278 5 181 900 1395 2289 1966 1341 145 3 225 1303 2232 2251 1768 396 45 0 
12 216 314 1246 2832 4586 3161 1615 23 224 356 1011 1629 3587 4494 2658 252 2829 2466 2007 2246 2106 1524 552 
1 161 806 1808 3285 6464 4565 417 56 488 1314 2396 2610 4158 4270 2215 906 4367 4396 2810 2162 1627 1185 54 
2 194 402 1376 2337 2352 4131 24 0 270 1171 1320 1428 1612 3317 1700 114 2635 1717 1138 1664 2545 1001 4 
0 95 623 583 763 1075 674 22 0 117 577 543 596 833 1096 73 707 862 507 419 477 633 210 20 
273 5583 3885 1900 1489 556 189 16 890 7069 2155 1753 1307 582 122 13 422 5617 3176 1411 1932 1223 107 3 
904 5943 3496 1389 898 338 90 13 2039 7151 1622 1114 758 295 89 3 1263 6212 2886 1355 819 366 170 0 
0 678 2079 2365 740 113 1 0 5 2568 239 1595 1426 143 0 0 2 2375 930 2434 220 15 0 0 
570 5024 1156 639 342 1040 126 0 1158 4680 961 594 302 1025 177 0 567 4578 1271 654 598 1195 34 0 
0 110 1314 3353 5546 3876 131 0 21 1690 4236 3759 3640 928 56 0 39 2698 4699 4315 1872 629 78 0 
0 825 2640 3524 776 12 0 0 468 5204 1637 393 75 0 0 0 50 4734 2696 226 71 0 0 0 
17 506 1009 1243 1186 1303 696 887 101 1521 1531 1327 1155 602 277 333 752 1817 1577 1194 707 350 116 334 
97 511 916 1118 2269 1911 714 952 136 535 963 1469 2409 1811 626 539 816 1873 3382 1120 687 407 202 1 
218 2053 3013 1522 510 329 320 969 1380 3396 1724 593 359 260 324 898 2004 2807 1597 1117 524 352 267 266 
26 214 491 387 415 564 791 3045 27 172 501 308 344 453 708 3420 483 1069 1042 1505 1136 301 180 217 
180 906 1892 1684 1108 517 348 592 373 1942 1920 1112 688 410 283 499 493 1807 1700 1373 983 439 286 146 
641 2447 1223 729 545 543 304 98 1521 2496 1083 393 297 323 322 95 2662 2270 1043 322 147 68 18 0 
646 2898 1884 1295 987 652 397 842 1135 3514 1772 890 714 496 319 761 2159 3065 1604 971 601 379 331 491 
102 423 653 1006 957 718 891 3306 235 754 1201 1038 674 579 767 2808 565 1235 1256 1677 1343 883 583 514 
174 477 1172 884 502 461 284 833 314 1484 928 466 428 274 173 720 425 1255 996 522 405 347 304 533 
3955 3994 1000 813 765 936 224 386 5067 4161 643 218 251 868 470 395 6028 3281 843 1099 337 139 121 225 
331 2009 1745 1627 1467 1215 1071 1343 1492 3198 1876 1272 963 903 520 584 1740 3164 1858 1826 1254 304 220 442 
240 2727 1904 1306 629 444 246 279 375 3031 1906 965 624 409 219 246 952 2745 1767 1302 442 312 179 76 
192 748 1597 1742 1157 1098 1325 569 322 1186 1681 1911 1573 873 563 319 483 893 1387 1970 1738 1035 813 109 
26 166 202 167 162 254 371 697 0 167 121 244 332 452 373 356 149 265 282 344 326 420 209 50 
1477 678 603 380 359 155 111 327 1474 477 557 434 408 337 116 287 984 1320 556 428 343 161 51 247 
454 536 331 327 300 410 690 507 297 821 404 501 689 515 135 193 1663 779 384 301 181 92 66 89 
832 626 368 355 374 409 536 712 992 1030 429 377 354 367 289 374 2048 927 652 271 136 61 52 65 
658 415 316 234 307 237 52 92 976 437 299 194 146 122 48 89 885 472 258 250 166 103 63 114 
371 269 330 325 297 231 177 200 652 664 275 201 124 126 78 80 551 584 353 210 158 121 95 128 
536 515 508 327 174 157 202 148 1213 640 258 173 110 74 39 60 1060 651 372 219 101 57 32 75 
321 349 351 346 401 288 231 489 450 475 346 325 266 361 209 344 256 501 577 431 258 296 211 246 
906 734 264 324 564 385 225 378 753 701 305 241 373 547 392 468 611 851 448 459 510 341 305 255 
8 63 216 808 745 1029 526 152 7 44 135 314 851 1067 794 335 218 1914 485 351 317 155 49 58 
84 396 708 746 600 587 328 296 868 733 529 477 503 331 280 24 1242 883 605 356 275 237 118 29 
25 117 272 582 774 1192 551 63 22 64 186 341 620 1090 1026 227 414 1774 516 390 293 118 49 22 
257 795 748 622 205 46 34 24 32 723 735 807 325 53 33 23 132 536 690 515 591 209 29 29 
452 1025 954 417 117 74 52 0 146 990 885 785 177 89 19 0 268 817 605 579 646 176 0 0 
328 470 746 691 414 555 511 58 143 487 628 815 435 665 563 37 213 457 391 671 1099 667 275 0 
3 64 105 273 245 352 53 16 0 38 66 167 222 290 297 31 23 82 367 530 78 23 8 0 
123 583 534 411 240 166 132 92 64 760 599 421 121 141 158 17 72 661 480 482 345 174 54 13 
167 456 615 204 66 20 12 4 139 759 448 130 42 15 7 4 112 579 539 183 84 30 8 9 
4 167 328 853 320 527 524 137 0 103 315 697 749 469 459 68 11 175 720 455 774 485 234 6 
178 387 787 1064 167 46 42 71 97 301 734 1014 450 34 48 64 123 229 631 647 545 461 63 43 
108 753 944 859 614 129 33 1 11 629 1163 904 607 102 24 1 22 456 990 944 561 423 45 0 
12 439 916 994 469 301 222 496 0 296 986 1110 614 174 268 401 0 219 923 1035 706 418 266 282 
135 1004 547 498 349 55 12 0 7 929 588 527 503 36 10 0 52 951 907 272 162 189 67 0 
1334 2911 680 167 68 63 17 6 2742 1831 449 82 60 58 19 5 1988 2268 694 142 58 32 46 18 
674 2438 1047 300 77 35 15 7 1363 2351 655 133 60 20 7 4 833 2324 1085 240 69 31 6 5 
2320 1161 989 705 238 448 109 3 2643 1326 755 537 260 432 20 0 2303 1263 1014 991 314 50 36 2 
40 1803 2226 815 199 65 18 7 403 2537 1681 327 169 44 8 4 56 1903 2247 661 180 69 52 5 
0 142 2047 2578 1145 972 993 2176 0 13 506 2882 2112 1084 1018 2438 1505 4613 1374 1609 414 259 215 64 
0 263 525 1474 792 1118 1612 4950 0 0 526 930 1243 891 1538 5606 931 2171 2379 1480 1905 993 412 463 
5 3487 2550 1366 833 615 541 75 22 4704 2048 1527 751 265 105 50 1681 4120 1630 1209 567 157 69 39 
0 886 1663 684 521 702 1034 2135 0 258 1456 1090 557 551 891 2822 2109 1920 1306 1158 628 321 140 43 
10 621 2144 1503 1018 940 1086 1574 2 1073 2428 1471 763 826 983 1350 724 3128 2165 939 717 509 575 139 
0 0 1 249 607 403 535 2152 0 0 0 11 236 793 489 2418 21 164 1663 1302 634 126 32 5 
0 617 1954 2538 848 668 720 2595 0 245 694 2605 1933 799 706 2958 2979 3049 1328 921 675 460 245 283 
7 1682 6806 1949 526 505 232 115 0 534 3702 5162 1298 448 456 222 6957 2816 1653 287 31 25 42 11 
4 770 4212 2393 649 689 860 1655 0 234 933 5522 873 679 742 2249 4381 3515 926 984 661 338 230 197 
0 980 422 951 794 1003 2266 3884 0 457 626 569 941 761 1242 5704 1344 1406 2282 2582 1127 402 399 758 
0 311 1233 1365 1101 1124 1003 1041 0 77 664 1697 789 1355 1004 1592 573 1469 1674 1532 782 300 359 489 
764 6288 1608 1696 922 296 441 1763 339 6541 1553 1322 1353 348 440 1882 4139 4433 1996 1100 506 431 632 541 
0 750 2980 2409 1167 507 498 0 0 44 1376 3136 1889 973 681 212 3601 2306 1754 610 35 5 0 0 
1312 1822 1550 1007 669 56 0 0 1787 2639 1163 756 65 6 0 0 2154 2613 1277 366 6 0 0 0 
1044 3195 2579 3309 1814 641 437 114 1044 2826 2531 3098 2057 975 525 77 2066 3694 2869 2519 1470 501 14 0 
2005 2955 2521 2175 400 14 0 0 1875 2674 2143 2570 764 44 0 0 2632 2264 1988 2501 661 24 0 0 
1370 2123 2258 1390 468 168 83 38 1362 2002 2191 1423 573 208 91 48 1711 1723 2122 1530 638 122 46 6 
651 2340 1261 425 107 4 0 0 1336 1968 934 449 99 2 0 0 1681 1752 840 448 66 1 0 0 
2263 2460 1815 1138 122 1 0 0 2495 2315 1701 1143 142 3 0 0 2792 2179 1571 1140 117 0 0 0 
0 585 2971 4027 1446 362 67 0 0 2 1038 3565 3650 1119 84 0 5404 1958 1142 687 173 81 13 0 
14 59 1694 3019 4764 3556 259 17 10 30 442 2167 2529 4348 3640 216 3797 3355 2310 2065 1364 474 17 0 
1084 730 1796 4587 3087 1070 118 6 558 618 962 2557 5220 2438 125 0 6076 3894 1906 432 54 88 28 0 
1808 1968 6166 1942 390 264 138 7 517 1669 2255 5792 2134 303 11 2 8159 3034 1282 191 7 4 4 2 
1397 517 2323 4320 3460 1168 92 1 696 788 806 2761 4471 3219 537 0 6781 3827 1948 440 97 104 80 1 
136 201 1472 2458 4636 2581 24 0 59 87 176 1852 2207 5314 1813 0 2698 2776 3319 1950 714 51 0 0 
1289 1562 2412 4111 2282 1765 747 104 728 1045 1574 2378 3981 2446 1735 385 2309 2790 3746 1922 1770 895 581 259 
34 117 511 874 1174 1767 2311 349 40 356 1044 1289 1709 2256 441 2 194 2280 1825 1571 786 383 98 0 
44 99 333 204 282 965 3414 501 15 90 249 249 268 1236 3616 119 100 1512 2855 902 264 119 84 6 
415 1428 923 856 1115 1547 2243 575 682 1412 1318 1276 1303 1230 1788 93 1320 2521 1531 2004 1208 487 31 0 
692 1597 1139 882 1071 1278 1937 181 1988 1914 1059 930 858 1328 686 14 2054 2599 2327 1240 390 117 49 1 
1263 1509 1002 836 801 832 1384 314 2009 2399 734 630 763 777 609 20 2274 2069 1008 1305 957 231 96 1 
1967 2772 1297 780 561 892 1758 350 2359 2871 1060 849 636 1162 1405 35 3910 3292 1064 719 939 355 96 2 
5 21 142 393 988 1581 3553 92 0 20 31 219 707 2121 3625 52 32 4561 1740 308 55 45 25 9 
2 656 557 211 83 29 2 0 0 265 689 408 131 44 3 0 1025 305 117 72 18 3 0 0 
4 1723 1213 111 36 11 0 0 0 373 1707 892 84 37 5 0 2214 658 152 45 19 10 0 0 
7 1699 1828 965 265 107 80 28 0 385 1891 1811 534 175 119 64 2597 1012 579 460 117 69 101 44 
203 157 49 21 19 34 22 9 90 178 74 51 25 38 44 14 112 131 43 50 53 37 38 50 
404 110 30 13 10 9 10 11 347 129 53 19 14 16 8 11 305 137 66 32 10 18 16 13 
93 181 82 58 37 25 27 21 256 86 46 40 41 24 20 11 243 84 47 33 48 22 20 27 
241 128 51 38 26 30 11 18 354 75 39 22 19 10 12 12 352 74 31 27 28 10 11 10 
18 669 666 786 545 315 123 70 3 662 807 881 468 224 106 41 3 601 759 778 621 253 118 59 
22 724 561 510 355 198 102 67 3 684 649 583 381 128 75 36 11 645 532 505 462 236 94 54 
80 821 230 47 19 6 0 0 90 737 276 64 29 6 1 0 99 624 367 90 11 10 2 0 
0 631 643 558 742 340 126 37 0 728 882 803 416 185 55 8 1 814 536 764 613 232 94 23 
16 1183 684 560 441 166 71 38 15 1248 992 537 229 75 42 21 14 1312 773 636 287 96 40 1 
3422 1492 586 604 559 850 1579 1464 3164 1991 603 630 866 1540 1456 306 5657 746 1071 1824 831 346 81 0 
3670 2142 1280 1134 392 95 68 21 4359 1826 612 1131 699 101 65 9 4864 2580 808 246 156 72 61 15 
152 1536 1122 582 500 867 1547 1182 139 1563 1155 776 842 1440 1278 295 3073 1617 1286 1012 345 153 2 0 
1539 1663 372 191 164 605 1451 611 204 2749 622 206 165 629 1715 306 3794 760 1338 410 135 143 16 0 
4338 2694 1147 509 184 84 68 23 5814 1819 805 342 120 70 66 11 5850 1704 847 366 142 59 67 12 
1576 1170 1028 1069 1093 1338 1203 1274 1300 1518 1111 1159 1250 1437 1393 583 4810 1899 1365 1106 371 174 26 0 
925 430 466 415 392 322 141 29 704 519 480 387 377 348 253 52 1626 391 409 365 223 70 34 2 
596 352 339 312 291 254 208 45 413 462 368 294 279 273 245 63 1244 362 267 207 222 73 21 1 
456 367 156 101 84 92 222 43 358 405 190 118 82 79 234 55 635 269 119 85 74 99 115 125 
584 32240 10309 3904 1155 273 104 297 12049 29659 3986 2011 589 204 95 273 8441 31236 4483 2959 1034 278 105 330 
1222 31087 10442 9059 4454 219 65 78 14105 25716 5647 8877 1987 185 48 61 12388 27086 7370 7089 2322 142 121 108 
7124 30400 10765 7924 3206 816 19 2 28537 16055 7503 6000 1631 520 8 2 27153 16253 6652 6695 2557 899 43 4 
2763 26537 8637 7049 5016 1048 178 255 20729 16434 6617 4985 1780 603 125 210 20638 14781 6319 5762 2455 976 256 296 
6540 41768 9149 9509 2119 528 174 376 38131 14737 8208 6659 1554 364 156 354 37474 14484 7261 7587 2255 517 164 421 
13411 39896 9168 7629 6623 3788 929 2833 32746 23551 8499 8289 4773 2841 772 2806 36287 21819 11087 7558 2523 1218 797 2988 
54 1788 9991 2623 1045 123 16 0 0 87 2622 7594 2858 1716 664 99 4948 6259 2105 1333 475 383 137 0 
113 3800 6199 1774 864 181 13 0 6 372 5457 3758 1428 1006 771 146 4407 4883 1396 890 651 393 318 6 
10 5412 5964 3444 606 125 6 0 0 158 6478 3706 2845 1771 536 73 6417 3353 3036 1725 629 280 127 0 
81 5824 9653 1184 178 118 81 8 7 452 7711 7759 703 294 154 47 6430 7036 2722 614 211 111 3 0 
5 183 503 756 753 278 164 141 147 452 922 553 299 137 152 121 365 1045 696 317 160 158 42 0 
227 425 356 203 170 11 0 0 197 701 263 180 33 18 0 0 230 448 320 239 147 8 0 0 
240 372 219 169 45 0 0 0 167 384 339 141 14 0 0 0 98 302 209 248 147 41 0 0 
589 207 26 9 12 0 0 0 282 493 33 19 15 1 0 0 404 407 20 12 0 0 0 0 
268 567 444 512 138 49 26 1 97 680 552 495 120 38 21 2 159 600 417 401 314 87 26 1 
52 346 474 493 160 71 101 101 127 394 542 353 146 96 80 60 507 589 335 99 70 110 64 24 
13 257 635 205 65 47 64 41 63 389 604 103 58 60 21 29 344 530 294 55 53 21 11 19 
380 418 614 591 321 112 61 81 187 636 618 575 341 100 55 66 321 646 466 289 340 293 171 52 
812 325 212 177 35 24 16 2 917 258 208 143 36 25 14 2 928 223 177 156 66 24 23 6 
419 203 227 379 175 58 81 25 455 231 276 344 122 59 79 1 450 209 325 362 91 66 64 0 
925 793 603 483 314 104 60 104 934 810 543 496 307 132 52 112 846 990 684 393 234 82 52 105 
769 431 124 32 17 16 2 4 770 443 113 32 13 18 2 4 695 426 178 56 16 17 3 4 
497 575 272 221 58 20 1 0 500 629 261 190 49 14 1 0 391 613 344 219 64 13 0 0 
741 642 463 691 793 281 66 14 944 545 340 574 868 344 68 8 906 556 587 864 532 188 46 12 
932 550 555 610 786 483 234 94 1052 531 407 586 760 545 279 84 973 546 656 760 624 362 236 87 
823 340 230 254 85 85 58 62 940 268 235 221 57 92 59 65 905 280 197 203 129 82 60 81 
21 31 133 275 416 552 389 151 14 87 192 308 630 498 239 0 160 168 400 492 573 168 7 0 
593 163 89 57 23 2 0 0 551 192 104 58 21 1 0 0 619 133 89 65 17 4 0 0 
452 90 50 11 23 82 7 0 442 100 52 7 7 40 67 0 441 125 52 54 41 2 0 0 
130 277 146 147 167 123 64 35 503 151 190 158 39 20 16 12 391 210 170 199 58 23 20 18 
207 374 229 247 262 250 251 66 444 394 354 387 197 53 48 9 610 316 395 288 206 53 13 5 
118 317 197 299 363 457 295 61 346 351 349 479 393 140 34 15 437 266 442 441 402 87 27 5 
6 181 191 90 46 48 49 51 97 178 209 42 52 50 29 5 325 108 73 54 39 59 4 0 
1 703 860 797 365 239 33 0 0 491 882 792 443 354 36 0 1735 758 339 137 29 0 0 0 
0 575 814 844 662 731 149 36 0 337 720 868 718 932 207 29 1788 730 856 288 105 31 13 0 
0 305 796 589 710 623 819 278 0 136 689 619 663 759 842 412 1440 761 593 481 544 301 0 0 
0 444 755 499 504 476 292 44 0 228 785 578 517 497 349 60 1383 638 439 380 133 41 0 0 
0 170 345 456 524 312 237 196 0 56 349 463 587 296 265 224 726 445 516 180 197 155 15 6 
315 3566 3714 2647 2863 811 267 11 905 4205 3884 3348 1320 509 15 8 2202 4517 3105 3040 984 309 35 2 
1111 6791 3896 1696 634 117 18 0 3596 6350 2691 1061 406 142 17 0 6163 4970 2336 685 78 17 14 0 
748 6438 1844 1797 1487 1067 579 202 1021 6371 1990 1889 1228 1040 373 250 2885 5647 2323 1526 821 463 223 274 
91 1343 826 468 447 531 284 272 804 1094 563 396 395 508 251 251 843 984 531 395 422 399 365 323 
212 787 533 433 337 294 216 68 457 716 488 391 286 272 203 67 455 698 444 377 262 225 300 119 
0 107 658 740 1056 1357 1651 0 0 68 561 679 980 1401 1880 0 291 1239 1031 1142 995 869 2 0 
302 2460 1677 1787 1360 1487 317 0 261 2072 1561 1928 1444 1463 661 0 3321 2248 1782 970 1068 1 0 0 
51 413 2079 1508 1515 1913 1240 0 61 310 1943 1250 1611 1999 1545 0 1653 2350 1796 2030 890 0 0 0 
44 1792 3438 2091 1922 2003 1182 241 51 1521 2994 2307 1975 2285 1331 249 3705 3650 2351 1434 854 230 188 301 
0 69 1469 1372 1781 1984 1626 228 0 38 1194 1331 1692 2346 1695 233 261 2116 2066 2399 1203 189 89 206 
0 405 2792 3441 1230 286 405 359 0 296 2468 3581 1543 279 413 338 112 3622 3169 743 266 228 303 475 
0 492 2677 3331 2204 980 1240 362 0 469 2310 3257 2640 1000 1258 352 417 3168 3209 1122 923 815 1023 609 
0 1743 2833 5412 1444 538 36 0 5 1616 2410 4907 2358 671 39 0 1667 5438 4099 617 70 62 53 0 
0 144 2397 2453 2114 134 75 0 0 155 2002 2451 2484 143 82 0 852 2540 3112 459 160 102 90 2 
0 928 2115 2230 2610 3483 1170 0 0 848 1880 1959 2498 3953 1396 2 1898 3316 3076 3193 988 46 18 1 
0 702 1528 1680 2160 3177 1243 0 0 719 1367 1440 1943 3354 1667 0 1309 3032 2967 2705 476 1 0 0 
0 471 3499 490 395 327 296 447 0 338 3521 584 394 331 303 454 606 3293 473 307 264 202 248 532 
5 744 2447 3553 4749 1403 0 0 1 673 2162 3074 4593 2398 0 0 1823 4836 4037 2055 123 27 0 0 
0 214 2322 2087 1555 1522 2137 441 0 111 2020 1978 1640 1755 2516 258 2436 2723 1798 1209 1620 490 2 0 
448 2620 3577 2741 2907 431 110 24 376 2519 3245 2623 2921 1014 133 27 4120 5602 2814 136 100 33 24 29 
5 397 1946 1976 1318 1658 742 0 0 390 1671 1910 1478 1752 841 0 925 2994 1817 1345 951 10 0 0 
