0 0.28514588859416445 0.3738888888888889 0.1962864721485411 0.16777777777777778
0 0.46485411140583555 0.38722222222222225 0.1896551724137931 0.19
0 0.6690981432360743 0.3572222222222222 0.21087533156498675 0.16333333333333333
0 0.7897877984084881 0.5172222222222222 0.21087533156498675 0.21
0 0.8461538461538461 0.3283333333333333 0.1724137931034483 0.1388888888888889
0 0.9370026525198939 0.6505555555555556 0.09416445623342175 0.08555555555555555
0 0.07360742705570292 0.7461111111111111 0.14721485411140584 0.16555555555555557
0 0.1942970822281167 0.8711111111111111 0.1286472148541114 0.14666666666666667
0 0.5915119363395226 0.8072222222222222 0.15649867374005305 0.16111111111111112
0 0.6883289124668435 0.7688888888888888 0.14323607427055704 0.14222222222222222
