0 0.7148541114058355 0.3738888888888889 0.1962864721485411 0.16777777777777778
0 0.5351458885941645 0.38722222222222225 0.1896551724137931 0.19
0 0.33090185676392575 0.3572222222222222 0.21087533156498675 0.16333333333333333
0 0.21021220159151194 0.5172222222222222 0.21087533156498675 0.21
0 0.15384615384615385 0.3283333333333333 0.1724137931034483 0.1388888888888889
0 0.0629973474801061 0.6505555555555556 0.09416445623342175 0.08555555555555555
0 0.9263925729442971 0.7461111111111111 0.14721485411140584 0.16555555555555557
0 0.8057029177718833 0.8711111111111111 0.1286472148541114 0.14666666666666667
0 0.40848806366047746 0.8072222222222222 0.15649867374005305 0.16111111111111112
0 0.3116710875331565 0.7688888888888888 0.14323607427055704 0.14222222222222222
