0 0.28514588859416445 0.6261111111111111 0.1962864721485411 0.16777777777777778
0 0.46485411140583555 0.6127777777777778 0.1896551724137931 0.19
0 0.6690981432360743 0.6427777777777778 0.21087533156498675 0.16333333333333333
0 0.7897877984084881 0.48277777777777775 0.21087533156498675 0.21
0 0.8461538461538461 0.6716666666666666 0.1724137931034483 0.1388888888888889
0 0.9370026525198939 0.34944444444444445 0.09416445623342175 0.08555555555555555
0 0.07360742705570292 0.2538888888888889 0.14721485411140584 0.16555555555555557
0 0.1942970822281167 0.1288888888888889 0.1286472148541114 0.14666666666666667
0 0.5915119363395226 0.19277777777777777 0.15649867374005305 0.16111111111111112
0 0.6883289124668435 0.2311111111111111 0.14323607427055704 0.14222222222222222
