0 0.23866562942562458 0.500254638196673 0.1962864721485411 0.16777777777777778
0 0.4022550753311835 0.443275842351137 0.1896551724137931 0.19
0 0.5612310861837082 0.3507017956916018 0.21087533156498675 0.16333333333333333
0 0.7612421097173738 0.4054834648835654 0.21087533156498675 0.21
0 0.6973244434850643 0.2686752888015944 0.1724137931034483 0.1388888888888889
0 0.9683095100092475 0.4342152854881169 0.09416445623342175 0.08555555555555555
0 0.2776164889698978 0.8062924562184463 0.14721485411140584 0.16555555555555557
0 0.4567389183391073 0.8395132362779546 0.1286472148541114 0.14666666666666667
0 0.7626070992853132 0.6560590530175936 0.15649867374005305 0.16111111111111112
0 0.8235750760442843 0.5973226044968212 0.14323607427055704 0.14222222222222222
