0 0.429 0.692 0.142 0.18933333333333333
0 0.564 0.792 0.132 0.24
0 0.742 0.764 0.14 0.23733333333333334
0 0.634 0.5213333333333333 0.14 0.216
0 0.382 0.4226666666666667 0.136 0.16266666666666665
0 0.938 0.6386666666666667 0.12 0.216
0 0.826 0.48933333333333334 0.136 0.19466666666666665
0 0.726 0.284 0.12 0.11466666666666667
0 0.285 0.15333333333333332 0.09 0.12533333333333332
0 0.576 0.10133333333333333 0.072 0.15466666666666667
0 0.798 0.06266666666666666 0.072 0.12533333333333332
0 0.699 0.068 0.07 0.136
0 0.882 0.056 0.1 0.112
