0 0.571 0.308 0.142 0.18933333333333333
0 0.436 0.208 0.132 0.24
0 0.258 0.236 0.14 0.23733333333333334
0 0.366 0.4786666666666667 0.14 0.216
0 0.618 0.5773333333333334 0.136 0.16266666666666665
0 0.062 0.36133333333333334 0.12 0.216
0 0.174 0.5106666666666667 0.136 0.19466666666666665
0 0.274 0.716 0.12 0.11466666666666667
0 0.715 0.8466666666666667 0.09 0.12533333333333332
0 0.424 0.8986666666666666 0.072 0.15466666666666667
0 0.202 0.9373333333333334 0.072 0.12533333333333332
0 0.301 0.932 0.07 0.136
0 0.118 0.944 0.1 0.112
