0 0.6334878036686952 0.5772850084141489 0.142 0.18933333333333333
0 0.5540743741577959 0.7168298351331922 0.132 0.24
0 0.3894218522841658 0.8023494717429812 0.14 0.23733333333333334
0 0.3919525958928852 0.5905068113521446 0.14 0.216
0 0.5731909976465638 0.3842333703429609 0.136 0.16266666666666665
0 0.17268087314241587 0.8383016072298315 0.12 0.216
0 0.21367571836627297 0.6816452501154506 0.136 0.19466666666666665
0 0.22327825874471688 0.49741967361941664 0.12 0.11466666666666667
0 0.5561954618136543 0.1623142188122917 0.09 0.12533333333333332
0 0.28468206931238266 0.2982898261496819 0.072 0.15466666666666667
0 0.07792442967223724 0.4026419369634473 0.072 0.12533333333333332
0 0.16566094464689674 0.348769729133858 0.07 0.136
0 0.00267829575434439 0.4470325235501462 0.1 0.112
