0 0.47189780492608224 0.7721266678647216 0.121 0.162
0 0.34976769641197386 0.7461561690414397 0.117 0.149
0 0.5515599457429458 0.6257744727908039 0.121 0.16
0 0.16927860404924303 0.5882844370385634 0.123 0.148
0 0.2846407633709203 0.6029164785937254 0.135 0.127
0 0.4563650820142749 0.5594895640574856 0.127 0.153
0 0.1774897829717832 0.35165102666117154 0.116 0.135
0 0.3461006535994247 0.38988818598284886 0.12 0.126
0 0.3248551177665153 0.21821260640267923 0.096 0.105
0 0.37891248612138967 0.2630640307393504 0.095 0.113
