0 0.10666666666666667 0.23333333333333334 0.08666666666666667 0.12666666666666668
0 0.32 0.32 0.10666666666666667 0.12666666666666668
0 0.5416666666666666 0.155 0.10333333333333333 0.09666666666666666
0 0.6583333333333333 0.09 0.09 0.08666666666666667
0 0.43166666666666664 0.33 0.09 0.12
0 0.515 0.3566666666666667 0.08333333333333333 0.10666666666666667
0 0.58 0.425 0.08666666666666667 0.10333333333333333
0 0.66 0.3566666666666667 0.10666666666666667 0.10666666666666667
0 0.22 0.5933333333333334 0.08 0.10666666666666667
0 0.44333333333333336 0.6716666666666666 0.07333333333333333 0.07666666666666666
0 0.49666666666666665 0.63 0.08 0.1
0 0.6966666666666667 0.44166666666666665 0.08666666666666667 0.10333333333333333
