0 0.8933333333333333 0.23333333333333334 0.08666666666666667 0.12666666666666668
0 0.68 0.32 0.10666666666666667 0.12666666666666668
0 0.4583333333333333 0.155 0.10333333333333333 0.09666666666666666
0 0.3416666666666667 0.09 0.09 0.08666666666666667
0 0.5683333333333334 0.33 0.09 0.12
0 0.485 0.3566666666666667 0.08333333333333333 0.10666666666666667
0 0.42 0.425 0.08666666666666667 0.10333333333333333
0 0.34 0.3566666666666667 0.10666666666666667 0.10666666666666667
0 0.78 0.5933333333333334 0.08 0.10666666666666667
0 0.5566666666666666 0.6716666666666666 0.07333333333333333 0.07666666666666666
0 0.5033333333333333 0.63 0.08 0.1
0 0.30333333333333334 0.44166666666666665 0.08666666666666667 0.10333333333333333
