0 0.10666666666666667 0.7666666666666667 0.08666666666666667 0.12666666666666668
0 0.32 0.68 0.10666666666666667 0.12666666666666668
0 0.5416666666666666 0.845 0.10333333333333333 0.09666666666666666
0 0.6583333333333333 0.91 0.09 0.08666666666666667
0 0.43166666666666664 0.67 0.09 0.12
0 0.515 0.6433333333333333 0.08333333333333333 0.10666666666666667
0 0.58 0.575 0.08666666666666667 0.10333333333333333
0 0.66 0.6433333333333333 0.10666666666666667 0.10666666666666667
0 0.22 0.4066666666666667 0.08 0.10666666666666667
0 0.44333333333333336 0.3283333333333333 0.07333333333333333 0.07666666666666666
0 0.49666666666666665 0.37 0.08 0.1
0 0.6966666666666667 0.5583333333333333 0.08666666666666667 0.10333333333333333
