0 0.026030007844787425 0.506044888401756 0.08666666666666667 0.12666666666666668
0 0.25411542731880105 0.4670577136594005 0.10666666666666667 0.12666666666666668
0 0.36358439182435165 0.26942903978219285 0.10333333333333333 0.09666666666666666
0 0.43212068893253613 0.17886923998211207 0.09 0.08666666666666667
0 0.35582159740806335 0.42486488265261374 0.09 0.12
0 0.44132371439009993 0.40520783492918044 0.08333333333333333 0.10666666666666667
0 0.5317820323027551 0.41915707856478956 0.08666666666666667 0.10333333333333333
0 0.5668973979388435 0.3424209931548087 0.10666666666666667 0.10666666666666667
0 0.3041795536070238 0.6787392608830356 0.08 0.10666666666666667
0 0.536758560452215 0.6302884140902211 0.07333333333333333 0.07666666666666666
0 0.5621132486540519 0.5815266781649511 0.08 0.1
0 0.641151662744273 0.37890602007377133 0.08666666666666667 0.10333333333333333
