0 0.5564102564102564 0.13333333333333333 0.23076923076923078 0.19487179487179487
0 0.8346153846153846 0.16666666666666666 0.2641025641025641 0.20512820512820512
0 0.6205128205128205 0.28717948717948716 0.22564102564102564 0.24615384615384617
0 0.791025641025641 0.37948717948717947 0.20256410256410257 0.24615384615384617
0 0.7897435897435897 0.5833333333333334 0.23076923076923078 0.18205128205128204
0 0.6666666666666666 0.7615384615384615 0.21025641025641026 0.2564102564102564
0 0.55 0.6141025641025641 0.2076923076923077 0.23333333333333334
0 0.4012820512820513 0.5 0.2128205128205128 0.2564102564102564
0 0.26153846153846155 0.3474358974358974 0.28205128205128205 0.18205128205128204
0 0.1935897435897436 0.23333333333333334 0.2128205128205128 0.23076923076923078
0 0.4205128205128205 0.9012820512820513 0.18974358974358974 0.19743589743589743
0 0.21794871794871795 0.9243589743589744 0.2205128205128205 0.15128205128205127
