0 0.5564102564102564 0.8666666666666667 0.23076923076923078 0.19487179487179487
0 0.8346153846153846 0.8333333333333334 0.2641025641025641 0.20512820512820512
0 0.6205128205128205 0.7128205128205128 0.22564102564102564 0.24615384615384617
0 0.791025641025641 0.6205128205128205 0.20256410256410257 0.24615384615384617
0 0.7897435897435897 0.4166666666666667 0.23076923076923078 0.18205128205128204
0 0.6666666666666666 0.23846153846153847 0.21025641025641026 0.2564102564102564
0 0.55 0.3858974358974359 0.2076923076923077 0.23333333333333334
0 0.4012820512820513 0.5 0.2128205128205128 0.2564102564102564
0 0.26153846153846155 0.6525641025641026 0.28205128205128205 0.18205128205128204
0 0.1935897435897436 0.7666666666666667 0.2128205128205128 0.23076923076923078
0 0.4205128205128205 0.09871794871794871 0.18974358974358974 0.19743589743589743
0 0.21794871794871795 0.07564102564102564 0.2205128205128205 0.15128205128205127
