0 0.3655193817519427 0.24969766106973446 0.23076923076923078 0.19487179487179487
0 0.6231187569073571 0.14976548695150851 0.2641025641025641 0.20512820512820512
0 0.4979569076355606 0.3167135756332238 0.22564102564102564 0.24615384615384617
0 0.6917791880244456 0.2997432419419602 0.20256410256410257 0.24615384615384617
0 0.7925919759683118 0.4258727956645474 0.23076923076923078 0.18205128205128204
0 0.7751067980666373 0.5889455527256885 0.21025641025641026 0.2564102564102564
0 0.600352552240504 0.5486394430295108 0.2076923076923077 0.23333333333333334
0 0.41450774860076695 0.5427461256996166 0.2128205128205128 0.2564102564102564
0 0.2172041985847364 0.5092735121815444 0.28205128205128205 0.18205128205128204
0 0.10130760063528095 0.4684060920065092 0.2128205128205128 0.23076923076923078
0 0.6318031089299548 0.7816188960280089 0.18974358974358974 0.19743589743589743
0 0.467915911753107 0.8835476962422276 0.2205128205128205 0.15128205128205127
