0 0.847764705882353 0.47558386411889597 0.09835294117647059 0.21089879688605803
0 0.7075294117647059 0.19992922859164897 0.10776470588235294 0.21302193913658882
0 0.6136470588235294 0.12349610757254069 0.11670588235294117 0.17197452229299362
0 0.47341176470588237 0.5254777070063694 0.11388235294117648 0.16631280962491155
0 0.3423529411764706 0.3060863411181883 0.10588235294117647 0.17197452229299362
0 0.4223529411764706 0.28202406227883936 0.09929411764705882 0.16772823779193205
0 0.44 0.6528662420382165 0.10447058823529412 0.16206652512384997
0 0.2348235294117647 0.5247699929228592 0.12423529411764705 0.14225053078556263
0 0.464 0.7975937721160651 0.11294117647058824 0.14154281670205238
0 0.3790588235294118 0.8835810332625619 0.1068235294117647 0.17905166312809626
0 0.3367058823529412 0.8266100495399858 0.09929411764705882 0.19249823071479122
