0 0.15223529411764705 0.524416135881104 0.09835294117647059 0.21089879688605803
0 0.2924705882352941 0.800070771408351 0.10776470588235294 0.21302193913658882
0 0.38635294117647057 0.8765038924274593 0.11670588235294117 0.17197452229299362
0 0.5265882352941177 0.4745222929936306 0.11388235294117648 0.16631280962491155
0 0.6576470588235294 0.6939136588818118 0.10588235294117647 0.17197452229299362
0 0.5776470588235294 0.7179759377211606 0.09929411764705882 0.16772823779193205
0 0.56 0.3471337579617834 0.10447058823529412 0.16206652512384997
0 0.7651764705882353 0.47523000707714086 0.12423529411764705 0.14225053078556263
0 0.536 0.2024062278839349 0.11294117647058824 0.14154281670205238
0 0.6209411764705882 0.11641896673743808 0.1068235294117647 0.17905166312809626
0 0.6632941176470588 0.17338995046001415 0.09929411764705882 0.19249823071479122
