0 0.1907092831074352 0.7114249895738053 0.09835294117647059 0.21089879688605803
0 0.22050955149697063 0.45029287355263026 0.10776470588235294 0.21302193913658882
0 0.27640228940520384 0.3420715164144724 0.11670588235294117 0.17197452229299362
0 0.531496675441798 0.49838053565416096 0.11388235294117648 0.16631280962491155
0 0.5720557695377821 0.2778837821862494 0.10588235294117647 0.17197452229299362
0 0.494773737235027 0.3151571690178179 0.09929411764705882 0.16772823779193205
0 0.6027850536388311 0.5550972170744379 0.10447058823529412 0.16206652512384997
0 0.7378848541329558 0.34257482775384984 0.12423529411764705 0.14225053078556263
0 0.630118091006828 0.6598819607902348 0.11294117647058824 0.14154281670205238
0 0.7322675429518121 0.6575382197203578 0.1068235294117647 0.17905166312809626
0 0.7500050894650354 0.5948622195965452 0.09929411764705882 0.19249823071479122
