0 0.8494623655913979 0.07625 0.11182795698924732 0.1525
0 0.6967741935483871 0.06125 0.12903225806451613 0.1225
0 0.9290322580645162 0.77375 0.11612903225806452 0.1675
0 0.7763440860215054 0.9 0.09462365591397849 0.165
0 0.6881720430107527 0.61875 0.11182795698924732 0.1825
0 0.6645161290322581 0.7525 0.0989247311827957 0.185
0 0.4311827956989247 0.92 0.1010752688172043 0.16
0 0.5473118279569893 0.6675 0.11397849462365592 0.2
0 0.4236559139784946 0.61375 0.1032258064516129 0.1725
0 0.33225806451612905 0.405 0.1053763440860215 0.205
0 0.23548387096774193 0.4525 0.1053763440860215 0.2
0 0.13440860215053763 0.2775 0.11397849462365592 0.175
