0 0.15053763440860216 0.07625 0.11182795698924732 0.1525
0 0.3032258064516129 0.06125 0.12903225806451613 0.1225
0 0.07096774193548387 0.77375 0.11612903225806452 0.1675
0 0.22365591397849463 0.9 0.09462365591397849 0.165
0 0.3118279569892473 0.61875 0.11182795698924732 0.1825
0 0.33548387096774196 0.7525 0.0989247311827957 0.185
0 0.5688172043010753 0.92 0.1010752688172043 0.16
0 0.45268817204301076 0.6675 0.11397849462365592 0.2
0 0.5763440860215053 0.61375 0.1032258064516129 0.1725
0 0.667741935483871 0.405 0.1053763440860215 0.205
0 0.7645161290322581 0.4525 0.1053763440860215 0.2
0 0.8655913978494624 0.2775 0.11397849462365592 0.175
