0 0.8494623655913979 0.92375 0.11182795698924732 0.1525
0 0.6967741935483871 0.93875 0.12903225806451613 0.1225
0 0.9290322580645162 0.22625 0.11612903225806452 0.1675
0 0.7763440860215054 0.1 0.09462365591397849 0.165
0 0.6881720430107527 0.38125 0.11182795698924732 0.1825
0 0.6645161290322581 0.2475 0.0989247311827957 0.185
0 0.4311827956989247 0.08 0.1010752688172043 0.16
0 0.5473118279569893 0.3325 0.11397849462365592 0.2
0 0.4236559139784946 0.38625 0.1032258064516129 0.1725
0 0.33225806451612905 0.595 0.1053763440860215 0.205
0 0.23548387096774193 0.5475 0.1053763440860215 0.2
0 0.13440860215053763 0.7225 0.11397849462365592 0.175
