0 0.6203852217526266 0.06304782500262995 0.11182795698924732 0.1525
0 0.48170177300274447 0.13066719853173234 0.12903225806451613 0.1225
0 0.9892947700107431 0.4526718692172457 0.11612903225806452 0.1675
0 0.9113640094329041 0.6073048310309 0.09462365591397849 0.165
0 0.7140370383465341 0.47843148816047915 0.11182795698924732 0.1825
0 0.7510772976118485 0.5727327352186838 0.0989247311827957 0.185
0 0.6210477141481676 0.7933716857408419 0.1010752688172043 0.16
0 0.6130162556629196 0.5793685565298214 0.11397849462365592 0.2
0 0.48280881325946756 0.6085027669734144 0.1032258064516129 0.1725
0 0.31387100753723396 0.525915063509461 0.1053763440860215 0.205
0 0.2504922050204603 0.6038901991520966 0.1053763440860215 0.2
0 0.08768963732611916 0.5469647459621556 0.11397849462365592 0.175
