0 0.4354166666666667 0.8287037037037037 0.1037037037037037 0.20555555555555555
0 0.33761574074074074 0.7516975308641975 0.13680555555555557 0.1935185185185185
0 0.3853009259259259 0.4952160493827161 0.10300925925925926 0.1824074074074074
0 0.9604166666666667 0.6285493827160494 0.07592592592592592 0.16080246913580246
0 0.6517361111111111 0.5094135802469136 0.08958333333333333 0.15030864197530863
0 0.6988425925925926 0.5580246913580247 0.08935185185185185 0.16913580246913582
0 0.5327546296296296 0.5032407407407408 0.08541666666666667 0.1287037037037037
0 0.6032407407407407 0.4645061728395062 0.08101851851851852 0.15
0 0.7967592592592593 0.2598765432098765 0.09583333333333334 0.145679012345679
0 0.6903935185185185 0.1824074074074074 0.13680555555555557 0.13580246913580246
0 0.5770833333333333 0.16805555555555557 0.10648148148148148 0.11820987654320987
0 0.7112268518518519 0.1037037037037037 0.1025462962962963 0.14629629629629629
0 0.28530092592592593 0.6410493827160494 0.09745370370370371 0.17777777777777778
0 0.47685185185185186 0.2924382716049383 0.05138888888888889 0.10401234567901235
