0 0.5673330815611439 0.739777036684678 0.1037037037037037 0.20555555555555555
0 0.4537576803808371 0.7488046688776547 0.13680555555555557 0.1935185185185185
0 0.3988737065798173 0.5632745061817703 0.10300925925925926 0.1824074074074074
0 0.9469385481776038 0.31336799895450446 0.07592592592592592 0.16080246913580246
0 0.634937419486273 0.4181941199768752 0.08958333333333333 0.15030864197530863
0 0.6939619957988039 0.42094285956359817 0.08935185185185185 0.16913580246913582
0 0.5295816191285875 0.4830854843895024 0.08541666666666667 0.1287037037037037
0 0.5760989190018193 0.4185288313335987 0.08101851851851852 0.15
0 0.6669547610304747 0.1807438123549017 0.09583333333333334 0.145679012345679
0 0.5457884015307178 0.1944311457405747 0.13680555555555557 0.13580246913580246
0 0.44227695820838386 0.25100970632707625 0.10648148148148148 0.11820987654320987
0 0.5343167085540047 0.13391953427905262 0.1025462962962963 0.14629629629629629
0 0.36695866620137346 0.7108465711526303 0.09745370370370371 0.17777777777777778
0 0.4021174675049899 0.38550129201981076 0.05138888888888889 0.10401234567901235
