0 0.927 0.24358974358974358 0.146 0.2094017094017094
0 0.793 0.2841880341880342 0.174 0.23504273504273504
0 0.557 0.15598290598290598 0.158 0.23931623931623933
0 0.541 0.358974358974359 0.154 0.21794871794871795
0 0.426 0.2553418803418803 0.148 0.1987179487179487
0 0.653 0.37072649572649574 0.11 0.20726495726495728
0 0.723 0.5405982905982906 0.126 0.26495726495726496
0 0.583 0.5715811965811965 0.186 0.22435897435897437
0 0.421 0.4391025641025641 0.158 0.22008547008547008
0 0.622 0.8621794871794872 0.16 0.27564102564102566
0 0.489 0.8301282051282052 0.182 0.28846153846153844
0 0.396 0.75 0.188 0.2606837606837607
0 0.174 0.7136752136752137 0.152 0.2094017094017094
0 0.127 0.8931623931623932 0.166 0.21367521367521367
