0 0.927 0.7564102564102564 0.146 0.2094017094017094
0 0.793 0.7158119658119658 0.174 0.23504273504273504
0 0.557 0.844017094017094 0.158 0.23931623931623933
0 0.541 0.6410256410256411 0.154 0.21794871794871795
0 0.426 0.7446581196581197 0.148 0.1987179487179487
0 0.653 0.6292735042735043 0.11 0.20726495726495728
0 0.723 0.4594017094017094 0.126 0.26495726495726496
0 0.583 0.4284188034188034 0.186 0.22435897435897437
0 0.421 0.5608974358974359 0.158 0.22008547008547008
0 0.622 0.13782051282051283 0.16 0.27564102564102566
0 0.489 0.16987179487179488 0.182 0.28846153846153844
0 0.396 0.25 0.188 0.2606837606837607
0 0.174 0.2863247863247863 0.152 0.2094017094017094
0 0.127 0.10683760683760683 0.166 0.21367521367521367
