0 0.7497928474159553 0.1445058540424755 0.146 0.2094017094017094
0 0.6527454433088405 0.2315065670738495 0.174 0.23504273504273504
0 0.38836344801571304 0.26170736749311346 0.158 0.23931623931623933
0 0.469507041555162 0.39415718581503534 0.154 0.21794871794871795
0 0.3214141201199516 0.3835182932407989 0.148 0.1987179487179487
0 0.5720018867790191 0.34958331490659544 0.11 0.20726495726495728
0 0.7121236650439298 0.42184522737376473 0.126 0.26495726495726496
0 0.6053801085141084 0.5056983416629308 0.186 0.22435897435897437
0 0.4030839931010294 0.49903264469420117 0.158 0.22008547008547008
0 0.7751550992617015 0.6666720750556346 0.16 0.27564102564102566
0 0.6449737205583712 0.7084561853527842 0.182 0.28846153846153844
0 0.5269333580064183 0.7021188733785785 0.188 0.2606837606837607
0 0.31767571836627295 0.7824436127924693 0.152 0.2094017094017094
0 0.36097252438840427 0.9147554341864009 0.166 0.21367521367521367
