0 0.467 0.7632275132275133 0.094 0.15079365079365079
0 0.395 0.6851851851851852 0.094 0.17989417989417988
0 0.379 0.38756613756613756 0.098 0.15079365079365079
0 0.471 0.4748677248677249 0.13 0.1349206349206349
0 0.583 0.5436507936507936 0.142 0.15608465608465608
0 0.689 0.5357142857142857 0.09 0.16137566137566137
0 0.827 0.3968253968253968 0.106 0.1693121693121693
0 0.669 0.2698412698412698 0.098 0.19047619047619047
0 0.853 0.3002645502645503 0.098 0.1455026455026455
0 0.451 0.2156084656084656 0.086 0.1402116402116402
