0 0.467 0.23677248677248677 0.094 0.15079365079365079
0 0.395 0.3148148148148148 0.094 0.17989417989417988
0 0.379 0.6124338624338624 0.098 0.15079365079365079
0 0.471 0.5251322751322751 0.13 0.1349206349206349
0 0.583 0.45634920634920634 0.142 0.15608465608465608
0 0.689 0.4642857142857143 0.09 0.16137566137566137
0 0.827 0.6031746031746031 0.106 0.1693121693121693
0 0.669 0.7301587301587301 0.098 0.19047619047619047
0 0.853 0.6997354497354498 0.098 0.1455026455026455
0 0.451 0.7843915343915344 0.086 0.1402116402116402
