0 0.5709211616751134 0.6810561832216223 0.094 0.15079365079365079
0 0.47906733260263396 0.6742194315191858 0.094 0.17989417989417988
0 0.35271092614208294 0.5000428275228588 0.098 0.15079365079365079
0 0.46538526329025126 0.5011281556653042 0.13 0.1349206349206349
0 0.5883801085141084 0.4793502434759686 0.142 0.15608465608465608
0 0.6771788013152589 0.4137477318049609 0.09 0.16137566137566137
0 0.7441903070375115 0.24914664680695514 0.106 0.1693121693121693
0 0.5593582932395701 0.2614185623303209 0.098 0.19047619047619047
0 0.7302069675359069 0.1747707410854449 0.098 0.1455026455026455
0 0.35006475521456254 0.3528732282791857 0.086 0.1402116402116402
