0 0.4381067961165049 0.05545454545454546 0.09951456310679611 0.1
0 0.5521844660194175 0.17 0.10436893203883495 0.08545454545454545
0 0.5898058252427184 0.44363636363636366 0.0970873786407767 0.09818181818181818
0 0.5776699029126213 0.5509090909090909 0.0970873786407767 0.10909090909090909
0 0.4065533980582524 0.7318181818181818 0.08495145631067962 0.07090909090909091
0 0.308252427184466 0.7281818181818182 0.08737864077669903 0.07818181818181819
0 0.2609223300970874 0.6590909090909091 0.10922330097087378 0.10363636363636364
0 0.25849514563106796 0.5390909090909091 0.09466019417475728 0.10363636363636364
0 0.34951456310679613 0.4590909090909091 0.06796116504854369 0.08181818181818182
0 0.2633495145631068 0.4263636363636364 0.08980582524271845 0.09636363636363636
0 0.2912621359223301 0.3481818181818182 0.10194174757281553 0.08181818181818182
0 0.20509708737864077 0.35363636363636364 0.08980582524271845 0.07818181818181819
0 0.1407766990291262 0.2990909090909091 0.0970873786407767 0.09636363636363636
0 0.2366504854368932 0.24636363636363637 0.08980582524271845 0.09636363636363636
0 0.529126213592233 0.05454545454545454 0.07281553398058252 0.06181818181818182
