0 0.5618932038834952 0.9445454545454546 0.09951456310679611 0.1
0 0.44781553398058255 0.83 0.10436893203883495 0.08545454545454545
0 0.41019417475728154 0.5563636363636364 0.0970873786407767 0.09818181818181818
0 0.4223300970873786 0.4490909090909091 0.0970873786407767 0.10909090909090909
0 0.5934466019417476 0.2681818181818182 0.08495145631067962 0.07090909090909091
0 0.691747572815534 0.2718181818181818 0.08737864077669903 0.07818181818181819
0 0.7390776699029126 0.3409090909090909 0.10922330097087378 0.10363636363636364
0 0.741504854368932 0.46090909090909093 0.09466019417475728 0.10363636363636364
0 0.6504854368932039 0.5409090909090909 0.06796116504854369 0.08181818181818182
0 0.7366504854368932 0.5736363636363636 0.08980582524271845 0.09636363636363636
0 0.7087378640776699 0.6518181818181819 0.10194174757281553 0.08181818181818182
0 0.7949029126213593 0.6463636363636364 0.08980582524271845 0.07818181818181819
0 0.8592233009708737 0.7009090909090909 0.0970873786407767 0.09636363636363636
0 0.7633495145631068 0.7536363636363637 0.08980582524271845 0.09636363636363636
0 0.470873786407767 0.9454545454545454 0.07281553398058252 0.06181818181818182
