0 0.7431222140861572 0.7939273365882671 0.09951456310679611 0.1
0 0.7654600635470035 0.6863615230839871 0.10436893203883495 0.08545454545454545
0 0.6153954852913209 0.5055914864496464 0.0970873786407767 0.09818181818181818
0 0.5332835265075292 0.4434452404245176 0.0970873786407767 0.10909090909090909
0 0.2643398591123765 0.38750500007333544 0.08495145631067962 0.07090909090909091
0 0.18163590558502266 0.4216305732264332 0.08737864077669903 0.07818181818181819
0 0.18676334399813782 0.4795445969186277 0.10922330097087378 0.10363636363636364
0 0.2647584279695348 0.5542549411943826 0.09466019417475728 0.10363636363636364
0 0.3969816139936038 0.5740133801863045 0.06796116504854369 0.08181818181818182
0 0.34420515323062434 0.6221232132504748 0.08980582524271845 0.09636363636363636
0 0.4205626584333453 0.6612312974158755 0.10194174757281553 0.08181818181818182
0 0.34230076077716187 0.6858201605173672 0.08980582524271845 0.07818181818181819
0 0.3230054374754929 0.7402848854513253 0.0970873786407767 0.09636363636363636
0 0.44122874681890384 0.7416680399695181 0.08980582524271845 0.09636363636363636
0 0.822554137974304 0.7649637663717834 0.07281553398058252 0.06181818181818182
