0 0.24462890625 0.806640625 0.1181640625 0.12109375
0 0.35546875 0.8229166666666666 0.103515625 0.15364583333333334
0 0.6552734375 0.6673177083333334 0.091796875 0.15755208333333334
0 0.890625 0.578125 0.09375 0.140625
0 0.83056640625 0.21809895833333334 0.0986328125 0.11067708333333333
0 0.46630859375 0.8600260416666666 0.0947265625 0.12369791666666667
0 0.12744140625 0.4485677083333333 0.0986328125 0.15234375
0 0.1015625 0.3424479166666667 0.119140625 0.11979166666666667
0 0.2177734375 0.3619791666666667 0.1328125 0.11979166666666667
0 0.2841796875 0.4036458333333333 0.0703125 0.1796875
0 0.73291015625 0.7337239583333334 0.0537109375 0.10026041666666667
0 0.5185546875 0.412109375 0.099609375 0.16015625
0 0.35888671875 0.08528645833333333 0.0810546875 0.13671875
