0 0.39383237979528246 0.8363369845521493 0.1181640625 0.12109375
0 0.4959260158592803 0.7823700260658715 0.103515625 0.15364583333333334
0 0.6972148820329354 0.5134247978977051 0.091796875 0.15755208333333334
0 0.8675880483532964 0.32259953576846173 0.09375 0.140625
0 0.680566014825227 0.1354891933465531 0.0986328125 0.11067708333333333
0 0.6058321519232781 0.741236930158436 0.0947265625 0.12369791666666667
0 0.1580676840392936 0.6834132061489534 0.0986328125 0.15234375
0 0.09586097192963772 0.6329819121277452 0.119140625 0.11979166666666667
0 0.2038268147522434 0.5779192422470063 0.1328125 0.11979166666666667
0 0.27696131422230374 0.5652473010913177 0.0703125 0.1796875
0 0.7893525964869029 0.5095091543984537 0.0537109375 0.10026041666666667
0 0.48310984635928156 0.4351445884226539 0.099609375 0.16015625
0 0.2222747355011217 0.3259977139558359 0.0810546875 0.13671875
