0 0.26477786144578314 0.6380522088353414 0.022778614457831324 0.04852744310575636
0 0.27004894578313254 0.5893574297188755 0.021649096385542167 0.03547523427041499
0 0.31617093373493976 0.6412315930388219 0.01901355421686747 0.029451137884872823
0 0.30336972891566266 0.6559571619812584 0.017884036144578314 0.03346720214190094
0 0.08367846385542169 0.02744310575635877 0.016001506024096387 0.0214190093708166
0 0.09318524096385543 0.016231593038821955 0.015060240963855422 0.025100401606425703
0 0.09017319277108433 0.03781793842034806 0.011295180722891566 0.015394912985274432
0 0.09525602409638555 0.053714859437751006 0.009036144578313253 0.020414993306559572
0 0.05289909638554217 0.2461512717536814 0.01355421686746988 0.029785809906291833
0 0.19747740963855423 0.13403614457831325 0.01581325301204819 0.025769745649263723
0 0.13864834337349397 0.3768406961178046 0.012612951807228916 0.020080321285140562
0 0.14391942771084337 0.34421017402945114 0.012612951807228916 0.02643908969210174
0 0.09299698795180723 0.21586345381526104 0.009036144578313253 0.018072289156626505
