0 0.14208984375 0.050130208333333336 0.0615234375 0.07682291666666667
0 0.02294921875 0.035807291666666664 0.0458984375 0.07161458333333333
0 0.02294921875 0.525390625 0.0458984375 0.10807291666666667
0 0.20068359375 0.4348958333333333 0.0732421875 0.109375
0 0.2802734375 0.3658854166666667 0.06640625 0.08854166666666667
0 0.29931640625 0.4147135416666667 0.0634765625 0.10807291666666667
0 0.2294921875 0.3567708333333333 0.0625 0.07291666666666667
0 0.22607421875 0.4934895833333333 0.0654296875 0.08072916666666667
0 0.1806640625 0.60546875 0.064453125 0.12239583333333333
0 0.22265625 0.6770833333333334 0.052734375 0.10677083333333333
0 0.416015625 0.5091145833333334 0.07421875 0.11458333333333333
0 0.4375 0.4518229166666667 0.068359375 0.07552083333333333
0 0.5791015625 0.490234375 0.064453125 0.12369791666666667
0 0.4990234375 0.578125 0.0625 0.11197916666666667
0 0.5546875 0.6015625 0.064453125 0.078125
0 0.447265625 0.71484375 0.060546875 0.10677083333333333
0 0.7275390625 0.6178385416666666 0.078125 0.17838541666666666
0 0.47705078125 0.8736979166666666 0.0537109375 0.11197916666666667
0 0.525390625 0.8678385416666666 0.052734375 0.10807291666666667
0 0.568359375 0.9322916666666666 0.05859375 0.11458333333333333
0 0.79345703125 0.6197916666666666 0.0634765625 0.11458333333333333
0 0.9150390625 0.8958333333333334 0.09375 0.13020833333333334
0 0.7021484375 0.95703125 0.0625 0.07552083333333333
