0 0.5203846153846153 0.3539458186101296 0.05 0.07891637220259129
0 0.5173076923076924 0.30859835100117783 0.03307692307692308 0.04240282685512368
0 0.4973076923076923 0.5276796230859835 0.05153846153846154 0.10365135453474676
0 0.5546153846153846 0.5323910482921084 0.06307692307692307 0.10129564193168433
0 0.4576923076923077 0.571849234393404 0.036923076923076927 0.07420494699646643
0 0.49884615384615383 0.47703180212014135 0.040769230769230766 0.04711425206124853
0 0.34115384615384614 0.408716136631331 0.045384615384615384 0.07773851590106007
0 0.8296153846153846 0.05771495877502945 0.040769230769230766 0.05182567726737338
0 0.8084615384615385 0.07008244994110718 0.03076923076923077 0.05535924617196702
0 0.7453846153846154 0.10895170789163722 0.02923076923076923 0.045936395759717315
0 0.6146153846153846 0.1967020023557126 0.04 0.05653710247349823
0 0.41923076923076924 0.1707891637220259 0.05692307692307692 0.08244994110718493
0 0.11192307692307692 0.2703180212014134 0.04846153846153846 0.08362779740871613
0 0.1723076923076923 0.3027090694935218 0.052307692307692305 0.08480565371024736
0 0.20115384615384616 0.35630153121319197 0.04384615384615385 0.07420494699646643
0 0.7561538461538462 0.9687868080094229 0.043076923076923075 0.0624263839811543
0 0.16884615384615384 0.598939929328622 0.03307692307692308 0.048292108362779744
0 0.21269230769230768 0.7726737338044759 0.05 0.09187279151943463
0 0.34423076923076923 0.598939929328622 0.05307692307692308 0.08833922261484099
0 0.4107692307692308 0.7608951707891637 0.03076923076923077 0.06831566548881036
0 0.4096153846153846 0.8568904593639576 0.03307692307692308 0.06007067137809187
0 0.40576923076923077 0.6631330977620731 0.03461538461538462 0.0636042402826855
0 0.5946153846153847 0.925206124852768 0.02923076923076923 0.043580683156654886
0 0.6515384615384615 0.7856301531213192 0.027692307692307693 0.03769140164899882
