0 0.6125 0.0825 0.059 0.049
0 0.673 0.1325 0.05 0.055
0 0.673 0.1635 0.044 0.031
0 0.7275 0.16 0.063 0.06
0 0.5835 0.237 0.053 0.056
0 0.6635 0.233 0.055 0.062
0 0.463 0.284 0.058 0.046
0 0.487 0.3265 0.054 0.059
0 0.434 0.3385 0.054 0.053
0 0.4645 0.385 0.061 0.066
0 0.6485 0.363 0.059 0.042
0 0.904 0.287 0.058 0.05
0 0.954 0.2885 0.056 0.051
0 0.9455 0.2525 0.049 0.043
0 0.3255 0.4805 0.067 0.059
0 0.5645 0.575 0.059 0.064
0 0.366 0.5605 0.056 0.063
0 0.3255 0.605 0.065 0.088
0 0.258 0.579 0.054 0.078
0 0.1705 0.753 0.073 0.058
0 0.6575 0.6245 0.059 0.063
0 0.6055 0.64 0.057 0.062
0 0.6435 0.5005 0.051 0.059
0 0.5155 0.6715 0.077 0.067
0 0.6905 0.65 0.059 0.07
0 0.8195 0.715 0.069 0.074
0 0.607 0.7035 0.068 0.063
0 0.6155 0.7515 0.069 0.057
0 0.671 0.736 0.068 0.064
0 0.6385 0.8195 0.063 0.055
0 0.6575 0.87 0.065 0.056
0 0.6085 0.8755 0.055 0.063
0 0.903 0.886 0.052 0.04
