0 0.4291208791208791 0.2663003663003663 0.07142857142857142 0.07692307692307693
0 0.4928571428571429 0.25934065934065936 0.056043956043956046 0.063003663003663
0 0.5417582417582417 0.27692307692307694 0.07692307692307693 0.0673992673992674
0 0.8412087912087912 0.3813186813186813 0.08901098901098901 0.08864468864468865
0 0.9714285714285714 0.2813186813186813 0.05714285714285714 0.07912087912087912
0 0.9472527472527472 0.36153846153846153 0.08571428571428572 0.08131868131868132
0 0.967032967032967 0.13663003663003662 0.06593406593406594 0.09157509157509157
0 0.9571428571428572 0.4315018315018315 0.08351648351648351 0.07912087912087912
0 0.9532967032967034 0.508058608058608 0.09340659340659341 0.07692307692307693
0 0.43021978021978025 0.4981684981684982 0.1043956043956044 0.08498168498168499
0 0.6203296703296703 0.5446886446886446 0.06263736263736264 0.06373626373626373
0 0.20164835164835165 0.5296703296703297 0.11538461538461539 0.06153846153846154
0 0.48956043956043954 0.5941391941391941 0.07362637362637363 0.063003663003663
0 0.04725274725274725 0.6604395604395604 0.08571428571428572 0.07692307692307693
0 0.3098901098901099 0.76007326007326 0.09010989010989011 0.08717948717948718
0 0.2741758241758242 0.7355311355311356 0.0956043956043956 0.06153846153846154
0 0.5917582417582418 0.5989010989010989 0.10659340659340659 0.04908424908424908
0 0.7675824175824176 0.4703296703296703 0.07142857142857142 0.06886446886446887
