0 0.2700617283950617 0.05092592592592592 0.015432098765432098 0.037037037037037035
0 0.2862654320987654 0.016203703703703703 0.020061728395061727 0.032407407407407406
0 0.3341049382716049 0.02109053497942387 0.020061728395061727 0.026748971193415638
0 0.3549382716049383 0.014917695473251029 0.021604938271604937 0.02263374485596708
0 0.2716049382716049 0.20601851851851852 0.024691358024691357 0.03755144032921811
0 0.27642746913580246 0.2448559670781893 0.019675925925925927 0.021604938271604937
0 0.33449074074074076 0.21141975308641975 0.017746913580246913 0.021604938271604937
0 0.29398148148148145 0.2132201646090535 0.021604938271604937 0.03343621399176955
0 0.26967592592592593 0.2662037037037037 0.02546296296296296 0.02109053497942387
0 0.2926311728395062 0.2788065843621399 0.019675925925925927 0.03189300411522634
0 0.3524305555555556 0.24948559670781892 0.019675925925925927 0.024691358024691357
0 0.3726851851851852 0.25102880658436216 0.017746913580246913 0.0257201646090535
0 0.3908179012345679 0.2456275720164609 0.018518518518518517 0.032407407407407406
0 0.5150462962962963 0.27109053497942387 0.014660493827160493 0.03189300411522634
0 0.5063657407407407 0.30632716049382713 0.01273148148148148 0.028292181069958847
0 0.4050925925925926 0.2816358024691358 0.022376543209876542 0.03446502057613169
0 0.4201388888888889 0.30426954732510286 0.019290123456790122 0.032407407407407406
0 0.42727623456790126 0.3508230452674897 0.018132716049382717 0.024691358024691357
0 0.41570216049382713 0.37319958847736623 0.02199074074074074 0.02726337448559671
0 0.5177469135802469 0.11033950617283951 0.017746913580246913 0.032407407407407406
0 0.5324074074074074 0.09233539094650206 0.010802469135802469 0.02109053497942387
0 0.5441743827160493 0.10673868312757202 0.01273148148148148 0.025205761316872428
0 0.2544367283950617 0.37551440329218105 0.02353395061728395 0.03292181069958848
0 0.26948302469135804 0.39351851851851855 0.018132716049382717 0.02263374485596708
0 0.27835648148148145 0.37705761316872427 0.018132716049382717 0.02880658436213992
0 0.15027006172839505 0.3670267489711934 0.02044753086419753 0.032407407407407406
0 0.3757716049382716 0.4403292181069959 0.020061728395061727 0.026748971193415638
0 0.21604938271604937 0.45987654320987653 0.023148148148148147 0.0411522633744856
0 0.18016975308641975 0.46810699588477367 0.02700617283950617 0.03292181069958848
0 0.09799382716049383 0.4346707818930041 0.020061728395061727 0.03806584362139918
0 0.1597222222222222 0.5200617283950617 0.018518518518518517 0.03806584362139918
0 0.17746913580246915 0.522633744855967 0.013888888888888888 0.037037037037037035
0 0.19444444444444445 0.5313786008230452 0.021604938271604937 0.029835390946502057
0 0.18595679012345678 0.5581275720164609 0.020061728395061727 0.029835390946502057
0 0.22839506172839505 0.5149176954732511 0.026234567901234566 0.044238683127572016
0 0.3663194444444444 0.4755658436213992 0.017361111111111112 0.03343621399176955
0 0.39795524691358025 0.5213477366255144 0.015046296296296295 0.02726337448559671
0 0.3393132716049383 0.47530864197530864 0.015817901234567902 0.02880658436213992
0 0.5368441358024691 0.488940329218107 0.015817901234567902 0.02726337448559671
0 0.5181327160493827 0.3292181069958848 0.019290123456790122 0.01954732510288066
0 0.16782407407407407 0.5637860082304527 0.020061728395061727 0.03292181069958848
0 0.24074074074074073 0.5910493827160493 0.023919753086419752 0.030864197530864196
0 0.35165895061728397 0.5712448559670782 0.024305555555555556 0.03446502057613169
0 0.19521604938271606 0.6280864197530864 0.023148148148148147 0.03292181069958848
0 0.1597222222222222 0.6298868312757202 0.016975308641975308 0.025205761316872428
0 0.17708333333333334 0.6903292181069959 0.020061728395061727 0.026748971193415638
0 0.038580246913580245 0.6712962962962963 0.022376543209876542 0.03292181069958848
0 0.09606481481481481 0.7299382716049383 0.024691358024691357 0.03497942386831276
0 0.09934413580246913 0.7746913580246914 0.02353395061728395 0.033950617283950615
0 0.19521604938271606 0.7337962962962963 0.023148148148148147 0.03137860082304527
0 0.19753086419753085 0.7749485596707819 0.021604938271604937 0.03137860082304527
0 0.2725694444444444 0.8114711934156379 0.03510802469135803 0.030349794238683128
0 0.2309027777777778 0.8297325102880658 0.025848765432098766 0.037037037037037035
0 0.2195216049382716 0.7137345679012346 0.016975308641975308 0.029320987654320986
0 0.3883101851851852 0.6736111111111112 0.02044753086419753 0.038580246913580245
0 0.41087962962962965 0.8176440329218106 0.026234567901234566 0.030349794238683128
0 0.2507716049382716 0.8737139917695473 0.02854938271604938 0.042695473251028807
0 0.27179783950617287 0.8963477366255144 0.02507716049382716 0.03137860082304527
0 0.10435956790123457 0.8184156378600823 0.03587962962962963 0.02880658436213992
