0 0.0575 0.7631987577639752 0.066 0.09627329192546584
0 0.2105 0.6265527950310559 0.056 0.09627329192546584
0 0.3845 0.7437888198757764 0.064 0.10403726708074534
0 0.345 0.8190993788819876 0.053 0.11180124223602485
0 0.3155 0.8936335403726708 0.05 0.09937888198757763
0 0.3565 0.9246894409937888 0.052 0.09316770186335403
0 0.1935 0.9569099378881988 0.05 0.08618012422360248
0 0.217 0.8082298136645962 0.061 0.08074534161490683
0 0.27 0.7833850931677019 0.063 0.07763975155279502
0 0.261 0.8509316770186336 0.053 0.07608695652173914
0 0.35 0.39751552795031053 0.051 0.09472049689440994
0 0.4765 0.5737577639751553 0.06 0.08074534161490683
0 0.5305 0.5597826086956522 0.062 0.08385093167701864
0 0.4825 0.4495341614906832 0.04 0.09627329192546584
0 0.5195 0.47127329192546585 0.046 0.09316770186335403
0 0.562 0.48524844720496896 0.045 0.07763975155279502
0 0.565 0.40139751552795033 0.059 0.09316770186335403
0 0.52 0.4114906832298137 0.053 0.06677018633540373
0 0.3315 0.36801242236024845 0.048 0.08229813664596274
0 0.234 0.37422360248447206 0.053 0.06987577639751552
0 0.2655 0.43711180124223603 0.044 0.07763975155279502
0 0.1835 0.42857142857142855 0.03 0.05745341614906832
0 0.171 0.4083850931677019 0.033 0.06366459627329192
0 0.052 0.20496894409937888 0.045 0.08229813664596274
0 0.36425 0.06599378881987578 0.0395 0.06832298136645963
0 0.4045 0.06444099378881987 0.05 0.07142857142857142
0 0.39125 0.12732919254658384 0.0465 0.07453416149068323
0 0.4665 0.15993788819875776 0.048 0.09472049689440994
0 0.76 0.35248447204968947 0.044 0.06677018633540373
0 0.84325 0.3517080745341615 0.0515 0.06677018633540373
0 0.84175 0.3113354037267081 0.0535 0.049689440993788817
0 0.79625 0.3544254658385093 0.0435 0.06444099378881987
0 0.809 0.3955745341614907 0.044 0.08152173913043478
0 0.88975 0.41187888198757766 0.0445 0.08307453416149069
0 0.865 0.48680124223602483 0.049 0.07298136645962733
0 0.934 0.6851708074534162 0.065 0.10326086956521739
0 0.8905 0.8101708074534162 0.062 0.09704968944099379
0 0.84225 0.6875 0.0615 0.07531055900621118
