0 0.12637867647058823 0.07924836601307189 0.07873774509803921 0.13480392156862744
0 0.20220588235294118 0.17830882352941177 0.09068627450980392 0.17034313725490197
0 0.32107843137254904 0.6544117647058824 0.08762254901960784 0.14052287581699346
0 0.24831495098039216 0.7616421568627451 0.033394607843137254 0.06576797385620915
0 0.28079044117647056 0.7618464052287581 0.03155637254901961 0.049019607843137254
0 0.20833333333333334 0.7218137254901961 0.027573529411764705 0.05065359477124183
0 0.19117647058823528 0.7463235294117647 0.032475490196078434 0.058823529411764705
0 0.5667892156862745 0.6658496732026143 0.0741421568627451 0.10620915032679738
0 0.5505514705882353 0.7279411764705882 0.04779411764705882 0.10784313725490197
0 0.6286764705882353 0.696078431372549 0.03125 0.07679738562091504
0 0.6838235294117647 0.8827614379084967 0.03982843137254902 0.08415032679738563
0 0.7086397058823529 0.5714869281045751 0.05392156862745098 0.10375816993464053
0 0.7849264705882353 0.6813725490196079 0.04595588235294118 0.0784313725490196
0 0.6020220588235294 0.8161764705882353 0.05024509803921569 0.06372549019607843
0 0.5108762254901961 0.8192401960784313 0.040747549019607844 0.042075163398692814
0 0.6083026960784313 0.9709967320261438 0.04442401960784314 0.05800653594771242
0 0.38863357843137253 0.5831290849673203 0.04871323529411765 0.07475490196078431
0 0.4189644607843137 0.5032679738562091 0.045649509803921566 0.058823529411764705
0 0.9116115196078431 0.6123366013071896 0.0628063725490196 0.07679738562091504
0 0.9633884803921569 0.5741421568627451 0.07138480392156862 0.09436274509803921
0 0.7202818627450981 0.7181372549019608 0.0428921568627451 0.07107843137254902
0 0.5834865196078431 0.4536356209150327 0.05116421568627451 0.06495098039215687
0 0.5560661764705882 0.38929738562091504 0.05330882352941176 0.09313725490196079
0 0.5995710784313726 0.3396650326797386 0.049019607843137254 0.09844771241830065
0 0.7037377450980392 0.3176062091503268 0.049019607843137254 0.06004901960784314
0 0.9699754901960784 0.37969771241830064 0.05024509803921569 0.061683006535947715
0 0.8699448529411765 0.40318627450980393 0.0272671568627451 0.04330065359477124
0 0.8849571078431373 0.32883986928104575 0.0389093137254902 0.06454248366013073
0 0.8284313725490197 0.28880718954248363 0.041666666666666664 0.04820261437908497
0 0.8209252450980392 0.2099673202614379 0.046262254901960786 0.06045751633986928
0 0.828890931372549 0.11601307189542484 0.04258578431372549 0.06045751633986928
0 0.8959865196078431 0.06495098039215687 0.03155637254901961 0.032679738562091505
0 0.8829656862745098 0.03676470588235294 0.03002450980392157 0.03431372549019608
0 0.9546568627450981 0.06433823529411764 0.03370098039215686 0.03799019607843137
0 0.678921568627451 0.15400326797385622 0.042279411764705885 0.04738562091503268
0 0.5119485294117647 0.07924836601307189 0.027573529411764705 0.05228758169934641
0 0.5508578431372549 0.03880718954248366 0.028186274509803922 0.04330065359477124
0 0.5631127450980392 0.22303921568627452 0.0392156862745098 0.08006535947712418
