0 0.7118610223642172 0.1688179347826087 0.025958466453674122 0.03872282608695652
0 0.612220447284345 0.041440217391304345 0.02476038338658147 0.04076086956521739
0 0.5816693290734825 0.046875 0.019568690095846646 0.03804347826086957
0 0.5930511182108626 0.08254076086956522 0.02156549520766773 0.03736413043478261
0 0.6134185303514377 0.07778532608695653 0.0231629392971246 0.03328804347826087
0 0.5872603833865815 0.11548913043478261 0.021166134185303515 0.033967391304347824
0 0.590055910543131 0.14605978260869565 0.022763578274760384 0.036684782608695655
0 0.4077476038338658 0.14504076086956522 0.019169329073482427 0.04008152173913043
0 0.4167332268370607 0.16779891304347827 0.018769968051118212 0.035326086956521736
0 0.40115814696485624 0.17391304347826086 0.018769968051118212 0.033967391304347824
0 0.4980031948881789 0.22010869565217392 0.01757188498402556 0.036684782608695655
0 0.4532747603833866 0.2425271739130435 0.018370607028753993 0.03260869565217391
0 0.461461661341853 0.2452445652173913 0.01637380191693291 0.036684782608695655
0 0.4329073482428115 0.24490489130434784 0.022364217252396165 0.03192934782608696
0 0.44868210862619806 0.27615489130434784 0.022763578274760384 0.036005434782608696
0 0.5007987220447284 0.27751358695652173 0.019968051118210862 0.029211956521739132
0 0.47743610223642174 0.3111413043478261 0.02036741214057508 0.04483695652173913
0 0.4914137380191693 0.34171195652173914 0.02036741214057508 0.042119565217391304
0 0.5243610223642172 0.3125 0.019968051118210862 0.04076086956521739
0 0.5455271565495208 0.25339673913043476 0.019169329073482427 0.029891304347826088
0 0.5531150159744409 0.28464673913043476 0.020766773162939296 0.03940217391304348
0 0.5623003194888179 0.311820652173913 0.015175718849840255 0.03804347826086957
0 0.575279552715655 0.3060461956521739 0.017172523961661343 0.041440217391304345
0 0.5916533546325878 0.3189538043478261 0.017971246006389777 0.03736413043478261
0 0.5924520766773163 0.1871603260869565 0.018769968051118212 0.030570652173913044
0 0.6487619808306709 0.2034646739130435 0.021166134185303515 0.04008152173913043
0 0.6367811501597445 0.234375 0.026757188498402557 0.04619565217391304
0 0.6657348242811502 0.23879076086956522 0.023961661341853034 0.04008152173913043
0 0.6855031948881789 0.264945652173913 0.024361022364217253 0.043478260869565216
0 0.7270367412140575 0.22452445652173914 0.02196485623003195 0.03872282608695652
0 0.705870607028754 0.24014945652173914 0.022763578274760384 0.04008152173913043
0 0.7228434504792333 0.2530570652173913 0.020766773162939296 0.034646739130434784
0 0.7012779552715654 0.2836277173913043 0.020766773162939296 0.036005434782608696
0 0.7160543130990416 0.27615489130434784 0.019169329073482427 0.041440217391304345
0 0.6611421725239617 0.30095108695652173 0.022763578274760384 0.04076086956521739
0 0.7024760383386581 0.3148777173913043 0.022364217252396165 0.04008152173913043
0 0.6499600638977636 0.34375 0.025958466453674122 0.04483695652173913
0 0.6875 0.3372961956521739 0.025159744408945688 0.041440217391304345
0 0.7557907348242812 0.3726222826086957 0.021166134185303515 0.03736413043478261
0 0.3939696485623003 0.3702445652173913 0.019568690095846646 0.03260869565217391
0 0.3678115015974441 0.32540760869565216 0.019968051118210862 0.036684782608695655
0 0.3620207667731629 0.41983695652173914 0.02036741214057508 0.03940217391304348
0 0.40175718849840253 0.4127038043478261 0.019968051118210862 0.03736413043478261
0 0.42551916932907347 0.41134510869565216 0.02036741214057508 0.03736413043478261
0 0.3883785942492013 0.4639945652173913 0.02036741214057508 0.04076086956521739
0 0.3985623003194888 0.477241847826087 0.02156549520766773 0.04008152173913043
0 0.426517571884984 0.4796195652173913 0.02476038338658147 0.036684782608695655
0 0.4375 0.5115489130434783 0.02036741214057508 0.03804347826086957
0 0.4532747603833866 0.53125 0.02156549520766773 0.043478260869565216
0 0.4662539936102236 0.5105298913043478 0.017172523961661343 0.030570652173913044
0 0.5317492012779552 0.5811820652173914 0.02036741214057508 0.044157608695652176
0 0.4544728434504792 0.48029891304347827 0.018370607028753993 0.03940217391304348
0 0.4674520766773163 0.47622282608695654 0.022763578274760384 0.03940217391304348
0 0.5489217252396166 0.39028532608695654 0.02356230031948882 0.034646739130434784
0 0.5926517571884984 0.4045516304347826 0.020766773162939296 0.03872282608695652
0 0.5762779552715654 0.38688858695652173 0.020766773162939296 0.03736413043478261
0 0.4470846645367412 0.6008831521739131 0.017971246006389777 0.03736413043478261
0 0.46006389776357826 0.6216032608695652 0.019968051118210862 0.03940217391304348
0 0.6419728434504792 0.477241847826087 0.02356230031948882 0.03872282608695652
0 0.6625399361022364 0.4735054347826087 0.0231629392971246 0.04076086956521739
0 0.6737220447284346 0.37771739130434784 0.0231629392971246 0.04483695652173913
0 0.7106629392971247 0.3671875 0.024361022364217253 0.041440217391304345
0 0.9097444089456869 0.6807065217391305 0.027955271565495207 0.05298913043478261
0 0.8753993610223643 0.6664402173913043 0.018370607028753993 0.04076086956521739
0 0.48961661341853036 0.7622282608695652 0.026357827476038338 0.036684782608695655
0 0.4241214057507987 0.7085597826086957 0.034345047923322686 0.051630434782608696
0 0.402555910543131 0.7880434782608695 0.026357827476038338 0.04483695652173913
0 0.43570287539936103 0.7866847826086957 0.027156549520766772 0.04755434782608696
0 0.43170926517571884 0.8172554347826086 0.02875399361022364 0.05434782608695652
0 0.6853035143769968 0.8722826086956522 0.027955271565495207 0.04755434782608696
0 0.6150159744408946 0.9402173913043478 0.031150159744408944 0.06114130434782609
0 0.45966453674121405 0.8230298913043478 0.020766773162939296 0.03872282608695652
0 0.4752396166134185 0.8250679347826086 0.018370607028753993 0.04551630434782609
0 0.4524760383386581 0.8536005434782609 0.022364217252396165 0.041440217391304345
0 0.4123402555910543 0.8624320652173914 0.021166134185303515 0.03736413043478261
0 0.3891773162939297 0.8305027173913043 0.017971246006389777 0.030570652173913044
0 0.38937699680511184 0.8519021739130435 0.01757188498402556 0.029891304347826088
0 0.3799920127795527 0.8709239130434783 0.017172523961661343 0.04076086956521739
0 0.3817891373801917 0.795516304347826 0.015175718849840255 0.033967391304347824
0 0.3586261980830671 0.90625 0.018370607028753993 0.03260869565217391
0 0.2963258785942492 0.9228940217391305 0.018370607028753993 0.041440217391304345
0 0.2645766773162939 0.8328804347826086 0.017172523961661343 0.028532608695652172
0 0.21805111821086262 0.8206521739130435 0.020766773162939296 0.035326086956521736
0 0.213258785942492 0.9422554347826086 0.018370607028753993 0.04076086956521739
0 0.1711261980830671 0.9898097826086957 0.019568690095846646 0.020380434782608696
0 0.12180511182108626 0.9887907608695652 0.019169329073482427 0.022418478260869564
0 0.12599840255591055 0.9551630434782609 0.021166134185303515 0.04619565217391304
0 0.15215654952076677 0.9110054347826086 0.019968051118210862 0.03260869565217391
0 0.14376996805111822 0.8536005434782609 0.020766773162939296 0.04008152173913043
0 0.08746006389776358 0.8695652173913043 0.020766773162939296 0.04076086956521739
0 0.10862619808306709 0.8556385869565217 0.0231629392971246 0.03736413043478261
0 0.09904153354632587 0.7802309782608695 0.020766773162939296 0.042798913043478264
0 0.12020766773162939 0.7693614130434783 0.02156549520766773 0.03872282608695652
0 0.2637779552715655 0.704483695652174 0.017172523961661343 0.04076086956521739
0 0.20227635782747605 0.7523777173913043 0.02036741214057508 0.03328804347826087
0 0.21845047923322683 0.6776494565217391 0.023961661341853034 0.044157608695652176
0 0.20307507987220447 0.6334918478260869 0.021166134185303515 0.036005434782608696
0 0.14217252396166133 0.5472146739130435 0.019169329073482427 0.03736413043478261
0 0.2454073482428115 0.6610054347826086 0.019568690095846646 0.036684782608695655
0 0.15694888178913738 0.53125 0.02156549520766773 0.024456521739130436
0 0.26557507987220447 0.6222826086956522 0.018370607028753993 0.035326086956521736
0 0.30630990415335463 0.5288722826086957 0.019968051118210862 0.036005434782608696
0 0.2104632587859425 0.46059782608695654 0.018370607028753993 0.02717391304347826
0 0.26357827476038337 0.4718070652173913 0.019169329073482427 0.03328804347826087
0 0.2797523961661342 0.4656929347826087 0.017172523961661343 0.026494565217391304
0 0.2847444089456869 0.47995923913043476 0.019968051118210862 0.029211956521739132
0 0.11142172523961662 0.6844429347826086 0.018370607028753993 0.041440217391304345
0 0.14317092651757188 0.6528532608695652 0.022763578274760384 0.042119565217391304
0 0.13158945686900958 0.7126358695652174 0.021166134185303515 0.03940217391304348
0 0.16313897763578275 0.3141983695652174 0.021166134185303515 0.04008152173913043
0 0.14716453674121405 0.30366847826086957 0.02196485623003195 0.035326086956521736
0 0.1647364217252396 0.3502038043478261 0.02036741214057508 0.030570652173913044
0 0.1483626198083067 0.343070652173913 0.02036741214057508 0.036684782608695655
0 0.2176517571884984 0.37296195652173914 0.018370607028753993 0.028532608695652172
0 0.22144568690095848 0.3532608695652174 0.02036741214057508 0.03260869565217391
0 0.21805111821086262 0.41779891304347827 0.018370607028753993 0.033967391304347824
0 0.20626996805111822 0.43240489130434784 0.017971246006389777 0.03192934782608696
0 0.19588658146964857 0.37228260869565216 0.01637380191693291 0.03125
0 0.16992811501597443 0.38688858695652173 0.022763578274760384 0.030570652173913044
0 0.36421725239616615 0.35427989130434784 0.0231629392971246 0.03872282608695652
0 0.7671725239616614 0.6103940217391305 0.020766773162939296 0.041440217391304345
0 0.7484025559105432 0.5855978260869565 0.02156549520766773 0.04619565217391304
0 0.7813498402555911 0.6453804347826086 0.029952076677316294 0.04483695652173913
0 0.7891373801916933 0.681046195652174 0.026357827476038338 0.04551630434782609
0 0.8164936102236422 0.696671195652174 0.026757188498402557 0.052309782608695655
0 0.840055910543131 0.71875 0.03314696485623003 0.050271739130434784
0 0.7721645367412141 0.5631793478260869 0.02196485623003195 0.04891304347826087
0 0.9842252396166135 0.7177309782608695 0.021166134185303515 0.05366847826086957
0 0.9596645367412141 0.7459239130434783 0.020766773162939296 0.04076086956521739
0 0.9788338658146964 0.7887228260869565 0.022364217252396165 0.035326086956521736
0 0.9916134185303515 0.7680027173913043 0.016773162939297124 0.041440217391304345
0 0.8486421725239617 0.7581521739130435 0.019169329073482427 0.03804347826086957
0 0.8797923322683706 0.8131793478260869 0.025559105431309903 0.051630434782608696
0 0.7763578274760383 0.7370923913043478 0.0231629392971246 0.04619565217391304
0 0.5980431309904153 0.5733695652173914 0.02196485623003195 0.05434782608695652
0 0.8556309904153354 0.8288043478260869 0.02196485623003195 0.036684782608695655
0 0.8516373801916933 0.8675271739130435 0.02036741214057508 0.04076086956521739
0 0.9113418530351438 0.8583559782608695 0.02476038338658147 0.03872282608695652
0 0.8929712460063898 0.8794157608695652 0.02156549520766773 0.041440217391304345
0 0.9373003194888179 0.868546195652174 0.020766773162939296 0.04551630434782609
0 0.9486821086261981 0.8349184782608695 0.017971246006389777 0.043478260869565216
0 0.963258785942492 0.8277853260869565 0.018370607028753993 0.041440217391304345
0 0.8380591054313099 0.8963994565217391 0.019568690095846646 0.042798913043478264
0 0.8945686900958466 0.9612771739130435 0.02476038338658147 0.04619565217391304
0 0.9159345047923323 0.9853940217391305 0.02196485623003195 0.029211956521739132
0 0.9287140575079872 0.9629755434782609 0.02196485623003195 0.03872282608695652
0 0.9746405750798722 0.9680706521739131 0.02196485623003195 0.043478260869565216
0 0.9406948881789138 0.9819972826086957 0.02196485623003195 0.036005434782608696
