0 0.478515625 0.178125 0.09921875 0.13125
0 0.66015625 0.04791666666666667 0.0625 0.08125
0 0.714453125 0.090625 0.04921875 0.10416666666666667
0 0.7625 0.11927083333333334 0.053125 0.08020833333333334
0 0.780078125 0.1671875 0.03984375 0.04895833333333333
0 0.765234375 0.0359375 0.02265625 0.03854166666666667
0 0.7265625 0.24010416666666667 0.0625 0.109375
0 0.95078125 0.26927083333333335 0.0578125 0.084375
0 0.659375 0.3572916666666667 0.04375 0.0875
0 0.691796875 0.4401041666666667 0.06328125 0.06770833333333333
0 0.755078125 0.38697916666666665 0.07265625 0.06770833333333333
0 0.78203125 0.4640625 0.0734375 0.090625
0 0.646875 0.48854166666666665 0.0453125 0.07708333333333334
0 0.776953125 0.2526041666666667 0.04140625 0.08020833333333334
0 0.9609375 0.4270833333333333 0.0390625 0.04791666666666667
0 0.796484375 0.5578125 0.07890625 0.09895833333333333
0 0.812109375 0.6463541666666667 0.07109375 0.09895833333333333
0 0.434765625 0.8546875 0.06796875 0.13020833333333334
0 0.382421875 0.8692708333333333 0.06484375 0.10104166666666667
0 0.40546875 0.5328125 0.075 0.115625
0 0.3578125 0.596875 0.078125 0.12291666666666666
0 0.465234375 0.7213541666666666 0.08046875 0.11354166666666667
0 0.496875 0.6953125 0.0625 0.090625
0 0.2875 0.09114583333333333 0.053125 0.09270833333333334
