0 0.3277391975308642 0.21424897119341563 0.016589506172839507 0.02417695473251029
0 0.3425925925925926 0.25 0.018518518518518517 0.026748971193415638
0 0.19444444444444445 0.4588477366255144 0.020833333333333332 0.033950617283950615
0 0.11651234567901235 0.5401234567901234 0.015432098765432098 0.03189300411522634
0 0.1876929012345679 0.8433641975308642 0.02044753086419753 0.03446502057613169
0 0.13792438271604937 0.363940329218107 0.02044753086419753 0.02726337448559671
0 0.1413966049382716 0.5720164609053497 0.02044753086419753 0.03189300411522634
0 0.2048611111111111 0.8901748971193416 0.020833333333333332 0.03652263374485597
0 0.22723765432098766 0.9117798353909465 0.023919753086419752 0.03446502057613169
0 0.2692901234567901 0.20756172839506173 0.018518518518518517 0.028292181069958847
0 0.35378086419753085 0.0257201646090535 0.018518518518518517 0.02880658436213992
0 0.2353395061728395 0.3698559670781893 0.023919753086419752 0.029835390946502057
0 0.25 0.39094650205761317 0.020833333333333332 0.02880658436213992
0 0.2700617283950617 0.3801440329218107 0.022376543209876542 0.027777777777777776
0 0.29012345679012347 0.2777777777777778 0.020833333333333332 0.02263374485596708
0 0.41512345679012347 0.30864197530864196 0.019290123456790122 0.03292181069958848
0 0.2797067901234568 0.053497942386831275 0.018518518518518517 0.026748971193415638
0 0.3125 0.07407407407407407 0.016203703703703703 0.01646090534979424
0 0.5327932098765432 0.28497942386831276 0.018518518518518517 0.026748971193415638
0 0.5320216049382716 0.34310699588477367 0.016975308641975308 0.01748971193415638
0 0.33796296296296297 0.3611111111111111 0.017746913580246913 0.03292181069958848
0 0.5270061728395061 0.11934156378600823 0.013117283950617283 0.02880658436213992
0 0.34760802469135804 0.44084362139917693 0.018518518518518517 0.03189300411522634
0 0.16859567901234568 0.6381172839506173 0.014660493827160493 0.02109053497942387
0 0.2204861111111111 0.5928497942386831 0.02816358024691358 0.023148148148148147
0 0.14930555555555555 0.6597222222222222 0.018518518518518517 0.035493827160493825
0 0.05015432098765432 0.7055041152263375 0.020061728395061727 0.035493827160493825
0 0.07002314814814815 0.7692901234567902 0.022762345679012346 0.028292181069958847
0 0.13792438271604937 0.48405349794238683 0.02507716049382716 0.03189300411522634
0 0.36496913580246915 0.6759259259259259 0.02700617283950617 0.04218106995884774
0 0.15007716049382716 0.5411522633744856 0.017746913580246913 0.030864197530864196
