0 0.17592592592592593 0.20627572016460904 0.016975308641975308 0.027777777777777776
0 0.31983024691358025 0.22067901234567902 0.013117283950617283 0.027777777777777776
0 0.33526234567901236 0.25565843621399176 0.016203703703703703 0.023662551440329218
0 0.33487654320987653 0.23765432098765432 0.018518518518518517 0.01646090534979424
0 0.22608024691358025 0.3713991769547325 0.024691358024691357 0.026748971193415638
0 0.23919753086419754 0.3924897119341564 0.020061728395061727 0.0257201646090535
0 0.13117283950617284 0.3636831275720165 0.021604938271604937 0.0257201646090535
0 0.1867283950617284 0.4583333333333333 0.016975308641975308 0.03189300411522634
0 0.13117283950617284 0.4809670781893004 0.016975308641975308 0.0257201646090535
0 0.1095679012345679 0.5303497942386831 0.018518518518518517 0.03189300411522634
0 0.13078703703703703 0.5390946502057613 0.014660493827160493 0.03292181069958848
0 0.14506172839506173 0.5462962962962963 0.016975308641975308 0.030864197530864196
0 0.33217592592592593 0.4825102880658436 0.019290123456790122 0.03292181069958848
0 0.5146604938271605 0.3292181069958848 0.018518518518518517 0.026748971193415638
0 0.5216049382716049 0.35030864197530864 0.020061728395061727 0.01954732510288066
0 0.19984567901234568 0.5169753086419753 0.021604938271604937 0.03806584362139918
0 0.31905864197530864 0.5740740740740741 0.017746913580246913 0.030864197530864196
0 0.5227623456790124 0.29012345679012347 0.019290123456790122 0.030864197530864196
0 0.11342592592592593 0.5781893004115226 0.014660493827160493 0.030864197530864196
0 0.13271604938271606 0.5699588477366255 0.016203703703703703 0.026748971193415638
0 0.20910493827160495 0.5941358024691358 0.023919753086419752 0.0257201646090535
0 0.2658179012345679 0.61059670781893 0.021604938271604937 0.029835390946502057
0 0.44907407407407407 0.7536008230452675 0.017746913580246913 0.0257201646090535
0 0.35455246913580246 0.7654320987654321 0.016975308641975308 0.026748971193415638
0 0.7044753086419753 0.7633744855967078 0.019290123456790122 0.024691358024691357
0 0.5362654320987654 0.5715020576131687 0.014660493827160493 0.023662551440329218
0 0.040123456790123455 0.7006172839506173 0.017746913580246913 0.03292181069958848
0 0.12268518518518519 0.7067901234567902 0.023919753086419752 0.030864197530864196
