0 0.19576604103011785 0.09375 0.06591008293321693 0.06506410256410257
0 0.2588389349628983 0.16282051282051282 0.0663465735486687 0.07756410256410257
0 0.16477520733304235 0.1605769230769231 0.05892623308598865 0.05512820512820513
0 0.056307289393278045 0.18333333333333332 0.07071147970318638 0.04294871794871795
0 0.1610650371017023 0.20384615384615384 0.06023570493234395 0.05961538461538462
0 0.11457878655608904 0.24358974358974358 0.05106940200785683 0.03782051282051282
0 0.030117852466171977 0.2358974358974359 0.04539502400698385 0.05512820512820513
0 0.07289393278044522 0.2849358974358974 0.04975993016150153 0.047435897435897434
0 0.3282409428197294 0.22099358974358974 0.0663465735486687 0.058653846153846154
0 0.27324312527280664 0.20544871794871794 0.046268005237887384 0.04551282051282051
0 0.3310781318201659 0.1092948717948718 0.04495853339153208 0.038461538461538464
0 0.3998254037538193 0.13076923076923078 0.04364906154517678 0.04423076923076923
0 0.45307725883893496 0.23413461538461539 0.054124836316019206 0.049679487179487176
0 0.48690528153644697 0.2982371794871795 0.046704495853339155 0.04326923076923077
0 0.5794412920122217 0.2860576923076923 0.06329113924050633 0.058653846153846154
0 0.5877346137058054 0.3469551282051282 0.05543430816237451 0.049679487179487176
0 0.6412047140986469 0.3612179487179487 0.06023570493234395 0.04551282051282051
0 0.33697075512876473 0.4184294871794872 0.05237887385421213 0.05352564102564102
0 0.2684417285028372 0.40016025641025643 0.04801396769969446 0.041346153846153845
0 0.2304670449585334 0.3993589743589744 0.03841117415975556 0.04038461538461539
0 0.23003055434308162 0.4480769230769231 0.04364906154517678 0.04935897435897436
0 0.35552160628546486 0.5032051282051282 0.04932343954604976 0.041666666666666664
0 0.41532082060235703 0.5209935897435898 0.060672195547795724 0.06762820512820512
0 0.5080750763858577 0.4639423076923077 0.04801396769969446 0.0516025641025641
0 0.01811436054124836 0.472275641025641 0.031863814927979045 0.029166666666666667
0 0.027062418158009603 0.37580128205128205 0.03579223046704496 0.03108974358974359
0 0.5381929288520296 0.37227564102564104 0.06285464862505456 0.03173076923076923
0 0.18070711479703186 0.2503205128205128 0.05499781754692274 0.06474358974358975
0 0.30336097773897863 0.6788461538461539 0.06983849847228285 0.06923076923076923
0 0.056307289393278045 0.5615384615384615 0.04714098646879092 0.03076923076923077
0 0.017459624618070713 0.5548076923076923 0.030554343081623744 0.027564102564102563
0 0.06285464862505456 0.6067307692307692 0.046268005237887384 0.03782051282051282
0 0.014622435617634221 0.6192307692307693 0.029244871235268442 0.03333333333333333
0 0.054124836316019206 0.6496794871794872 0.04975993016150153 0.03397435897435897
0 0.14011348756001746 0.6618589743589743 0.034919249236141425 0.04038461538461539
0 0.1178524661719773 0.7310897435897435 0.05674378000872981 0.06346153846153846
0 0.06416412047140986 0.7378205128205129 0.04015713662156264 0.04358974358974359
0 0.3766914011348756 0.7262820512820513 0.055870798777826275 0.06794871794871794
0 0.43037974683544306 0.6971153846153846 0.07071147970318638 0.041666666666666664
0 0.2343954604975993 0.5830128205128206 0.06983849847228285 0.035256410256410256
0 0.21737232649498037 0.6089743589743589 0.058489742470536885 0.038461538461538464
0 0.25971191619380185 0.5487179487179488 0.06285464862505456 0.038461538461538464
0 0.36272370144041904 0.7979166666666667 0.05237887385421213 0.05737179487179487
0 0.38018332605848976 0.823076923076923 0.05499781754692274 0.05576923076923077
0 0.40833697075512876 0.9116987179487179 0.06154517677869926 0.04455128205128205
0 0.34351811436054125 0.8990384615384616 0.0392841553906591 0.03333333333333333
0 0.4316892186817983 0.9363782051282051 0.07071147970318638 0.06185897435897436
0 0.28415539065910084 0.9442307692307692 0.055870798777826275 0.05064102564102564
0 0.19009166302924488 0.9834935897435897 0.04495853339153208 0.02980769230769231
0 0.2466171977302488 0.9735576923076923 0.04364906154517678 0.040705128205128206
0 0.8441728502837189 0.938301282051282 0.03753819292885203 0.04326923076923077
0 0.8886948930597992 0.9193910256410256 0.04277608031427324 0.04391025641025641
0 0.6632474901789611 0.8193910256410256 0.046704495853339155 0.040705128205128206
0 0.8367525098210389 0.7979166666666667 0.06110868616324749 0.027884615384615386
0 0.8457005674378001 0.8455128205128205 0.04845045831514622 0.041025641025641026
0 0.8982976865997381 0.850801282051282 0.05325185508511567 0.0342948717948718
0 0.736796158882584 0.9626602564102564 0.046268005237887384 0.04006410256410257
0 0.7915757311217809 0.9259615384615385 0.0379746835443038 0.04423076923076923
0 0.7586206896551724 0.7530448717948718 0.04103011785246617 0.04583333333333333
0 0.802706241815801 0.7421474358974359 0.036665211697948494 0.03365384615384615
0 0.7972501091226538 0.6991987179487179 0.04146660846791794 0.04519230769230769
0 0.8398079441292012 0.6855769230769231 0.044522042776080316 0.046153846153846156
0 0.7557835006547359 0.6722756410256411 0.0501964207769533 0.03942307692307692
0 0.8419903972064601 0.44711538461538464 0.09166302924487124 0.05448717948717949
0 0.8694893059799215 0.5464743589743589 0.06285464862505456 0.046794871794871795
0 0.8280226975120035 0.6451923076923077 0.06372762985595809 0.058333333333333334
0 0.7690964644260149 0.6185897435897436 0.06983849847228285 0.06025641025641026
0 0.8022697512003492 0.4951923076923077 0.08031427324312528 0.04807692307692308
0 0.7306852902662593 0.5423076923076923 0.07333042339589699 0.03076923076923077
0 0.5831514622435617 0.6278846153846154 0.03317328677433435 0.03397435897435897
0 0.6093408991706678 0.610897435897436 0.04015713662156264 0.03333333333333333
