0 0.20038461538461538 0.1491108071135431 0.03307692307692308 0.06566347469220246
0 0.23115384615384615 0.20109439124487005 0.025384615384615384 0.06566347469220246
0 0.09692307692307692 0.15253077975376197 0.024615384615384615 0.04240766073871409
0 0.2611538461538462 0.13064295485636115 0.031538461538461536 0.047879616963064295
0 0.3153846153846154 0.11080711354309165 0.03230769230769231 0.05198358413132695
0 0.3403846153846154 0.21203830369357046 0.03 0.05471956224350205
0 0.4076923076923077 0.28385772913816687 0.033846153846153845 0.0533515731874145
0 0.39653846153846156 0.539671682626539 0.026923076923076925 0.04514363885088919
0 0.2865384615384615 0.5738714090287278 0.025384615384615384 0.058823529411764705
0 0.2296153846153846 0.6593707250341997 0.026923076923076925 0.060191518467852256
0 0.24653846153846154 0.6538987688098495 0.023846153846153847 0.04377564979480164
0 0.22653846153846155 0.7079343365253078 0.02076923076923077 0.04514363885088919
0 0.20961538461538462 0.7120383036935705 0.022307692307692306 0.06155950752393981
0 0.3 0.6723666210670315 0.018461538461538463 0.0506155950752394
0 0.2846153846153846 0.6614227086183311 0.016923076923076923 0.0506155950752394
0 0.31461538461538463 0.6415868673050615 0.026153846153846153 0.046511627906976744
0 0.3261538461538461 0.6108071135430917 0.02923076923076923 0.04514363885088919
0 0.4430769230769231 0.7051983584131327 0.024615384615384615 0.058823529411764705
0 0.4553846153846154 0.9459644322845417 0.03076923076923077 0.0533515731874145
0 0.5261538461538462 0.37277701778385774 0.033846153846153845 0.08344733242134063
0 0.4584615384615385 0.6244870041039672 0.027692307692307693 0.0533515731874145
0 0.5542307692307692 0.35841313269493846 0.03461538461538462 0.060191518467852256
0 0.5696153846153846 0.21682626538987687 0.023846153846153847 0.0506155950752394
0 0.5923076923076923 0.3399452804377565 0.033846153846153845 0.06155950752393981
0 0.6165384615384616 0.35225718194254446 0.03 0.058823529411764705
0 0.6107692307692307 0.29890560875512995 0.036923076923076927 0.06429548563611491
0 0.6080769230769231 0.2496580027359781 0.031538461538461536 0.047879616963064295
0 0.64 0.11285909712722299 0.03230769230769231 0.058823529411764705
0 0.696923076923077 0.10875512995896033 0.024615384615384615 0.0560875512995896
0 0.7496153846153846 0.04445964432284542 0.03307692307692308 0.06155950752393981
0 0.7773076923076923 0.13406292749658003 0.03307692307692308 0.057455540355677154
0 0.7288461538461538 0.3337893296853625 0.02846153846153846 0.057455540355677154
0 0.4926923076923077 0.6764705882352942 0.02846153846153846 0.06155950752393981
0 0.4757692307692308 0.5711354309165527 0.026923076923076925 0.06155950752393981
0 0.49653846153846154 0.5711354309165527 0.026923076923076925 0.07797537619699042
0 0.5176923076923077 0.5964432284541724 0.024615384615384615 0.07113543091655267
0 0.5507692307692308 0.603967168262654 0.027692307692307693 0.06429548563611491
0 0.536923076923077 0.49726402188782487 0.03538461538461538 0.0560875512995896
0 0.5584615384615385 0.5294117647058824 0.03230769230769231 0.07660738714090287
0 0.5969230769230769 0.5779753761969905 0.02923076923076923 0.07523939808481532
0 0.6157692307692307 0.5642954856361149 0.026923076923076925 0.058823529411764705
0 0.6346153846153846 0.539671682626539 0.02923076923076923 0.0506155950752394
0 0.67 0.47058823529411764 0.036923076923076927 0.049247606019151846
0 0.5873076923076923 0.387140902872777 0.03 0.05471956224350205
0 0.7519230769230769 0.5020519835841313 0.026923076923076925 0.06566347469220246
0 0.8323076923076923 0.6053351573187414 0.03076923076923077 0.04514363885088919
0 0.8157692307692308 0.6409028727770177 0.026923076923076925 0.0560875512995896
0 0.8496153846153847 0.655266757865937 0.025384615384615384 0.05198358413132695
0 0.8880769230769231 0.6326949384404925 0.031538461538461536 0.04240766073871409
0 0.7896153846153846 0.7065663474692202 0.022307692307692306 0.058823529411764705
0 0.785 0.7537619699042407 0.03307692307692308 0.03556771545827633
0 0.7638461538461538 0.8071135430916553 0.026153846153846153 0.060191518467852256
0 0.755 0.8454172366621067 0.026923076923076925 0.07113543091655267
0 0.7792307692307693 0.8529411764705882 0.026153846153846153 0.06976744186046512
0 0.7638461538461538 0.8864569083447332 0.027692307692307693 0.04377564979480164
0 0.6526923076923077 0.9685362517099864 0.026923076923076925 0.049247606019151846
0 0.8480769230769231 0.7612859097127223 0.026923076923076925 0.0533515731874145
0 0.8365384615384616 0.8714090287277702 0.026923076923076925 0.046511627906976744
0 0.855 0.9295485636114911 0.025384615384615384 0.06155950752393981
0 0.8457692307692307 0.9829001367989056 0.031538461538461536 0.03419972640218878
0 0.8811538461538462 0.9322845417236663 0.025384615384615384 0.06429548563611491
0 0.8984615384615384 0.9801641586867305 0.033846153846153845 0.036935704514363885
0 0.5946153846153847 0.7373461012311902 0.03076923076923077 0.03556771545827633
0 0.5742307692307692 0.7606019151846786 0.025384615384615384 0.060191518467852256
