0 0.032421875 0.28194607268464245 0.06171875 0.09261430246189918
0 0.11953125 0.4296600234466589 0.0671875 0.08323563892145369
0 0.081640625 0.33294255568581477 0.06015625 0.08440797186400938
0 0.0296875 0.38569753810082064 0.046875 0.10785463071512309
0 0.156640625 0.38686987104337633 0.03515625 0.08440797186400938
0 0.172265625 0.47596717467760846 0.04765625 0.0984759671746776
0 0.13515625 0.5252051582649473 0.0546875 0.12192262602579132
0 0.08125 0.518757327080891 0.059375 0.09261430246189918
0 0.084765625 0.4361078546307151 0.03515625 0.07971864009378664
0 0.0265625 0.01992966002344666 0.05 0.03985932004689332
0 0.03984375 0.08499413833528723 0.05625 0.0738569753810082
0 0.0171875 0.14595545134818289 0.034375 0.05509964830011723
0 0.073046875 0.14126611957796015 0.04140625 0.09261430246189918
0 0.14921875 0.08968347010550996 0.0515625 0.10433763188745604
0 0.3046875 0.023446658851113716 0.0359375 0.044548651817116064
0 0.321484375 0.06447831184056271 0.03359375 0.07033997655334115
0 0.34453125 0.2186400937866354 0.0390625 0.05275498241500586
0 0.3609375 0.283704572098476 0.046875 0.07268464243845252
0 0.4265625 0.19753810082063306 0.0375 0.07620164126611957
0 0.543359375 0.3886283704572098 0.04609375 0.06916764361078546
0 0.593359375 0.38335287221570924 0.06328125 0.07737397420867527
0 0.3046875 0.6260257913247362 0.0515625 0.09378663540445487
0 0.273828125 0.753810082063306 0.04140625 0.07502930832356389
0 0.402734375 0.7256740914419695 0.05390625 0.0914419695193435
0 0.464453125 0.7221570926143025 0.05390625 0.07033997655334115
0 0.418359375 0.5797186400937866 0.05546875 0.10668229777256741
0 0.478515625 0.5703399765533411 0.06640625 0.0738569753810082
0 0.518359375 0.6060961313012896 0.04921875 0.08440797186400938
0 0.498046875 0.6477139507620164 0.04765625 0.07854630715123095
0 0.54296875 0.5890973036342321 0.0609375 0.07854630715123095
0 0.63515625 0.7157092614302462 0.04375 0.07854630715123095
0 0.59375 0.5146541617819461 0.0375 0.07737397420867527
0 0.68359375 0.567409144196952 0.046875 0.08909730363423213
0 0.712890625 0.46893317702227433 0.03984375 0.04689331770222743
0 0.741015625 0.5281359906213364 0.04140625 0.06213364595545135
0 0.590234375 0.447831184056272 0.04765625 0.06799531066822978
0 0.533203125 0.536928487690504 0.05078125 0.0492379835873388
0 0.544140625 0.44314185228604924 0.04765625 0.05627198124267292
0 0.42109375 0.8675263774912075 0.0421875 0.08909730363423213
0 0.374609375 0.9507620164126612 0.04453125 0.07971864009378664
0 0.3203125 0.8944900351699883 0.028125 0.06096131301289566
0 0.290234375 0.8974208675263775 0.03046875 0.0668229777256741
0 0.555078125 0.7268464243845252 0.04296875 0.06330597889800703
0 0.491015625 0.7643610785463072 0.03515625 0.053927315357561546
0 0.459375 0.8065650644783119 0.034375 0.06096131301289566
