0 0.3081597222222222 0.07291666666666667 0.03298611111111111 0.059895833333333336
0 0.3420138888888889 0.1015625 0.027777777777777776 0.06510416666666667
0 0.6684027777777778 0.11393229166666667 0.03819444444444445 0.06640625
0 0.6467013888888888 0.12434895833333333 0.034722222222222224 0.07161458333333333
0 0.5065104166666666 0.23567708333333334 0.042534722222222224 0.06770833333333333
0 0.4813368055555556 0.19466145833333334 0.03211805555555555 0.061197916666666664
0 0.2526041666666667 0.15755208333333334 0.03298611111111111 0.057291666666666664
0 0.2964409722222222 0.20377604166666666 0.030381944444444444 0.05859375
0 0.22743055555555555 0.193359375 0.024305555555555556 0.053385416666666664
0 0.2026909722222222 0.22981770833333334 0.035590277777777776 0.05859375
0 0.2421875 0.2877604166666667 0.022569444444444444 0.057291666666666664
0 0.3376736111111111 0.2981770833333333 0.034722222222222224 0.06510416666666667
0 0.4526909722222222 0.23958333333333334 0.0234375 0.059895833333333336
0 0.4123263888888889 0.36328125 0.027777777777777776 0.057291666666666664
0 0.7417534722222222 0.24609375 0.03732638888888889 0.07291666666666667
0 0.9032118055555556 0.208984375 0.035590277777777776 0.06640625
0 0.6844618055555556 0.2825520833333333 0.035590277777777776 0.057291666666666664
0 0.05164930555555555 0.2858072916666667 0.030381944444444444 0.045572916666666664
0 0.013020833333333334 0.2766927083333333 0.026041666666666668 0.053385416666666664
0 0.015625 0.22981770833333334 0.03125 0.055989583333333336
0 0.03732638888888889 0.13606770833333334 0.027777777777777776 0.045572916666666664
0 0.08723958333333333 0.31640625 0.035590277777777776 0.057291666666666664
0 0.11848958333333333 0.3294270833333333 0.03211805555555555 0.049479166666666664
0 0.037760416666666664 0.5188802083333334 0.03211805555555555 0.055989583333333336
0 0.12760416666666666 0.5553385416666666 0.041666666666666664 0.07682291666666667
0 0.18880208333333334 0.607421875 0.035590277777777776 0.06901041666666667
0 0.2651909722222222 0.5403645833333334 0.04774305555555555 0.06770833333333333
0 0.3650173611111111 0.53515625 0.035590277777777776 0.09114583333333333
0 0.2951388888888889 0.5911458333333334 0.03993055555555555 0.06510416666666667
0 0.22395833333333334 0.7337239583333334 0.026041666666666668 0.06640625
0 0.19227430555555555 0.7278645833333334 0.03732638888888889 0.08854166666666667
0 0.3381076388888889 0.7369791666666666 0.04079861111111111 0.08333333333333333
0 0.3758680555555556 0.7545572916666666 0.03993055555555555 0.07421875
0 0.21397569444444445 0.8606770833333334 0.030381944444444444 0.06510416666666667
0 0.2651909722222222 0.9368489583333334 0.03732638888888889 0.07161458333333333
0 0.3389756944444444 0.927734375 0.028645833333333332 0.06901041666666667
0 0.5008680555555556 0.8463541666666666 0.03819444444444445 0.08854166666666667
0 0.5789930555555556 0.9713541666666666 0.04513888888888889 0.057291666666666664
0 0.6284722222222222 0.9518229166666666 0.03298611111111111 0.08854166666666667
0 0.6584201388888888 0.9296875 0.03732638888888889 0.078125
0 0.6575520833333334 0.849609375 0.04600694444444445 0.07942708333333333
0 0.6293402777777778 0.763671875 0.046875 0.09765625
0 0.5716145833333334 0.7369791666666666 0.04079861111111111 0.07552083333333333
0 0.5338541666666666 0.6907552083333334 0.043402777777777776 0.09505208333333333
0 0.4131944444444444 0.580078125 0.022569444444444444 0.05859375
0 0.5342881944444444 0.6158854166666666 0.044270833333333336 0.0703125
0 0.5394965277777778 0.57421875 0.042534722222222224 0.0703125
0 0.5980902777777778 0.48828125 0.03819444444444445 0.078125
0 0.5759548611111112 0.404296875 0.04600694444444445 0.07942708333333333
0 0.5577256944444444 0.337890625 0.04600694444444445 0.061197916666666664
0 0.6362847222222222 0.427734375 0.03298611111111111 0.07942708333333333
0 0.7521701388888888 0.3776041666666667 0.028645833333333332 0.06510416666666667
0 0.7296006944444444 0.3548177083333333 0.033854166666666664 0.06380208333333333
0 0.6966145833333334 0.3294270833333333 0.033854166666666664 0.049479166666666664
0 0.7009548611111112 0.501953125 0.04079861111111111 0.08203125
0 0.734375 0.4505208333333333 0.03298611111111111 0.057291666666666664
0 0.8355034722222222 0.3841145833333333 0.042534722222222224 0.0703125
0 0.8255208333333334 0.45703125 0.043402777777777776 0.06770833333333333
0 0.7638888888888888 0.6516927083333334 0.04513888888888889 0.07161458333333333
0 0.8029513888888888 0.677734375 0.046875 0.06901041666666667
0 0.8524305555555556 0.8170572916666666 0.050347222222222224 0.09244791666666667
