0 0.033203125 0.9557291666666666 0.046875 0.052083333333333336
0 0.04833984375 0.9225260416666666 0.0380859375 0.05859375
0 0.0078125 0.9186197916666666 0.015625 0.04296875
0 0.22021484375 0.724609375 0.0283203125 0.045572916666666664
0 0.25537109375 0.7213541666666666 0.0419921875 0.059895833333333336
0 0.2783203125 0.681640625 0.033203125 0.03515625
0 0.31689453125 0.7532552083333334 0.0302734375 0.06901041666666667
0 0.28515625 0.8040364583333334 0.04296875 0.07421875
0 0.28955078125 0.8802083333333334 0.0380859375 0.06770833333333333
0 0.2646484375 0.8854166666666666 0.03515625 0.06510416666666667
0 0.31787109375 0.8795572916666666 0.0263671875 0.06640625
0 0.36376953125 0.8912760416666666 0.0322265625 0.05859375
0 0.43359375 0.8489583333333334 0.033203125 0.0390625
0 0.423828125 0.7838541666666666 0.046875 0.0546875
0 0.3984375 0.7239583333333334 0.03515625 0.041666666666666664
0 0.33544921875 0.4993489583333333 0.0478515625 0.061197916666666664
0 0.3994140625 0.6061197916666666 0.05859375 0.07942708333333333
0 0.4365234375 0.5807291666666666 0.044921875 0.06510416666666667
0 0.46435546875 0.626953125 0.0556640625 0.07682291666666667
0 0.54150390625 0.6497395833333334 0.0498046875 0.078125
0 0.501953125 0.7571614583333334 0.052734375 0.07942708333333333
0 0.537109375 0.8255208333333334 0.05078125 0.0703125
0 0.64794921875 0.8235677083333334 0.0478515625 0.07942708333333333
0 0.62353515625 0.76171875 0.0537109375 0.0703125
0 0.74267578125 0.7819010416666666 0.0478515625 0.07161458333333333
0 0.6767578125 0.7291666666666666 0.044921875 0.07552083333333333
0 0.7470703125 0.6979166666666666 0.046875 0.0703125
0 0.76806640625 0.6393229166666666 0.0537109375 0.0703125
0 0.6689453125 0.66015625 0.060546875 0.08072916666666667
0 0.62255859375 0.6640625 0.0341796875 0.057291666666666664
0 0.63818359375 0.60546875 0.0419921875 0.0625
0 0.69384765625 0.5520833333333334 0.0224609375 0.07291666666666667
0 0.66748046875 0.544921875 0.0400390625 0.06640625
0 0.75341796875 0.5436197916666666 0.0498046875 0.08723958333333333
0 0.7646484375 0.4342447916666667 0.044921875 0.07161458333333333
0 0.97705078125 0.5950520833333334 0.0458984375 0.06770833333333333
0 0.97607421875 0.5475260416666666 0.0478515625 0.07161458333333333
0 0.95654296875 0.4264322916666667 0.0498046875 0.08203125
0 0.84765625 0.4134114583333333 0.044921875 0.05859375
0 0.55712890625 0.337890625 0.0537109375 0.08723958333333333
0 0.51220703125 0.3723958333333333 0.0400390625 0.07291666666666667
0 0.59912109375 0.19596354166666666 0.0615234375 0.07161458333333333
0 0.70703125 0.216796875 0.048828125 0.07942708333333333
0 0.63916015625 0.203125 0.0517578125 0.06510416666666667
0 0.77734375 0.21484375 0.046875 0.057291666666666664
0 0.783203125 0.2727864583333333 0.05078125 0.07682291666666667
0 0.822265625 0.32421875 0.03515625 0.049479166666666664
0 0.84912109375 0.3658854166666667 0.0380859375 0.0625
0 0.97607421875 0.3365885416666667 0.0478515625 0.08203125
0 0.90234375 0.2903645833333333 0.046875 0.08333333333333333
0 0.951171875 0.2779947916666667 0.0546875 0.08984375
0 0.9755859375 0.20442708333333334 0.048828125 0.08854166666666667
0 0.95703125 0.123046875 0.052734375 0.08463541666666667
0 0.92724609375 0.10286458333333333 0.0517578125 0.08333333333333333
0 0.87890625 0.12369791666666667 0.05078125 0.08072916666666667
0 0.82470703125 0.13932291666666666 0.0302734375 0.0625
0 0.84765625 0.12630208333333334 0.03125 0.06770833333333333
0 0.888671875 0.1953125 0.046875 0.08072916666666667
0 0.83642578125 0.07942708333333333 0.0517578125 0.049479166666666664
0 0.80078125 0.03125 0.05859375 0.0625
0 0.3623046875 0.17513020833333334 0.037109375 0.061197916666666664
0 0.38427734375 0.13411458333333334 0.0478515625 0.057291666666666664
0 0.49853515625 0.064453125 0.0498046875 0.07161458333333333
0 0.63232421875 0.119140625 0.0498046875 0.061197916666666664
0 0.59228515625 0.09114583333333333 0.0341796875 0.06770833333333333
