0 0.09807692307692308 0.14705882352941177 0.019230769230769232 0.0506155950752394
0 0.20115384615384616 0.14432284541723667 0.02846153846153846 0.0506155950752394
0 0.23192307692307693 0.20177838577291382 0.026923076923076925 0.06703146374829001
0 0.26346153846153847 0.12995896032831739 0.025384615384615384 0.04377564979480164
0 0.31884615384615383 0.10601915184678523 0.025384615384615384 0.047879616963064295
0 0.1576923076923077 0.11149110807113544 0.026153846153846153 0.04514363885088919
0 0.3396153846153846 0.21272229822161423 0.02846153846153846 0.0533515731874145
0 0.4076923076923077 0.27975376196990426 0.03076923076923077 0.0560875512995896
0 0.6407692307692308 0.11559507523939809 0.027692307692307693 0.06155950752393981
0 0.6976923076923077 0.106703146374829 0.026153846153846153 0.046511627906976744
0 0.7484615384615385 0.04103967168262654 0.033846153846153845 0.049247606019151846
0 0.7773076923076923 0.13885088919288646 0.03 0.0506155950752394
0 0.7257692307692307 0.33105335157318744 0.02846153846153846 0.05198358413132695
0 0.6934615384615385 0.34131326949384405 0.02846153846153846 0.06429548563611491
0 0.568076923076923 0.21956224350205197 0.03 0.0506155950752394
0 0.6092307692307692 0.2954856361149111 0.03538461538461538 0.057455540355677154
0 0.5915384615384616 0.3372093023255814 0.03230769230769231 0.058823529411764705
0 0.6161538461538462 0.3543091655266758 0.02923076923076923 0.05471956224350205
0 0.553076923076923 0.3590971272229822 0.03230769230769231 0.0506155950752394
0 0.5253846153846153 0.37277701778385774 0.03076923076923077 0.06976744186046512
0 0.5284615384615384 0.3221614227086183 0.026153846153846153 0.047879616963064295
0 0.5011538461538462 0.3084815321477428 0.02846153846153846 0.047879616963064295
0 0.588076923076923 0.3857729138166895 0.03 0.049247606019151846
0 0.6123076923076923 0.4370725034199726 0.033846153846153845 0.04240766073871409
0 0.6688461538461539 0.466484268125855 0.03461538461538462 0.046511627906976744
0 0.5376923076923077 0.49179206566347466 0.02923076923076923 0.047879616963064295
0 0.2873076923076923 0.573187414500684 0.025384615384615384 0.06839945280437756
0 0.23076923076923078 0.6634746922024624 0.024615384615384615 0.049247606019151846
0 0.24884615384615386 0.652530779753762 0.019230769230769232 0.03556771545827633
0 0.22615384615384615 0.7086183310533516 0.026153846153846153 0.05471956224350205
0 0.20615384615384616 0.7099863201094391 0.024615384615384615 0.046511627906976744
0 0.3261538461538461 0.6080711354309165 0.024615384615384615 0.04240766073871409
0 0.31384615384615383 0.6436388508891929 0.02 0.0506155950752394
0 0.30038461538461536 0.6703146374829001 0.019230769230769232 0.049247606019151846
0 0.2857692307692308 0.6600547195622435 0.01769230769230769 0.0533515731874145
0 0.3942307692307692 0.539671682626539 0.022307692307692306 0.0533515731874145
0 0.34307692307692306 0.5581395348837209 0.027692307692307693 0.049247606019151846
0 0.5576923076923077 0.5239398084815321 0.03076923076923077 0.08481532147742818
0 0.4930769230769231 0.5690834473324213 0.027692307692307693 0.07113543091655267
0 0.5176923076923077 0.5984952120383037 0.024615384615384615 0.06703146374829001
0 0.5507692307692308 0.6032831737346102 0.027692307692307693 0.060191518467852256
0 0.49346153846153845 0.6703146374829001 0.02846153846153846 0.049247606019151846
0 0.45884615384615385 0.6231190150478796 0.023846153846153847 0.06155950752393981
0 0.4773076923076923 0.5437756497948016 0.016153846153846154 0.07250341997264022
0 0.4746153846153846 0.5779753761969905 0.02 0.04240766073871409
0 0.4453846153846154 0.7093023255813954 0.024615384615384615 0.0533515731874145
0 0.6138461538461538 0.5601915184678523 0.026153846153846153 0.0560875512995896
0 0.5961538461538461 0.5752393980848153 0.027692307692307693 0.08344733242134063
0 0.635 0.5430916552667578 0.03 0.057455540355677154
0 0.6365384615384615 0.5923392612859097 0.03 0.05198358413132695
0 0.5688461538461539 0.7051983584131327 0.03307692307692308 0.058823529411764705
0 0.5946153846153847 0.7346101231190151 0.03230769230769231 0.03556771545827633
0 0.5742307692307692 0.7558139534883721 0.026923076923076925 0.06155950752393981
0 0.6611538461538462 0.6880984952120383 0.03769230769230769 0.049247606019151846
0 0.7519230769230769 0.5034199726402189 0.023846153846153847 0.06566347469220246
0 0.7692307692307693 0.5218878248974008 0.021538461538461538 0.0560875512995896
0 0.7926923076923077 0.48700410396716826 0.036153846153846154 0.04377564979480164
0 0.8311538461538461 0.6087551299589603 0.036153846153846154 0.04377564979480164
0 0.8165384615384615 0.6409028727770177 0.025384615384615384 0.0506155950752394
0 0.8869230769230769 0.6361149110807114 0.03076923076923077 0.046511627906976744
0 0.8484615384615385 0.6573187414500684 0.024615384615384615 0.06429548563611491
0 0.7896153846153846 0.7086183310533516 0.023846153846153847 0.057455540355677154
0 0.8461538461538461 0.7681258549931601 0.026153846153846153 0.058823529411764705
0 0.7842307692307692 0.7523939808481532 0.03461538461538462 0.03556771545827633
0 0.7515384615384615 0.8406292749658003 0.02923076923076923 0.06976744186046512
0 0.7623076923076924 0.8036935704514364 0.026153846153846153 0.0560875512995896
0 0.7776923076923077 0.847469220246238 0.023076923076923078 0.06155950752393981
0 0.6938461538461539 0.6908344733242134 0.03076923076923077 0.04377564979480164
0 0.8384615384615385 0.8714090287277702 0.024615384615384615 0.060191518467852256
0 0.6530769230769231 0.9705882352941176 0.024615384615384615 0.058823529411764705
0 0.8553846153846154 0.9309165526675787 0.026153846153846153 0.0560875512995896
0 0.8803846153846154 0.9316005471956225 0.025384615384615384 0.06839945280437756
0 0.8961538461538462 0.9760601915184679 0.033846153846153845 0.04240766073871409
0 0.8453846153846154 0.9822161422708618 0.024615384615384615 0.03556771545827633
0 0.93 0.9651162790697675 0.03076923076923077 0.04240766073871409
0 0.7573076923076923 0.960328317373461 0.023846153846153847 0.049247606019151846
0 0.7653846153846153 0.8891928864569083 0.024615384615384615 0.05471956224350205
0 0.4580769230769231 0.9445964432284542 0.023846153846153847 0.0506155950752394
0 0.5696153846153846 0.9746922024623803 0.026923076923076925 0.0506155950752394
0 0.6019230769230769 0.9808481532147743 0.02846153846153846 0.03556771545827633
