0 0.5366666666666666 0.23375 0.043333333333333335 0.09
0 0.5766666666666667 0.27125 0.051666666666666666 0.065
0 0.47875 0.361875 0.04583333333333333 0.08375
0 0.5408333333333334 0.42125 0.045 0.08
0 0.5179166666666667 0.368125 0.04083333333333333 0.07625
0 0.5566666666666666 0.35875 0.043333333333333335 0.075
0 0.60625 0.228125 0.04416666666666667 0.06125
0 0.5870833333333333 0.195625 0.035833333333333335 0.05875
0 0.5483333333333333 0.04875 0.05 0.08
0 0.6566666666666666 0.0225 0.043333333333333335 0.045
0 0.7870833333333334 0.016875 0.0425 0.03375
0 0.7441666666666666 0.018125 0.041666666666666664 0.03625
0 0.6604166666666667 0.19625 0.04583333333333333 0.075
0 0.6791666666666667 0.151875 0.045 0.06625
0 0.7970833333333334 0.190625 0.04416666666666667 0.08125
0 0.83 0.18125 0.04 0.08
0 0.8641666666666666 0.265 0.043333333333333335 0.065
0 0.8320833333333333 0.34 0.0475 0.085
0 0.9829166666666667 0.396875 0.034166666666666665 0.08125
0 0.7625 0.446875 0.043333333333333335 0.08875
0 0.8216666666666667 0.48625 0.056666666666666664 0.09
0 0.9383333333333334 0.563125 0.045 0.06625
0 0.9166666666666666 0.503125 0.03666666666666667 0.06375
0 0.95375 0.52875 0.0425 0.075
0 0.5454166666666667 0.63625 0.050833333333333335 0.08
0 0.5966666666666667 0.66875 0.03833333333333333 0.0725
0 0.5875 0.600625 0.03666666666666667 0.07875
0 0.6379166666666667 0.628125 0.04583333333333333 0.08875
0 0.6925 0.71375 0.03833333333333333 0.075
0 0.6383333333333333 0.744375 0.04 0.06875
0 0.49125 0.7225 0.0425 0.0725
0 0.5245833333333333 0.78875 0.0475 0.09
0 0.7495833333333334 0.80125 0.04416666666666667 0.0725
0 0.77125 0.535 0.0425 0.09
0 0.7441666666666666 0.673125 0.041666666666666664 0.08625
0 0.9416666666666667 0.8 0.04833333333333333 0.0925
0 0.4725 0.87 0.043333333333333335 0.0925
0 0.42541666666666667 0.9025 0.0475 0.0775
0 0.5145833333333333 0.935 0.0475 0.0925
0 0.6833333333333333 0.87875 0.03833333333333333 0.08
0 0.645 0.869375 0.035 0.07125
