0 0.56689453125 0.03687315634218289 0.0205078125 0.038348082595870206
0 0.0166015625 0.36578171091445427 0.0234375 0.035398230088495575
0 0.765625 0.10398230088495575 0.025390625 0.045722713864306784
0 0.7333984375 0.1570796460176991 0.025390625 0.03687315634218289
0 0.7060546875 0.19247787610619468 0.021484375 0.03982300884955752
0 0.93701171875 0.3635693215339233 0.0166015625 0.03687315634218289
0 0.369140625 0.32669616519174044 0.0234375 0.03392330383480826
0 0.32763671875 0.44616519174041297 0.0263671875 0.04277286135693215
0 0.3486328125 0.471976401179941 0.0234375 0.04424778761061947
0 0.4130859375 0.48525073746312686 0.0234375 0.04424778761061947
0 0.39404296875 0.4778761061946903 0.0205078125 0.038348082595870206
0 0.2958984375 0.47050147492625366 0.0234375 0.038348082595870206
0 0.1796875 0.48672566371681414 0.021484375 0.0471976401179941
0 0.4501953125 0.3812684365781711 0.01953125 0.03392330383480826
0 0.626953125 0.4033923303834808 0.021484375 0.04277286135693215
0 0.64892578125 0.4085545722713864 0.0244140625 0.04129793510324484
0 0.71875 0.35176991150442477 0.01953125 0.030973451327433628
0 0.53857421875 0.4778761061946903 0.0224609375 0.04424778761061947
0 0.57373046875 0.4528023598820059 0.0224609375 0.04129793510324484
0 0.73583984375 0.4144542772861357 0.0224609375 0.032448377581120944
0 0.5595703125 0.5671091445427728 0.01953125 0.03687315634218289
0 0.5888671875 0.5685840707964602 0.025390625 0.045722713864306784
0 0.65869140625 0.5722713864306784 0.0263671875 0.04129793510324484
0 0.76513671875 0.5331858407079646 0.0185546875 0.04277286135693215
0 0.7373046875 0.5398230088495575 0.017578125 0.04424778761061947
0 0.7548828125 0.5412979351032449 0.01953125 0.038348082595870206
0 0.75537109375 0.581858407079646 0.0244140625 0.03982300884955752
0 0.59375 0.6157817109144543 0.0234375 0.04277286135693215
0 0.68359375 0.5973451327433629 0.025390625 0.038348082595870206
0 0.703125 0.6792035398230089 0.025390625 0.04277286135693215
0 0.71923828125 0.6452802359882006 0.0263671875 0.03687315634218289
0 0.41162109375 0.6025073746312685 0.0224609375 0.03687315634218289
0 0.361328125 0.6821533923303835 0.025390625 0.03687315634218289
0 0.37646484375 0.7087020648967551 0.0263671875 0.03982300884955752
0 0.23779296875 0.7522123893805309 0.0244140625 0.038348082595870206
0 0.20263671875 0.7706489675516224 0.0263671875 0.03392330383480826
0 0.4677734375 0.7300884955752213 0.025390625 0.038348082595870206
0 0.494140625 0.745575221238938 0.0234375 0.03687315634218289
0 0.822265625 0.7028023598820059 0.0234375 0.03982300884955752
0 0.73779296875 0.7558997050147492 0.0244140625 0.03982300884955752
0 0.6884765625 0.7426253687315634 0.025390625 0.03687315634218289
0 0.69140625 0.7035398230088495 0.0234375 0.035398230088495575
0 0.490234375 0.7905604719764012 0.029296875 0.038348082595870206
0 0.82666015625 0.7713864306784661 0.0263671875 0.05014749262536873
0 0.19873046875 0.950589970501475 0.0244140625 0.051622418879056046
0 0.05908203125 0.782448377581121 0.0341796875 0.05457227138643068
