0 0.30169753086419754 0.0470679012345679 0.019290123456790122 0.030349794238683128
0 0.5262345679012346 0.11136831275720165 0.017746913580246913 0.03137860082304527
0 0.30169753086419754 0.2109053497942387 0.020833333333333332 0.037037037037037035
0 0.345679012345679 0.2404835390946502 0.017746913580246913 0.026234567901234566
0 0.283179012345679 0.20113168724279834 0.019290123456790122 0.02880658436213992
0 0.2980324074074074 0.27469135802469136 0.016589506172839507 0.0257201646090535
0 0.2777777777777778 0.26157407407407407 0.022376543209876542 0.022119341563786008
0 0.3948688271604938 0.2800925925925926 0.017361111111111112 0.030349794238683128
0 0.41300154320987653 0.29140946502057613 0.01890432098765432 0.041666666666666664
0 0.5283564814814815 0.2705761316872428 0.021219135802469136 0.03189300411522634
0 0.14429012345679013 0.34593621399176955 0.019290123456790122 0.035493827160493825
0 0.23919753086419754 0.3593106995884774 0.023919753086419752 0.03446502057613169
0 0.25385802469135804 0.37834362139917693 0.021604938271604937 0.02417695473251029
0 0.27739197530864196 0.3775720164609053 0.016975308641975308 0.0360082304526749
0 0.3385416666666667 0.3477366255144033 0.019675925925925927 0.023662551440329218
0 0.5275848765432098 0.3317901234567901 0.018132716049382717 0.0205761316872428
0 0.5198688271604939 0.3096707818930041 0.015817901234567902 0.027777777777777776
0 0.40625 0.36856995884773663 0.016975308641975308 0.02417695473251029
0 0.35802469135802467 0.3341049382716049 0.016975308641975308 0.030349794238683128
0 0.19868827160493827 0.4441872427983539 0.018518518518518517 0.04063786008230453
0 0.1423611111111111 0.47170781893004116 0.016203703703703703 0.03292181069958848
0 0.21141975308641975 0.5 0.024691358024691357 0.044238683127572016
0 0.3489583333333333 0.42824074074074076 0.02044753086419753 0.032407407407407406
0 0.3445216049382716 0.4647633744855967 0.023148148148148147 0.03343621399176955
0 0.267554012345679 0.45164609053497945 0.022762345679012346 0.026748971193415638
0 0.5167824074074074 0.47350823045267487 0.024305555555555556 0.028292181069958847
0 0.47280092592592593 0.5306069958847737 0.017361111111111112 0.028292181069958847
0 0.12114197530864197 0.5195473251028807 0.022376543209876542 0.04218106995884774
0 0.14351851851851852 0.5223765432098766 0.016975308641975308 0.029320987654320986
0 0.1597222222222222 0.5300925925925926 0.020061728395061727 0.029320987654320986
0 0.12885802469135801 0.5666152263374485 0.018518518518518517 0.03755144032921811
0 0.14930555555555555 0.5583847736625515 0.019290123456790122 0.028292181069958847
0 0.22376543209876543 0.5789609053497943 0.026234567901234566 0.028292181069958847
0 0.32947530864197533 0.555298353909465 0.02700617283950617 0.03343621399176955
0 0.1707175925925926 0.6260288065843621 0.018132716049382717 0.033950617283950615
0 0.19810956790123457 0.7039609053497943 0.018132716049382717 0.03755144032921811
0 0.05690586419753087 0.6929012345679012 0.016589506172839507 0.03497942386831276
0 0.010416666666666666 0.6579218106995884 0.018518518518518517 0.03189300411522634
0 0.13908179012345678 0.6965020576131687 0.02353395061728395 0.02880658436213992
0 0.05555555555555555 0.7415123456790124 0.022376543209876542 0.029320987654320986
0 0.07484567901234568 0.7587448559670782 0.021604938271604937 0.040123456790123455
0 0.46199845679012347 0.7404835390946503 0.02044753086419753 0.032407407407407406
0 0.36709104938271603 0.664866255144033 0.02970679012345679 0.032407407407407406
0 0.19193672839506173 0.8292181069958847 0.019675925925925927 0.0411522633744856
0 0.21257716049382716 0.8762860082304527 0.019290123456790122 0.03446502057613169
0 0.2341820987654321 0.8963477366255144 0.027777777777777776 0.03652263374485597
0 0.6323302469135802 0.9120370370370371 0.024691358024691357 0.04526748971193416
