0 0.3840625 0.08208333333333333 0.040625 0.0475
0 0.3659375 0.05 0.055625 0.05333333333333334
0 0.4165625 0.035416666666666666 0.034375 0.04583333333333333
0 0.3928125 0.12125 0.051875 0.07083333333333333
0 0.3784375 0.15208333333333332 0.044375 0.06583333333333333
0 0.4790625 0.0375 0.045625 0.06333333333333334
0 0.4553125 0.06958333333333333 0.051875 0.059166666666666666
0 0.455 0.18625 0.05375 0.06583333333333333
0 0.50375 0.25375 0.04375 0.0625
0 0.533125 0.21375 0.035 0.0575
0 0.56375 0.21291666666666667 0.04125 0.059166666666666666
0 0.5746875 0.16458333333333333 0.051875 0.06416666666666666
0 0.58375 0.11708333333333333 0.04125 0.0625
0 0.5725 0.0575 0.0575 0.056666666666666664
0 0.6075 0.0825 0.03625 0.06833333333333333
0 0.634375 0.11958333333333333 0.0425 0.0475
0 0.636875 0.04125 0.0375 0.0425
0 0.4721875 0.29791666666666666 0.038125 0.05583333333333333
0 0.68 0.23166666666666666 0.05375 0.08
0 0.694375 0.32416666666666666 0.0475 0.06833333333333333
0 0.7346875 0.30583333333333335 0.048125 0.04666666666666667
0 0.601875 0.39916666666666667 0.0325 0.055
0 0.575625 0.39125 0.03 0.0375
0 0.538125 0.3875 0.0275 0.043333333333333335
0 0.5 0.4170833333333333 0.03625 0.050833333333333335
0 0.540625 0.45916666666666667 0.03 0.04666666666666667
0 0.5690625 0.33375 0.024375 0.0375
0 0.6203125 0.31875 0.023125 0.030833333333333334
0 0.6184375 0.35041666666666665 0.026875 0.035833333333333335
0 0.6384375 0.3425 0.024375 0.03833333333333333
0 0.65625 0.35625 0.03125 0.04583333333333333
0 0.5625 0.41791666666666666 0.02375 0.04583333333333333
0 0.414375 0.47791666666666666 0.04 0.049166666666666664
0 0.4503125 0.515 0.036875 0.051666666666666666
0 0.490625 0.5025 0.03375 0.05333333333333334
0 0.4784375 0.44708333333333333 0.026875 0.03916666666666667
0 0.5303125 0.5029166666666667 0.036875 0.060833333333333336
0 0.520625 0.4529166666666667 0.02875 0.034166666666666665
0 0.6075 0.5295833333333333 0.05125 0.06416666666666666
0 0.601875 0.4945833333333333 0.04375 0.03916666666666667
0 0.5653125 0.5454166666666667 0.028125 0.035833333333333335
0 0.54875 0.5754166666666667 0.0275 0.0275
0 0.58375 0.5775 0.02875 0.028333333333333332
0 0.559375 0.63625 0.03875 0.07083333333333333
0 0.7015625 0.6358333333333334 0.043125 0.06
0 0.6184375 0.6845833333333333 0.040625 0.07583333333333334
0 0.5859375 0.7295833333333334 0.025625 0.0425
0 0.5903125 0.7708333333333334 0.029375 0.051666666666666666
0 0.5496875 0.7145833333333333 0.040625 0.0675
0 0.5334375 0.7675 0.041875 0.07
0 0.5515625 0.83625 0.040625 0.07416666666666667
0 0.613125 0.8325 0.0325 0.041666666666666664
0 0.6228125 0.8729166666666667 0.025625 0.04416666666666667
0 0.6034375 0.8758333333333334 0.020625 0.03833333333333333
0 0.575625 0.9066666666666666 0.02875 0.04666666666666667
0 0.5940625 0.8620833333333333 0.024375 0.03916666666666667
0 0.64125 0.9179166666666667 0.02625 0.049166666666666664
0 0.635 0.9525 0.03875 0.05333333333333334
0 0.6896875 0.8875 0.038125 0.058333333333333334
0 0.6790625 0.8433333333333334 0.038125 0.045
0 0.639375 0.7625 0.045 0.07333333333333333
0 0.6921875 0.7675 0.049375 0.08333333333333333
0 0.72 0.7004166666666667 0.03625 0.06916666666666667
0 0.766875 0.675 0.0525 0.056666666666666664
0 0.84625 0.69 0.05 0.058333333333333334
0 0.8725 0.7279166666666667 0.0525 0.0625
0 0.851875 0.7620833333333333 0.04 0.0575
0 0.8203125 0.7375 0.035625 0.04833333333333333
0 0.813125 0.7783333333333333 0.045 0.08666666666666667
0 0.7903125 0.7258333333333333 0.038125 0.056666666666666664
0 0.775 0.8291666666666667 0.04125 0.056666666666666664
0 0.74625 0.7883333333333333 0.04375 0.06666666666666667
0 0.72625 0.89625 0.0475 0.08416666666666667
0 0.76625 0.88125 0.03 0.05416666666666667
0 0.7975 0.8845833333333334 0.03875 0.0675
0 0.81625 0.8616666666666667 0.03375 0.08
0 0.8528125 0.8725 0.048125 0.08166666666666667
0 0.9028125 0.9754166666666667 0.034375 0.049166666666666664
0 0.98875 0.7870833333333334 0.0225 0.05416666666666667
0 0.049375 0.6195833333333334 0.045 0.07916666666666666
0 0.136875 0.5729166666666666 0.05125 0.06583333333333333
0 0.1159375 0.5466666666666666 0.043125 0.075
0 0.10125 0.6233333333333333 0.0425 0.055
0 0.0828125 0.65125 0.056875 0.0575
0 0.1734375 0.6325 0.041875 0.08
0 0.14625 0.6708333333333333 0.0525 0.06
0 0.166875 0.7025 0.04375 0.05333333333333334
0 0.2384375 0.6016666666666667 0.051875 0.06333333333333334
0 0.27625 0.6754166666666667 0.04 0.0825
0 0.31375 0.63 0.05 0.07833333333333334
0 0.2178125 0.7325 0.043125 0.07666666666666666
0 0.1784375 0.7654166666666666 0.046875 0.0825
0 0.0828125 0.8641666666666666 0.028125 0.05
0 0.0459375 0.8729166666666667 0.033125 0.0475
0 0.35375 0.7116666666666667 0.0375 0.058333333333333334
0 0.309375 0.78875 0.04125 0.0775
0 0.2953125 0.74375 0.026875 0.04083333333333333
0 0.2878125 0.805 0.038125 0.07
0 0.3221875 0.86 0.029375 0.058333333333333334
0 0.3503125 0.8345833333333333 0.048125 0.0775
0 0.39625 0.7991666666666667 0.045 0.08666666666666667
0 0.441875 0.74125 0.04875 0.06416666666666666
0 0.43 0.71 0.04 0.058333333333333334
0 0.0709375 0.8279166666666666 0.028125 0.030833333333333334
0 0.1896875 0.9783333333333334 0.046875 0.043333333333333335
0 0.2109375 0.9391666666666667 0.024375 0.041666666666666664
0 0.293125 0.93 0.03125 0.045
0 0.2540625 0.95875 0.036875 0.0475
0 0.3521875 0.9375 0.040625 0.065
0 0.45375 0.8841666666666667 0.03875 0.05333333333333334
