0 0.666875 0.9266666666666666 0.03875 0.05
0 0.5725 0.9333333333333333 0.035 0.05333333333333334
0 0.718125 0.7483333333333333 0.02875 0.05
0 0.96 0.8725 0.045 0.06166666666666667
0 0.919375 0.94 0.02625 0.04
0 0.408125 0.9433333333333334 0.03125 0.04
0 0.364375 0.8891666666666667 0.03375 0.041666666666666664
0 0.393125 0.845 0.02625 0.04
0 0.44 0.9891666666666666 0.025 0.021666666666666667
0 0.464375 0.9883333333333333 0.03125 0.023333333333333334
0 0.165 0.9308333333333333 0.045 0.045
0 0.18125 0.9616666666666667 0.0275 0.03666666666666667
0 0.355 0.7941666666666667 0.03 0.03833333333333333
0 0.98 0.7975 0.04 0.035
0 0.94125 0.6583333333333333 0.0325 0.04666666666666667
0 0.916875 0.6216666666666667 0.03875 0.043333333333333335
0 0.88 0.5841666666666666 0.025 0.03833333333333333
0 0.91125 0.5991666666666666 0.03 0.025
0 0.8275 0.6008333333333333 0.025 0.03166666666666667
0 0.841875 0.5775 0.02875 0.03166666666666667
0 0.891875 0.5275 0.02625 0.035
0 0.8475 0.5 0.0225 0.03
0 0.8025 0.45166666666666666 0.0275 0.03666666666666667
0 0.86125 0.3933333333333333 0.0375 0.04
0 0.91125 0.395 0.0275 0.03666666666666667
0 0.938125 0.38666666666666666 0.02875 0.03666666666666667
0 0.97125 0.33916666666666667 0.03 0.045
0 0.866875 0.3283333333333333 0.03125 0.043333333333333335
0 0.8025 0.30333333333333334 0.0275 0.04
0 0.76625 0.3408333333333333 0.0225 0.035
0 0.9225 0.235 0.0225 0.03666666666666667
0 0.944375 0.24 0.02375 0.03
0 0.7775 0.25333333333333335 0.0225 0.03
0 0.76 0.22666666666666666 0.0225 0.03
0 0.790625 0.22 0.01875 0.03666666666666667
0 0.654375 0.18333333333333332 0.02125 0.03333333333333333
0 0.67 0.3025 0.0225 0.03833333333333333
0 0.654375 0.31083333333333335 0.02125 0.03166666666666667
0 0.694375 0.27 0.02375 0.03
0 0.7075 0.31083333333333335 0.0225 0.03166666666666667
0 0.589375 0.4683333333333333 0.02875 0.03333333333333333
0 0.6 0.4483333333333333 0.025 0.03666666666666667
0 0.598125 0.5241666666666667 0.02625 0.035
0 0.634375 0.56 0.02625 0.03333333333333333
0 0.61875 0.5941666666666666 0.0225 0.03166666666666667
0 0.67 0.5466666666666666 0.0275 0.043333333333333335
0 0.415625 0.49166666666666664 0.02125 0.03
0 0.421875 0.5241666666666667 0.02375 0.03166666666666667
0 0.435625 0.5008333333333334 0.02375 0.03166666666666667
0 0.510625 0.545 0.02375 0.03333333333333333
0 0.493125 0.5566666666666666 0.01625 0.03
0 0.51375 0.565 0.025 0.023333333333333334
0 0.47625 0.575 0.0325 0.02666666666666667
0 0.455625 0.575 0.02125 0.02666666666666667
0 0.40375 0.4558333333333333 0.02 0.028333333333333332
0 0.426875 0.4583333333333333 0.02125 0.03
0 0.4625 0.5033333333333333 0.0225 0.02666666666666667
0 0.465625 0.4825 0.02125 0.028333333333333332
0 0.49 0.48333333333333334 0.0275 0.03666666666666667
0 0.5025 0.45666666666666667 0.0275 0.03333333333333333
0 0.52125 0.4775 0.03 0.035
0 0.563125 0.5 0.03125 0.03666666666666667
0 0.261875 0.7025 0.03125 0.03833333333333333
0 0.346875 0.7658333333333334 0.02875 0.03833333333333333
0 0.4625 0.7283333333333334 0.0325 0.04
0 0.42625 0.7508333333333334 0.0225 0.03833333333333333
0 0.42625 0.6675 0.03 0.03833333333333333
0 0.34625 0.7341666666666666 0.03 0.03166666666666667
0 0.40875 0.6966666666666667 0.03 0.03666666666666667
0 0.215625 0.7933333333333333 0.02875 0.03
0 0.299375 0.5233333333333333 0.03125 0.03
0 0.273125 0.5091666666666667 0.02625 0.03833333333333333
0 0.11875 0.9091666666666667 0.0325 0.045
0 0.089375 0.7433333333333333 0.03125 0.04
0 0.06125 0.72 0.0325 0.03333333333333333
0 0.055625 0.75 0.02875 0.04
0 0.028125 0.7491666666666666 0.02375 0.041666666666666664
0 0.0375 0.785 0.0225 0.03
0 0.100625 0.7033333333333334 0.02875 0.03666666666666667
0 0.065625 0.6925 0.02625 0.035
0 0.041875 0.69 0.02375 0.03333333333333333
0 0.076875 0.645 0.02875 0.043333333333333335
0 0.060625 0.63 0.03125 0.04
0 0.54625 0.44 0.0325 0.04
0 0.10875 0.5191666666666667 0.03 0.035
0 0.04 0.3875 0.025 0.041666666666666664
0 0.055625 0.37333333333333335 0.02625 0.02666666666666667
0 0.11 0.42 0.0325 0.03
0 0.105625 0.4525 0.02875 0.03833333333333333
0 0.153125 0.4483333333333333 0.03125 0.03
0 0.166875 0.5691666666666667 0.02625 0.028333333333333332
0 0.245625 0.57 0.03375 0.04
0 0.23125 0.5816666666666667 0.0325 0.043333333333333335
0 0.154375 0.6441666666666667 0.02375 0.041666666666666664
0 0.176875 0.63 0.02875 0.04
0 0.27375 0.3358333333333333 0.0275 0.035
0 0.306875 0.3625 0.02875 0.035
0 0.340625 0.36083333333333334 0.03125 0.03833333333333333
0 0.28375 0.3925 0.03 0.041666666666666664
0 0.325 0.49833333333333335 0.0225 0.03
0 0.466875 0.41333333333333333 0.03375 0.04
0 0.6975 0.1275 0.025 0.028333333333333332
0 0.7225 0.125 0.02 0.02666666666666667
0 0.689375 0.23916666666666667 0.02625 0.03166666666666667
0 0.626875 0.11583333333333333 0.02625 0.041666666666666664
0 0.62 0.1475 0.02 0.028333333333333332
0 0.494375 0.2866666666666667 0.02875 0.04
0 0.391875 0.2708333333333333 0.02375 0.03166666666666667
0 0.40375 0.16666666666666666 0.03 0.02666666666666667
0 0.578125 0.025 0.02375 0.03
0 0.58 0.05333333333333334 0.0275 0.03333333333333333
0 0.54375 0.12416666666666666 0.02 0.025
0 0.389375 0.0125 0.01875 0.025
0 0.40875 0.015833333333333335 0.02 0.028333333333333332
0 0.6575 0.015833333333333335 0.0225 0.025
0 0.631875 0.013333333333333334 0.02125 0.02666666666666667
0 0.79375 0.024166666666666666 0.02 0.035
