0 0.166796875 0.053341148886283704 0.06796875 0.10668229777256741
0 0.220703125 0.06506447831184056 0.08046875 0.11840562719812427
0 0.315234375 0.1336459554513482 0.06796875 0.13599062133645956
0 0.38125 0.047479484173505275 0.08125 0.09026963657678781
0 0.39296875 0.19343493552168817 0.0734375 0.11254396248534584
0 0.4265625 0.3030480656506448 0.078125 0.11840562719812427
0 0.371484375 0.48534583821805394 0.06953125 0.10316529894490035
0 0.425 0.41852286049237986 0.0765625 0.1242672919109027
0 0.53046875 0.48827667057444313 0.0734375 0.12075029308323564
0 0.46171875 0.556271981242673 0.065625 0.14654161781946073
0 0.322265625 0.6248534583821805 0.07265625 0.13599062133645956
0 0.3890625 0.6066822977725674 0.0734375 0.1488862837045721
0 0.191796875 0.6840562719812426 0.06484375 0.1324736225087925
0 0.082421875 0.6787807737397421 0.06171875 0.11488862837045721
0 0.12890625 0.9032825322391559 0.06875 0.11137162954279015
0 0.179296875 0.8622508792497069 0.06015625 0.09261430246189918
0 0.3984375 0.7854630715123095 0.0765625 0.1242672919109027
0 0.5046875 0.6676436107854631 0.0703125 0.10668229777256741
0 0.578515625 0.6289566236811255 0.05078125 0.09730363423212192
0 0.51328125 0.7831184056271981 0.065625 0.1242672919109027
0 0.442578125 0.6899179366940211 0.06796875 0.1160609613130129
0 0.3203125 0.48300117233294254 0.06875 0.11488862837045721
0 0.14921875 0.47245017584994137 0.0578125 0.11254396248534584
0 0.190625 0.4015240328253224 0.0703125 0.08323563892145369
