0 0.1615410052910053 0.027281746031746032 0.07308201058201058 0.054563492063492064
0 0.21626984126984128 0.038318452380952384 0.06018518518518518 0.056299603174603176
0 0.3644179894179894 0.053075396825396824 0.06415343915343916 0.0496031746031746
0 0.2152777777777778 0.18080357142857142 0.056216931216931214 0.04811507936507937
0 0.16203703703703703 0.16778273809523808 0.05026455026455026 0.050347222222222224
0 0.22271825396825398 0.24404761904761904 0.055224867724867725 0.04811507936507937
0 0.05638227513227513 0.28596230158730157 0.05324074074074074 0.04365079365079365
0 0.04431216931216931 0.35962301587301587 0.05092592592592592 0.04662698412698413
0 0.0763888888888889 0.3029513888888889 0.041005291005291 0.03844246031746032
0 0.18551587301587302 0.27814980158730157 0.03306878306878307 0.028025793650793652
0 0.2743055555555556 0.3473462301587302 0.049933862433862435 0.045882936507936505
0 0.33101851851851855 0.36681547619047616 0.0291005291005291 0.030753968253968252
0 0.3740079365079365 0.36495535714285715 0.03306878306878307 0.028521825396825396
0 0.52744708994709 0.17435515873015872 0.03505291005291005 0.032242063492063495
0 0.603505291005291 0.060515873015873016 0.046957671957671955 0.042162698412698416
0 0.6245039682539683 0.09486607142857142 0.04927248677248677 0.051835317460317464
0 0.6626984126984127 0.12413194444444445 0.04894179894179894 0.03844246031746032
0 0.6254960317460317 0.31262400793650796 0.05125661375661376 0.045882936507936505
0 0.7071759259259259 0.1654265873015873 0.04398148148148148 0.04117063492063492
0 0.7488425925925926 0.1654265873015873 0.03736772486772487 0.03968253968253968
0 0.7542989417989417 0.11507936507936507 0.052248677248677246 0.04117063492063492
0 0.7371031746031746 0.23139880952380953 0.05423280423280423 0.053075396825396824
0 0.7513227513227513 0.2865823412698413 0.05886243386243386 0.057291666666666664
0 0.845734126984127 0.26413690476190477 0.05324074074074074 0.04365079365079365
0 0.8202711640211641 0.3072916666666667 0.07705026455026455 0.061507936507936505
0 0.7919973544973545 0.25768849206349204 0.05092592592592592 0.04117063492063492
0 0.5916005291005291 0.4497767857142857 0.08068783068783068 0.06572420634920635
0 0.8645833333333334 0.47643849206349204 0.07175925925925926 0.053075396825396824
0 0.34011243386243384 0.4071180555555556 0.04133597883597884 0.03050595238095238
0 0.3146494708994709 0.4340277777777778 0.020833333333333332 0.029265873015873016
0 0.3010912698412698 0.44494047619047616 0.028769841269841268 0.02628968253968254
0 0.26521164021164023 0.42584325396825395 0.03505291005291005 0.032242063492063495
0 0.33664021164021163 0.3087797619047619 0.026455026455026454 0.025297619047619048
0 0.718584656084656 0.6842757936507936 0.07208994708994709 0.062003968253968256
0 0.8720238095238095 0.7321428571428571 0.056216931216931214 0.057539682539682536
0 0.8981481481481481 0.7085813492063492 0.03835978835978836 0.03819444444444445
0 0.8796296296296297 0.78125 0.047619047619047616 0.03869047619047619
0 0.9067460317460317 0.8018353174603174 0.041005291005291 0.03720238095238095
0 0.4376653439153439 0.9781746031746031 0.06712962962962964 0.04365079365079365
0 0.6036706349206349 0.9720982142857143 0.09424603174603174 0.05580357142857143
0 0.5333994708994709 0.9040178571428571 0.06415343915343916 0.06547619047619048
0 0.5962301587301587 0.8218005952380952 0.08531746031746032 0.058779761904761904
0 0.5787037037037037 0.7627728174603174 0.0701058201058201 0.056299603174603176
0 0.5100859788359788 0.8353174603174603 0.06514550264550265 0.06746031746031746
0 0.460978835978836 0.8823164682539683 0.041005291005291 0.03844246031746032
0 0.4313822751322751 0.8932291666666666 0.040013227513227514 0.037450396825396824
0 0.40773809523809523 0.8578869047619048 0.05291005291005291 0.036210317460317464
0 0.3726851851851852 0.847718253968254 0.041005291005291 0.03521825396825397
0 0.4748677248677249 0.7807539682539683 0.037037037037037035 0.03521825396825397
0 0.4287367724867725 0.7650049603174603 0.05324074074074074 0.04439484126984127
0 0.5279431216931217 0.6796875 0.06316137566137567 0.06473214285714286
0 0.48197751322751325 0.6970486111111112 0.05720899470899471 0.057291666666666664
0 0.31101190476190477 0.6526537698412699 0.045965608465608467 0.043402777777777776
0 0.23363095238095238 0.9827628968253969 0.055224867724867725 0.03447420634920635
0 0.20502645502645503 0.861359126984127 0.041005291005291 0.03422619047619048
0 0.23115079365079366 0.8511904761904762 0.036375661375661374 0.039186507936507936
0 0.13541666666666666 0.8058035714285714 0.054563492063492064 0.044642857142857144
0 0.21362433862433863 0.7955109126984127 0.04431216931216931 0.03249007936507937
0 0.19758597883597884 0.7707093253968254 0.05125661375661376 0.035962301587301584
0 0.7999338624338624 0.5037202380952381 0.05952380952380952 0.06398809523809523
0 0.45701058201058203 0.59375 0.04298941798941799 0.03968253968253968
0 0.36044973544973546 0.5954861111111112 0.05886243386243386 0.05009920634920635
0 0.43287037037037035 0.6207837301587301 0.03439153439153439 0.036210317460317464
0 0.38095238095238093 0.6242559523809523 0.05092592592592592 0.03521825396825397
0 0.6011904761904762 0.5396825396825397 0.03373015873015873 0.03373015873015873
0 0.04133597883597884 0.6515376984126984 0.04365079365079365 0.05406746031746032
0 0.08630952380952381 0.6321924603174603 0.046296296296296294 0.04712301587301587
0 0.12334656084656084 0.7100694444444444 0.046296296296296294 0.023313492063492064
0 0.18584656084656084 0.628968253968254 0.05886243386243386 0.04662698412698413
0 0.25297619047619047 0.6378968253968254 0.04894179894179894 0.0496031746031746
0 0.26256613756613756 0.5979662698412699 0.04034391534391534 0.029265873015873016
0 0.22552910052910052 0.5877976190476191 0.03373015873015873 0.028769841269841268
0 0.3115079365079365 0.5823412698412699 0.057539682539682536 0.05952380952380952
0 0.25496031746031744 0.5334821428571429 0.04894179894179894 0.027281746031746032
