0 0.21346153846153845 0.08429561200923788 0.023846153846153847 0.053117782909930716
0 0.23461538461538461 0.12471131639722864 0.026153846153846153 0.03464203233256351
0 0.1773076923076923 0.10508083140877598 0.026923076923076925 0.04387990762124711
0 0.06153846153846154 0.2061200923787529 0.024615384615384615 0.05658198614318707
0 0.025384615384615384 0.20092378752886836 0.027692307692307693 0.046189376443418015
0 0.26576923076923076 0.09122401847575058 0.02846153846153846 0.050808314087759814
0 0.25461538461538463 0.028868360277136258 0.026153846153846153 0.03002309468822171
0 0.23615384615384616 0.20265588914549654 0.02923076923076923 0.05196304849884527
0 0.29423076923076924 0.11778290993071594 0.019230769230769232 0.04157043879907621
0 0.34692307692307695 0.1426096997690531 0.03230769230769231 0.049653579676674366
0 0.3161538461538462 0.19341801385681293 0.023076923076923078 0.049653579676674366
0 0.3503846153846154 0.19399538106235567 0.025384615384615384 0.04849884526558892
0 0.11846153846153847 0.02771362586605081 0.03230769230769231 0.025404157043879907
0 0.33076923076923076 0.07332563510392609 0.02 0.04734411085450346
0 0.46192307692307694 0.09237875288683603 0.025384615384615384 0.03695150115473441
0 0.35384615384615387 0.015011547344110854 0.024615384615384615 0.03002309468822171
0 0.47923076923076924 0.017321016166281754 0.024615384615384615 0.03464203233256351
0 0.475 0.13279445727482678 0.022307692307692306 0.04387990762124711
0 0.545 0.10796766743648961 0.031538461538461536 0.03810623556581986
0 0.495 0.1766743648960739 0.022307692307692306 0.053117782909930716
0 0.5407692307692308 0.14434180138568128 0.024615384615384615 0.03926096997690531
0 0.4673076923076923 0.2540415704387991 0.02076923076923077 0.050808314087759814
0 0.34384615384615386 0.36143187066974597 0.02923076923076923 0.053117782909930716
0 0.5476923076923077 0.23672055427251731 0.018461538461538463 0.03464203233256351
0 0.5242307692307693 0.24133949191685913 0.022307692307692306 0.04387990762124711
0 0.5246153846153846 0.32967667436489606 0.03230769230769231 0.03117782909930716
0 0.4969230769230769 0.3348729792147806 0.023076923076923078 0.046189376443418015
0 0.5065384615384615 0.36027713625866054 0.02076923076923077 0.046189376443418015
0 0.4684615384615385 0.2996535796766744 0.03230769230769231 0.042725173210161664
0 0.9657692307692308 0.04676674364896074 0.031538461538461536 0.061200923787528866
0 0.9030769230769231 0.16339491916859122 0.02923076923076923 0.04734411085450346
0 0.7857692307692308 0.23556581986143188 0.03 0.03926096997690531
0 0.82 0.25346420323325636 0.038461538461538464 0.04503464203233257
0 0.7503846153846154 0.04503464203233257 0.02846153846153846 0.03002309468822171
0 0.7361538461538462 0.14318706697459585 0.024615384615384615 0.03926096997690531
0 0.7430769230769231 0.21939953810623555 0.02 0.03464203233256351
0 0.6576923076923077 0.34699769053117785 0.023076923076923078 0.04041570438799076
0 0.7161538461538461 0.2909930715935335 0.027692307692307693 0.050808314087759814
0 0.6219230769230769 0.4607390300230947 0.03 0.04849884526558892
0 0.9703846153846154 0.2852193995381062 0.03461538461538462 0.053117782909930716
0 0.9596153846153846 0.20034642032332564 0.03 0.04041570438799076
0 0.95 0.3117782909930716 0.033846153846153845 0.05542725173210162
0 0.9215384615384615 0.2979214780600462 0.04 0.053117782909930716
0 0.7757692307692308 0.4133949191685912 0.031538461538461536 0.04157043879907621
0 0.9715384615384616 0.4110854503464203 0.021538461538461538 0.04849884526558892
0 0.7361538461538462 0.4884526558891455 0.03076923076923077 0.04157043879907621
0 0.7553846153846154 0.4953810623556582 0.023076923076923078 0.03464203233256351
0 0.7430769230769231 0.5265588914549654 0.027692307692307693 0.053117782909930716
0 0.713076923076923 0.5150115473441108 0.026153846153846153 0.06466512702078522
0 0.9803846153846154 0.581986143187067 0.03 0.05542725173210162
0 0.9569230769230769 0.5433025404157044 0.03076923076923077 0.04503464203233257
0 0.9403846153846154 0.4838337182448037 0.02076923076923077 0.03926096997690531
0 0.9338461538461539 0.5571593533487298 0.024615384615384615 0.049653579676674366
0 0.8965384615384615 0.5109699769053118 0.025384615384615384 0.03348729792147806
0 0.88 0.5375288683602771 0.023076923076923078 0.04041570438799076
0 0.8819230769230769 0.5715935334872979 0.025384615384615384 0.03926096997690531
0 0.8984615384615384 0.6189376443418014 0.023076923076923078 0.04387990762124711
0 0.865 0.644919168591224 0.01769230769230769 0.03579676674364896
0 0.8476923076923077 0.6454965357967667 0.016923076923076923 0.046189376443418015
0 0.8226923076923077 0.6374133949191686 0.031538461538461536 0.03695150115473441
0 0.811923076923077 0.6772517321016166 0.03307692307692308 0.05196304849884527
0 0.8969230769230769 0.7834872979214781 0.021538461538461538 0.05196304849884527
0 0.8861538461538462 0.7240184757505773 0.027692307692307693 0.04387990762124711
0 0.8546153846153847 0.8406466512702079 0.033846153846153845 0.04849884526558892
0 0.8846153846153846 0.8579676674364896 0.023076923076923078 0.046189376443418015
0 0.8723076923076923 0.7754041570438799 0.018461538461538463 0.04041570438799076
0 0.8438461538461538 0.7840646651270208 0.024615384615384615 0.050808314087759814
0 0.7957692307692308 0.5502309468822171 0.02076923076923077 0.03810623556581986
0 0.8507692307692307 0.535796766743649 0.024615384615384615 0.04387990762124711
0 0.765 0.6212471131639723 0.025384615384615384 0.03926096997690531
0 0.7553846153846154 0.6518475750577367 0.03076923076923077 0.03348729792147806
0 0.6138461538461538 0.3920323325635104 0.02923076923076923 0.03579676674364896
0 0.5815384615384616 0.6235565819861432 0.03538461538461538 0.053117782909930716
0 0.6034615384615385 0.5906466512702079 0.023846153846153847 0.05196304849884527
0 0.6103846153846154 0.6558891454965358 0.02846153846153846 0.053117782909930716
0 0.6034615384615385 0.6928406466512702 0.02846153846153846 0.04157043879907621
0 0.4946153846153846 0.5796766743648961 0.026153846153846153 0.050808314087759814
0 0.5153846153846153 0.5606235565819861 0.026153846153846153 0.042725173210161664
0 0.48 0.5034642032332564 0.026153846153846153 0.04387990762124711
0 0.4696153846153846 0.5594688221709007 0.025384615384615384 0.04734411085450346
0 0.5061538461538462 0.6016166281755196 0.024615384615384615 0.050808314087759814
0 0.5173076923076924 0.42725173210161665 0.025384615384615384 0.04387990762124711
0 0.536923076923077 0.4416859122401848 0.023076923076923078 0.03117782909930716
0 0.5538461538461539 0.4457274826789838 0.026153846153846153 0.04157043879907621
0 0.4473076923076923 0.3596997690531178 0.022307692307692306 0.03579676674364896
0 0.4269230769230769 0.41166281755196305 0.026153846153846153 0.04503464203233257
0 0.4076923076923077 0.43244803695150114 0.03230769230769231 0.05889145496535797
0 0.5042307692307693 0.6795612009237876 0.03 0.04041570438799076
0 0.3496153846153846 0.42321016166281755 0.02846153846153846 0.05658198614318707
0 0.33615384615384614 0.4676674364896074 0.03076923076923077 0.046189376443418015
0 0.3619230769230769 0.5069284064665127 0.022307692307692306 0.046189376443418015
0 0.3396153846153846 0.5161662817551963 0.025384615384615384 0.053117782909930716
0 0.3180769230769231 0.5080831408775982 0.026923076923076925 0.053117782909930716
0 0.21923076923076923 0.4959584295612009 0.023076923076923078 0.05196304849884527
0 0.20961538461538462 0.5265588914549654 0.025384615384615384 0.04849884526558892
0 0.22923076923076924 0.424364896073903 0.02923076923076923 0.028868360277136258
0 0.22846153846153847 0.4018475750577367 0.03076923076923077 0.03002309468822171
0 0.1626923076923077 0.41397228637413397 0.02846153846153846 0.04503464203233257
0 0.29 0.5710161662817552 0.024615384615384615 0.049653579676674366
0 0.3219230769230769 0.5565819861431871 0.026923076923076925 0.050808314087759814
0 0.2680769230769231 0.5132794457274826 0.03 0.05196304849884527
0 0.26269230769230767 0.6039260969976905 0.026923076923076925 0.05542725173210162
0 0.23 0.562933025404157 0.021538461538461538 0.04041570438799076
0 0.3819230769230769 0.6830254041570438 0.03 0.05658198614318707
0 0.30615384615384617 0.6166281755196305 0.024615384615384615 0.04387990762124711
0 0.3280769230769231 0.621824480369515 0.01769230769230769 0.03810623556581986
0 0.19576923076923078 0.621824480369515 0.022307692307692306 0.03810623556581986
0 0.23576923076923076 0.7107390300230947 0.019230769230769232 0.03348729792147806
0 0.2692307692307692 0.8787528868360277 0.03076923076923077 0.057736720554272515
0 0.2611538461538462 0.9572748267898383 0.03307692307692308 0.06235565819861432
0 0.3953846153846154 0.8752886836027713 0.027692307692307693 0.05542725173210162
0 0.34807692307692306 0.9168591224018475 0.025384615384615384 0.04157043879907621
0 0.21423076923076922 0.9670900692840647 0.03769230769230769 0.05658198614318707
