0 0.5472727272727272 0.0546448087431694 0.04727272727272727 0.07650273224043716
0 0.7945454545454546 0.1912568306010929 0.04727272727272727 0.07650273224043716
0 0.8363636363636363 0.1830601092896175 0.03636363636363636 0.07103825136612021
0 0.5345454545454545 0.22950819672131148 0.04363636363636364 0.08743169398907104
0 0.68 0.15027322404371585 0.04363636363636364 0.060109289617486336
0 0.6654545454545454 0.19672131147540983 0.03636363636363636 0.06557377049180328
0 0.48 0.36885245901639346 0.05090909090909091 0.09289617486338798
0 0.54 0.4262295081967213 0.04727272727272727 0.07650273224043716
0 0.6690909090909091 0.31420765027322406 0.03636363636363636 0.07103825136612021
0 0.8327272727272728 0.33879781420765026 0.04363636363636364 0.08743169398907104
0 0.8654545454545455 0.27595628415300544 0.03636363636363636 0.08196721311475409
0 0.76 0.45081967213114754 0.05090909090909091 0.08196721311475409
0 0.8236363636363636 0.4808743169398907 0.04727272727272727 0.08743169398907104
0 0.96 0.5300546448087432 0.03636363636363636 0.07650273224043716
0 0.6418181818181818 0.6338797814207651 0.04 0.08743169398907104
0 0.5418181818181819 0.639344262295082 0.04363636363636364 0.07650273224043716
0 0.52 0.7896174863387978 0.03636363636363636 0.08196721311475409
0 0.4218181818181818 0.9016393442622951 0.03636363636363636 0.06557377049180328
0 0.4690909090909091 0.8688524590163934 0.03636363636363636 0.08743169398907104
0 0.5127272727272727 0.9344262295081968 0.05090909090909091 0.08743169398907104
0 0.64 0.7459016393442623 0.02909090909090909 0.07103825136612021
0 0.6890909090909091 0.7131147540983607 0.04 0.07103825136612021
0 0.7490909090909091 0.8005464480874317 0.04363636363636364 0.09289617486338798
0 0.6818181818181818 0.8797814207650273 0.04 0.06557377049180328
0 0.769090909090909 0.5327868852459017 0.04727272727272727 0.060109289617486336
0 0.5618181818181818 0.3469945355191257 0.04 0.07103825136612021
0 0.5854545454545454 0.19398907103825136 0.03636363636363636 0.07103825136612021
0 0.9163636363636364 0.4972677595628415 0.03636363636363636 0.06557377049180328
0 0.9836363636363636 0.3989071038251366 0.03272727272727273 0.07650273224043716
