278 73 11 57 115 129 211 313 946 217 24 0 0 0 0 0 0 0 34 590 339 175 48 1 
188 157 150 104 210 65 7 15 561 298 37 0 0 0 0 0 0 0 100 507 177 65 47 0 
0 0 0 0 445 571 121 15 1138 14 0 0 0 0 0 0 0 0 0 741 207 82 112 10 
196 158 150 108 221 66 7 18 589 298 37 0 0 0 0 0 0 0 103 522 182 69 48 0 
99 33 37 29 140 445 131 274 1129 59 0 0 0 0 0 0 0 0 0 274 548 265 75 26 
397 20 8 0 0 12 177 898 1512 0 0 0 0 0 0 0 0 0 0 718 755 39 0 0 
0 0 0 0 0 54 645 525 1182 42 0 0 0 0 0 0 0 0 0 402 613 202 7 0 
243 93 0 0 0 0 10 38 380 4 0 0 0 0 0 0 0 0 0 3 38 130 122 91 
141 116 68 29 61 92 67 409 761 222 0 0 0 0 0 0 0 0 0 370 280 188 121 24 
190 300 286 110 60 107 21 14 884 200 4 0 0 0 0 0 0 0 42 411 436 170 29 0 
313 88 116 58 93 54 87 205 763 247 4 0 0 0 0 0 0 0 115 491 302 72 15 19 
105 55 181 372 67 45 15 29 700 169 0 0 0 0 0 0 0 0 315 338 193 20 3 0 
242 247 220 124 74 107 89 52 912 243 0 0 0 0 0 0 0 0 61 559 378 123 34 0 
105 49 33 55 163 299 151 177 771 241 20 0 0 0 0 0 0 0 92 540 239 117 44 0 
337 23 0 0 11 81 64 485 753 248 0 0 0 0 0 0 0 0 0 131 278 207 189 196 
319 0 0 0 6 169 93 349 340 583 13 0 0 0 0 0 0 0 34 276 110 152 208 156 
398 140 47 3 118 223 195 184 894 414 0 0 0 0 0 0 0 0 0 473 432 156 129 118 
175 239 79 96 151 286 282 372 1551 129 0 0 0 0 0 0 0 0 0 547 678 318 125 12 
102 148 186 401 213 25 12 33 498 598 24 0 0 0 0 0 0 0 266 589 204 54 7 0 
19 3 0 0 665 488 142 51 558 751 59 0 0 0 0 0 0 0 0 277 572 356 125 38 
95 40 27 460 453 63 30 124 1046 246 0 0 0 0 0 0 0 0 0 960 329 3 0 0 
129 14 56 150 651 257 19 20 984 312 0 0 0 0 0 0 0 0 13 1036 132 107 8 0 
8 6 4 35 732 296 231 73 985 400 0 0 0 0 0 0 0 0 0 41 755 312 158 119 
19 42 46 44 710 299 33 7 603 560 37 0 0 0 0 0 0 0 0 0 191 287 288 434 
85 231 540 28 0 0 0 1 105 679 101 0 0 0 0 0 0 0 149 398 250 77 11 0 
209 216 347 172 47 41 88 32 641 499 12 0 0 0 0 0 0 0 152 551 219 224 6 0 
3 29 57 37 327 592 106 5 983 173 0 0 0 0 0 0 0 0 3 654 350 124 25 0 
254 103 136 212 300 70 15 28 812 299 7 0 0 0 0 0 0 0 210 503 268 46 51 40 
0 0 0 0 0 217 39 0 206 50 0 0 0 0 0 0 0 0 0 79 142 35 0 0 
246 63 0 0 11 171 579 526 1263 333 0 0 0 0 0 0 0 0 0 148 861 362 173 52 
1 1090 17 0 0 0 0 0 74 542 472 20 0 0 0 0 0 0 28 199 177 197 281 226 
0 913 0 0 0 0 0 0 0 207 629 53 16 6 2 0 0 0 12 30 117 222 521 11 
0 2738 62 0 0 0 0 0 29 750 1246 477 217 59 19 3 1 357 501 419 369 314 527 312 
61 1070 0 0 0 0 5 10 417 558 166 5 0 0 0 0 0 0 0 0 5 110 259 772 
629 1647 130 70 0 0 0 15 776 1473 230 12 0 0 0 0 0 2 228 319 294 460 452 736 
0 909 0 0 0 0 0 0 0 607 268 17 6 8 2 1 0 10 12 26 79 140 296 346 
0 2630 284 32 0 0 0 0 80 1082 1179 429 146 21 6 3 1 389 812 527 312 245 324 336 
37 1021 0 0 0 0 0 0 24 884 150 0 0 0 0 0 0 0 5 17 69 151 336 480 
43 2315 68 0 0 0 0 0 0 100 975 709 270 144 137 91 160 441 419 284 373 418 330 1 
140 3267 114 7 0 0 0 0 167 1458 1427 280 74 47 40 35 129 353 597 606 438 369 403 633 
3 2932 0 0 0 0 0 0 38 476 1492 706 105 51 25 42 12 139 175 364 817 845 407 176 
230 751 0 0 0 0 0 0 0 951 30 0 0 0 0 0 0 0 0 0 8 77 268 628 
0 656 8 0 0 0 0 0 0 455 169 39 1 0 0 0 0 0 27 125 173 138 201 0 
83 2507 98 0 0 0 0 0 0 765 1019 637 219 29 6 13 17 106 649 813 365 376 360 2 
12 2062 234 2 0 0 0 0 313 771 896 280 49 1 0 0 37 849 608 344 422 50 0 0 
40 3263 1001 128 48 3 4 6 83 510 1297 1381 977 219 13 13 264 1045 1568 678 371 284 245 38 
73 2470 1985 15 0 0 0 0 30 208 1176 1826 1057 211 27 8 43 1051 1428 1223 500 214 82 2 
0 2616 164 0 0 0 0 0 10 109 398 1234 951 78 0 0 0 9 68 807 362 307 645 582 
5 2922 762 7 0 0 0 0 9 223 792 609 805 968 275 15 56 293 1769 658 215 140 310 255 
45 2748 2590 92 44 10 0 2 329 723 929 1290 1565 534 114 47 455 704 1813 1575 300 193 291 200 
39 2283 715 13 84 62 6 5 187 195 811 1204 642 128 29 11 52 217 439 576 1065 416 282 160 
0 1016 106 0 0 0 0 0 0 37 84 398 486 90 27 0 0 0 2 85 264 172 344 255 
10 2238 795 0 0 0 0 0 0 17 360 1276 1166 219 4 1 1 231 506 1395 231 232 331 116 
814 4200 366 152 37 32 7 9 200 754 1866 1111 887 768 31 0 0 241 708 1538 1037 773 754 566 
0 1405 37 0 0 0 0 0 0 0 118 539 747 38 0 0 0 36 105 347 193 340 238 183 
70 4729 368 40 1 0 0 0 198 1096 1895 1185 595 200 18 21 0 234 2001 1090 928 273 206 476 
0 2137 353 5 0 0 0 0 0 37 340 1577 491 38 8 4 0 231 441 580 298 308 219 418 
0 3802 27 0 0 0 0 0 0 102 350 1132 1814 407 24 0 0 0 37 812 1195 496 623 666 
37 662 113 61 609 54 7 3 71 238 441 411 152 107 65 61 53 297 222 200 174 121 104 375 
14 398 60 35 141 78 0 0 54 161 212 105 85 52 31 26 35 69 87 78 88 92 112 165 
30 1055 46 11 53 10 0 2 56 93 135 184 190 173 112 264 41 359 307 180 113 81 43 83 
125 256 1 2 6 1 0 0 16 36 75 75 57 43 40 49 2 18 48 83 38 41 32 129 
95 1503 58 23 37 23 5 4 56 280 396 336 231 166 107 176 30 182 392 312 281 216 90 245 
114 690 65 53 362 47 0 30 133 296 368 187 126 87 74 90 24 146 169 183 258 136 194 251 
443 1197 51 18 23 5 0 11 69 224 322 276 261 205 174 217 22 456 378 281 234 195 99 83 
268 36 2 0 0 0 0 24 0 7 33 85 105 51 35 14 2 56 55 46 35 36 37 63 
209 147 0 0 0 0 0 46 0 63 123 74 42 24 17 59 0 7 45 57 39 40 66 148 
108 1080 47 29 167 27 4 5 180 249 354 355 161 131 33 4 0 37 106 285 290 261 214 274 
14 1897 147 48 25 0 0 0 202 460 473 354 384 239 19 0 0 4 33 251 444 339 502 558 
0 329 692 9 6 1 0 0 496 368 150 23 0 0 0 0 0 0 8 34 87 242 346 320 
8 561 157 8 4 0 0 0 229 214 163 93 38 1 0 0 0 0 4 18 79 180 171 286 
0 549 185 1 0 0 0 0 235 294 138 68 0 0 0 0 0 0 14 21 139 192 257 112 
0 328 183 0 0 0 0 0 14 251 163 82 1 0 0 0 1 14 19 79 124 140 133 1 
0 471 207 3 0 0 0 0 179 317 139 43 2 1 0 0 0 9 26 39 82 188 271 66 
0 303 192 22 11 5 0 0 144 189 117 70 13 0 0 0 1 2 6 46 176 152 144 6 
71 1098 853 170 512 155 9 12 1116 943 617 169 31 4 0 0 0 188 249 454 394 534 576 485 
4 514 117 0 0 0 0 0 74 350 156 51 4 0 0 0 0 3 26 71 74 141 213 107 
133 1073 900 162 175 91 0 0 1185 647 386 248 62 6 0 0 0 3 138 397 522 480 460 534 
115 1003 675 214 286 134 26 38 1237 708 230 153 106 53 4 0 0 0 118 467 490 479 519 418 
6 881 1360 137 153 48 0 0 732 845 626 257 96 15 8 6 49 183 417 420 442 543 434 97 
37 1081 417 47 82 60 12 13 126 405 435 336 285 50 6 106 194 289 398 380 211 149 113 15 
0 871 339 0 0 0 0 0 11 351 436 253 116 30 9 4 34 266 228 224 147 158 153 0 
0 447 42 17 64 13 0 0 127 43 178 130 91 14 0 0 0 0 1 58 186 187 127 24 
0 726 56 0 0 0 0 0 54 325 278 97 8 6 2 12 13 18 16 71 154 218 269 23 
0 831 29 0 0 0 0 0 4 546 234 67 4 1 1 3 5 6 16 37 107 226 412 51 
2 856 186 13 0 0 0 0 362 484 189 17 4 1 0 0 1 6 16 30 172 228 323 281 
1 1231 1209 84 23 26 0 0 21 396 818 550 357 161 81 190 398 618 540 310 248 397 63 0 
75 1219 771 160 128 95 15 21 421 930 669 262 132 24 19 27 138 548 502 291 290 325 361 29 
4 899 102 1 0 0 0 0 8 406 351 177 38 11 6 9 12 31 44 82 204 229 380 24 
0 853 2 0 0 0 0 0 0 83 463 241 65 0 2 1 1 7 15 55 197 408 172 0 
81 1033 618 55 76 76 6 35 278 581 573 215 131 74 35 93 373 421 271 326 428 139 17 5 
3 646 20 1 0 0 0 0 57 264 328 15 6 0 0 0 0 17 28 46 117 232 230 0 
0 703 29 0 0 0 0 0 0 45 430 246 4 5 1 1 2 15 18 180 175 222 120 0 
0 951 54 0 0 0 0 0 23 238 573 126 44 1 0 0 0 14 21 39 193 720 18 0 
15 1782 108 9 0 0 0 0 16 239 607 540 381 56 21 54 221 209 451 609 418 6 0 0 
89 2243 202 22 0 0 3 7 54 442 824 700 409 70 29 38 152 391 567 586 526 289 50 5 
0 704 130 0 0 0 0 0 104 269 207 181 57 11 5 0 0 9 51 105 176 250 243 0 
236 2353 424 81 53 2 6 2 460 1484 861 225 67 22 15 23 37 196 344 341 557 724 917 41 
6 919 12 0 0 1 0 0 32 315 449 128 10 2 2 0 0 10 20 19 209 464 214 2 
97 2120 1053 105 46 25 0 0 539 1164 981 469 115 39 29 110 422 446 514 509 714 441 273 127 
4 1553 1090 39 2 0 0 0 604 939 689 354 63 12 15 12 71 230 325 513 478 366 327 378 
505 1461 634 12 0 0 0 1 445 726 758 362 157 83 49 33 19 117 290 420 416 524 468 359 
320 1314 1666 179 34 2 0 1 695 963 1034 504 166 74 50 30 38 192 707 716 542 512 545 264 
42 1810 990 11 4 0 0 1 390 991 1003 411 45 12 3 3 7 54 278 726 564 533 514 182 
146 1060 593 48 8 3 0 0 416 619 422 315 75 10 1 0 1 49 156 335 427 383 311 196 
55 710 1397 92 11 6 3 29 360 642 780 391 107 9 6 8 36 193 467 364 591 374 194 84 
0 723 149 3 0 0 0 0 266 171 216 207 13 0 2 0 0 2 6 41 176 250 167 233 
1 1060 151 3 0 0 0 0 181 421 323 149 120 21 0 0 0 0 32 118 235 255 319 256 
78 2551 473 47 13 0 0 0 569 1353 706 390 117 25 2 0 15 90 359 565 485 510 626 512 
0 3437 533 17 0 0 0 0 0 296 481 1315 1046 316 256 277 1 142 723 523 602 1078 818 100 
0 6568 72 0 0 0 0 0 0 14 401 1643 2088 929 914 651 0 165 1422 866 913 1505 1466 303 
54 6469 150 70 435 128 0 0 49 300 865 1062 1476 1288 1033 1233 31 400 2002 1276 896 1048 1306 347 
20 3233 12 0 0 0 0 0 5 87 218 474 944 451 251 835 4 88 565 587 419 561 898 143 
2 2867 0 0 0 0 0 0 26 64 414 1114 531 339 295 86 1 13 272 545 275 302 469 992 
32 3744 57 0 0 0 0 0 9 167 455 743 840 658 465 496 2 65 563 494 354 399 824 1132 
0 1757 0 0 0 0 0 0 9 32 81 285 716 502 111 21 0 0 3 135 394 207 345 673 
1002 3705 123 65 143 45 37 41 906 1025 899 1120 572 342 249 48 0 97 462 584 657 706 1081 1574 
0 3185 157 0 0 0 0 0 2 191 660 1278 677 279 143 112 0 36 523 494 241 408 700 940 
60 5850 369 15 94 10 0 0 240 287 602 1972 1420 959 706 212 99 379 1171 1946 1302 550 640 311 
247 3406 372 26 51 2 0 0 186 622 1559 1154 335 168 78 2 34 106 518 744 482 541 896 783 
0 2720 454 156 454 13 0 0 71 481 1766 742 254 225 187 71 101 231 476 450 518 666 870 485 
0 1696 80 31 27 0 0 0 19 111 709 946 49 0 0 0 0 0 0 18 127 472 795 422 
390 3877 198 83 187 35 1 16 572 586 1255 1560 369 263 114 68 0 237 625 438 526 896 1160 905 
0 2185 253 25 12 0 0 0 116 168 701 843 308 240 94 5 0 0 329 277 390 432 496 551 
3 1765 20 14 63 35 0 0 126 102 173 453 436 350 147 113 0 0 117 287 241 212 281 762 
959 479 0 0 0 0 0 0 0 36 154 553 373 257 65 0 0 33 229 155 181 168 200 472 
656 4031 1002 158 505 103 87 70 1489 1983 1037 809 638 367 188 101 0 34 509 1487 1074 1208 1205 1095 
832 3636 927 239 641 285 40 60 2108 1600 640 746 593 637 286 50 0 10 631 1254 1791 1750 973 251 
406 4499 1028 106 279 9 4 5 528 1010 664 1491 1113 442 444 644 427 771 723 1117 853 867 920 658 
0 0 1134 617 34 0 0 0 52 819 744 130 40 0 0 0 0 3 222 526 617 283 117 17 
0 20 839 521 7 0 0 0 0 191 444 323 179 101 56 93 1 161 444 442 217 119 3 0 
0 0 471 14 0 0 0 0 0 145 192 126 21 1 0 0 0 11 27 60 71 238 78 0 
0 3 549 56 0 0 0 0 12 181 145 127 83 45 15 0 0 0 44 182 169 138 75 0 
0 0 502 815 483 0 0 0 96 1043 559 102 0 0 0 0 0 0 188 259 364 534 384 71 
0 1 1247 921 61 0 0 0 253 1285 608 82 2 0 0 0 0 0 1 357 688 658 391 135 
0 19 820 581 86 0 0 0 47 825 451 139 21 18 5 0 0 0 0 326 486 433 192 69 
0 20 713 627 75 0 0 0 59 899 322 104 26 20 5 0 0 0 0 267 342 523 220 83 
0 0 800 800 44 0 0 0 114 733 697 100 0 0 0 0 0 6 193 424 479 239 195 108 
0 0 1952 311 25 0 0 0 139 1024 773 292 48 12 0 0 0 117 512 662 455 412 112 18 
0 0 695 17 0 0 0 0 68 430 137 74 3 0 0 0 0 6 25 50 68 94 321 148 
0 0 517 73 0 0 0 0 188 363 38 1 0 0 0 0 0 0 0 0 20 56 278 236 
0 1 1621 708 15 0 0 0 119 573 1157 370 83 37 6 0 0 18 184 484 473 453 457 276 
0 1 1322 266 4 0 0 0 119 513 603 216 99 37 6 0 0 0 21 87 292 297 461 435 
0 20 568 91 53 0 0 0 101 178 152 107 97 56 23 18 0 19 60 67 84 116 254 132 
0 1 1079 318 0 0 0 0 13 243 645 221 141 87 48 0 0 43 113 493 345 216 144 44 
0 0 1961 80 0 0 0 0 52 307 474 650 392 156 10 0 0 179 673 492 253 163 168 113 
0 8 560 53 0 0 0 0 0 77 114 129 107 99 63 32 0 17 93 106 143 106 117 39 
0 0 589 1 0 0 0 0 3 270 287 30 0 0 0 0 0 0 0 3 67 162 329 29 
0 0 619 21 0 0 0 0 0 249 311 76 4 0 0 0 0 2 10 36 78 152 350 12 
0 0 1183 11 0 0 0 0 15 249 427 400 95 8 0 0 0 0 7 213 278 304 264 128 
0 0 1741 67 0 0 0 0 15 364 675 546 145 49 14 0 0 0 36 479 516 418 236 123 
0 21 699 68 5 0 0 0 0 118 295 161 82 58 33 46 0 2 16 169 96 135 289 86 
0 0 1524 751 13 0 0 0 17 651 1261 345 12 2 0 0 0 55 562 674 357 282 340 18 
0 0 1137 631 260 0 0 0 165 727 904 222 10 0 0 0 0 0 210 629 504 300 327 58 
0 0 393 109 0 0 0 0 0 158 228 109 7 0 0 0 0 0 5 118 121 136 110 12 
0 0 1967 69 0 0 0 0 49 811 775 283 87 20 9 2 0 90 297 352 286 369 514 128 
0 0 2273 79 0 0 0 0 35 932 1069 258 54 2 2 0 0 46 495 218 336 633 555 69 
0 0 1633 175 32 0 0 0 9 548 815 366 101 1 0 0 0 27 352 384 455 485 135 2 
0 0 312 120 0 0 0 0 0 115 313 4 0 0 0 0 0 0 5 78 116 205 28 0 
0 0 1128 486 65 0 0 0 108 896 602 73 0 0 0 0 0 2 292 354 345 391 215 80 
0 0 560 8 0 0 0 0 38 388 139 3 0 0 0 0 0 0 0 2 36 107 314 109 
0 2 977 222 16 0 0 0 72 518 360 166 51 31 19 0 0 16 215 287 236 347 116 0 
0 330 0 0 0 0 0 0 0 3 28 88 169 36 6 0 0 2 42 72 214 0 0 0 
8 1012 34 15 18 8 1 1 73 105 209 297 287 108 10 8 179 417 172 121 111 97 0 0 
46 1730 23 4 10 65 5 2 304 173 222 350 302 328 137 69 96 142 455 269 261 287 326 49 
43 2090 16 0 0 36 9 6 105 153 338 523 337 321 230 193 341 665 413 258 274 211 38 0 
0 270 0 0 0 0 0 0 0 0 0 35 136 79 19 1 0 9 31 38 65 127 0 0 
10 1175 29 16 17 0 0 0 63 67 150 165 200 268 212 122 135 346 323 218 91 81 53 0 
3 1339 22 0 0 0 0 0 23 192 268 353 337 147 27 17 15 267 340 276 220 217 29 0 
0 1163 1 0 0 0 0 0 3 114 312 374 297 49 6 9 1 240 178 168 125 190 217 45 
0 1631 46 3 0 0 0 0 9 229 568 436 304 104 28 2 3 166 612 231 150 235 237 46 
3 1531 72 0 0 0 1 3 67 140 367 311 257 275 120 73 36 211 114 134 325 426 312 52 
12 1394 45 0 0 0 0 0 43 155 307 383 225 224 78 36 7 87 144 173 275 327 354 84 
43 2210 0 0 0 0 0 2 58 224 480 506 437 368 142 40 22 248 551 557 364 376 137 0 
2 2002 9 0 0 0 0 0 28 438 287 277 275 367 229 112 17 480 340 530 247 203 196 0 
0 1926 9 0 0 0 0 0 29 289 254 385 360 430 151 37 16 138 181 256 347 498 475 24 
6 1773 22 3 0 0 0 0 0 50 227 299 363 467 244 154 83 188 343 455 462 225 48 0 
26 2128 39 5 0 0 0 2 7 84 229 308 399 604 334 235 295 408 536 404 361 156 39 1 
5 1859 34 2 0 0 0 0 28 106 319 502 465 261 128 91 128 432 326 303 354 216 141 0 
0 452 4 2 0 0 0 0 6 11 38 126 108 90 61 18 19 125 47 56 65 123 23 0 
8 1975 57 4 2 3 0 1 159 217 323 312 427 365 144 103 206 468 323 230 292 303 214 14 
9 1677 0 0 0 0 0 0 3 51 267 395 462 298 138 72 27 441 423 278 203 296 18 0 
0 1611 1 0 0 0 0 0 7 131 341 427 325 187 100 94 159 549 447 136 96 119 106 0 
0 686 0 0 0 0 0 0 0 0 1 110 224 300 40 11 3 12 48 143 282 120 78 0 
41 1957 0 0 0 0 0 0 18 155 286 447 536 336 164 56 27 493 265 273 332 374 232 2 
0 555 0 0 0 0 0 0 2 5 65 135 145 131 51 21 0 3 18 36 109 161 194 34 
9 2314 6 0 0 0 0 0 8 282 481 528 387 374 203 66 0 95 317 319 625 599 342 32 
6 2058 4 0 0 0 0 0 78 508 741 386 255 86 8 6 0 24 179 292 379 676 449 69 
2 1198 11 0 0 0 0 0 31 96 175 289 324 171 97 28 22 122 258 272 271 237 29 0 
38 1599 0 0 0 2 12 4 117 259 361 374 294 156 77 17 14 292 332 350 382 232 51 2 
0 1174 1 0 0 0 0 0 7 144 266 273 237 138 82 28 6 194 299 238 157 131 111 39 
0 549 0 0 0 0 0 0 0 3 6 23 237 244 24 12 2 39 59 83 163 203 0 0 
0 392 0 0 0 0 0 0 0 0 23 149 108 83 26 3 1 6 79 73 74 75 84 0 
0 1223 11 0 0 0 0 0 1 111 383 376 217 82 25 39 40 198 196 289 191 140 180 0 
0 1351 88 0 0 0 0 0 55 171 460 442 207 72 26 6 1 75 120 182 266 396 341 58 
1 2515 79 0 0 4 1 1 60 325 633 675 531 265 84 28 56 456 379 428 361 609 303 9 
0 1491 105 10 9 8 0 0 61 252 257 392 436 168 40 17 17 232 545 165 160 390 114 0 
0 454 23 0 0 0 0 0 6 40 44 127 147 110 3 0 0 12 41 122 109 163 30 0 
0 423 0 0 0 0 0 0 0 5 11 85 255 56 11 0 0 17 103 168 131 4 0 0 
0 515 3 0 0 0 0 0 2 22 19 98 172 169 29 7 8 55 89 93 193 80 0 0 
114 2226 0 0 0 2 1 3 22 235 434 386 442 487 276 64 27 421 741 630 431 96 0 0 
326 837 85 21 3 0 0 0 51 218 291 578 131 3 0 0 2 171 344 314 218 209 14 0 
19 757 35 9 0 0 0 0 17 110 233 259 167 33 1 0 0 15 161 273 207 128 36 0 
80 441 356 602 944 216 15 0 480 1116 811 168 75 4 0 0 38 339 781 860 495 85 25 31 
236 271 371 278 889 30 17 49 744 873 451 61 11 1 0 0 28 349 538 336 350 163 49 328 
30 11 3 220 855 641 153 27 832 682 401 23 1 1 0 0 1 164 695 351 160 63 76 430 
69 1207 65 10 3 0 3 8 36 339 513 229 182 63 3 0 0 45 165 270 209 228 314 134 
38 573 47 3 0 0 0 0 5 40 147 195 151 99 24 0 0 65 136 113 163 178 6 0 
42 1019 306 357 662 459 1 3 733 1443 500 123 25 14 9 2 720 526 698 721 161 18 5 0 
346 1033 758 293 114 136 48 85 436 1081 810 347 87 20 17 15 461 695 1100 430 119 8 0 0 
430 1249 712 275 257 141 8 11 581 1414 733 214 72 36 16 17 289 369 658 833 479 326 127 2 
60 920 480 181 469 259 4 12 346 951 592 309 134 32 9 12 256 501 598 499 318 148 56 9 
115 349 155 121 471 85 60 82 421 653 322 40 2 0 0 0 206 498 424 165 72 6 10 57 
457 81 9 6 239 159 73 169 38 183 313 356 166 95 29 13 6 267 274 126 142 191 154 33 
136 0 0 0 25 62 31 94 1 20 96 118 77 31 5 0 2 81 74 46 39 42 54 10 
230 10 2 2 423 128 70 229 12 67 294 351 181 119 64 6 11 151 145 112 117 220 331 7 
196 0 0 0 214 103 62 203 3 25 178 228 168 109 61 6 11 149 127 96 84 131 175 5 
299 82 4 6 220 160 69 262 54 192 302 306 158 63 21 6 13 250 256 95 99 200 170 19 
237 38 3 1 41 118 68 257 34 130 168 218 155 47 11 0 13 263 220 65 53 104 37 8 
193 47 15 9 478 149 57 243 51 160 360 390 157 55 13 5 13 279 202 81 111 169 325 11 
271 92 6 4 272 168 94 289 54 176 316 341 207 82 18 2 16 414 288 88 85 139 164 2 
478 51 3 4 348 199 90 195 130 296 440 280 119 54 32 17 69 263 281 144 129 210 248 24 
218 26 0 0 374 94 69 109 76 246 387 112 37 23 7 2 0 168 186 98 96 90 249 3 
214 71 16 14 751 181 89 136 148 395 675 210 40 3 1 0 0 198 273 168 140 173 503 17 
517 91 2 9 133 101 84 428 56 205 382 337 201 112 49 23 39 647 330 112 62 85 82 8 
835 304 33 15 260 36 12 51 99 175 324 450 271 131 73 23 0 54 340 289 327 293 156 87 
1002 465 14 6 67 56 8 54 47 147 303 431 335 206 143 60 3 217 511 341 224 178 124 74 
745 348 3 2 10 16 13 24 36 58 136 388 285 152 66 40 0 29 143 189 189 196 170 245 
1285 226 4 3 7 48 24 76 55 107 275 510 365 218 87 56 1 72 221 256 223 236 299 365 
929 421 12 8 119 111 36 36 98 234 368 458 252 147 90 25 2 49 101 200 282 288 346 404 
816 209 6 3 128 59 19 21 63 152 295 359 214 95 67 16 0 9 60 139 138 229 393 293 
691 62 2 3 101 48 15 27 34 99 260 293 148 66 41 8 0 2 40 74 84 192 328 229 
978 580 0 0 0 1 5 64 16 43 164 315 400 367 194 129 1 166 336 380 246 194 157 148 
480 191 4 5 81 17 6 15 21 39 131 304 185 74 27 18 0 17 67 68 112 207 237 91 
361 28 0 2 99 77 34 89 42 158 176 204 103 7 0 0 0 10 148 164 119 117 116 16 
174 202 20 45 417 176 81 255 146 311 525 263 101 20 4 0 0 194 336 174 145 204 275 42 
240 13 3 6 305 108 51 92 170 241 318 83 5 1 0 0 0 20 161 144 84 154 250 5 
283 40 5 5 558 145 36 122 118 281 616 161 18 0 0 0 0 61 244 167 105 178 429 10 
356 14 5 0 209 82 38 89 99 199 335 119 34 7 0 0 0 93 223 80 71 94 225 7 
304 54 12 16 571 240 132 183 127 499 648 185 44 8 1 0 0 410 376 130 101 130 356 9 
365 49 6 19 626 279 131 190 114 462 681 292 94 16 4 2 2 499 422 147 99 136 342 18 
514 80 2 4 179 189 96 178 87 324 384 293 117 29 5 3 2 322 381 153 99 134 134 17 
531 139 1 3 169 33 15 32 37 120 315 198 159 77 15 2 0 27 146 220 102 114 264 50 
410 0 1 0 110 126 44 155 83 245 325 123 56 11 1 2 0 71 212 146 86 112 159 60 
495 55 3 12 296 145 42 166 121 370 459 166 74 20 2 2 0 82 235 204 123 200 284 86 
279 61 3 8 531 182 77 227 136 325 566 210 81 31 12 7 17 501 226 86 84 141 312 1 
321 227 7 8 67 47 25 94 55 143 185 207 141 60 5 0 0 62 218 221 135 93 46 21 
629 408 0 1 20 15 19 85 20 80 170 205 243 228 132 99 17 359 170 140 255 150 71 15 
985 384 20 17 208 72 16 14 96 235 350 409 312 156 81 77 1 94 88 145 240 410 494 244 
605 123 7 7 560 57 22 47 64 202 518 209 189 177 56 13 1 68 208 270 86 148 557 90 
826 384 10 10 27 17 5 14 62 99 335 370 246 133 38 10 0 12 111 247 224 223 314 162 
551 130 20 23 114 57 14 22 97 171 313 239 104 7 0 0 0 10 78 66 117 229 335 96 
740 229 4 9 91 47 46 96 80 259 256 418 172 71 4 2 0 44 286 150 268 191 259 64 
697 102 20 29 578 170 60 129 186 576 493 416 99 14 1 0 0 66 430 171 192 225 541 160 
711 421 30 35 236 70 31 41 147 314 413 322 188 101 47 43 8 160 353 245 213 195 297 104 
405 233 16 22 711 159 47 39 205 494 684 164 68 16 0 1 0 253 313 142 109 151 535 129 
446 72 12 19 268 93 34 213 170 319 252 328 85 3 0 0 0 1 58 136 140 248 437 137 
242 23 2 15 472 142 67 324 132 509 278 282 84 2 0 0 0 1 109 187 130 166 452 242 
402 439 29 27 496 31 13 12 158 495 369 223 160 41 3 0 0 62 218 245 193 158 241 332 
221 157 23 15 155 44 15 21 192 244 144 48 18 4 1 0 0 1 42 64 80 120 218 126 
274 195 61 43 614 46 13 9 213 626 214 110 63 26 3 0 0 9 79 67 79 142 343 536 
712 293 25 41 187 95 26 40 141 335 323 314 154 88 32 32 3 70 132 192 246 258 257 261 
771 699 39 25 13 7 1 29 76 91 345 359 312 229 111 61 5 132 255 210 292 389 186 115 
446 214 13 12 39 37 16 30 113 116 109 127 184 109 37 12 0 30 65 191 153 147 165 56 
443 148 18 22 623 105 38 99 242 539 502 180 33 0 0 0 0 4 49 153 179 228 669 214 
321 97 15 16 200 31 26 52 67 245 250 108 60 23 4 1 0 16 141 161 108 107 195 30 
521 283 14 30 505 73 17 69 92 312 501 256 246 76 20 9 1 77 196 162 176 230 542 128 
689 472 4 5 20 20 3 45 47 72 221 346 378 134 41 19 1 57 177 189 270 272 212 80 
456 331 52 29 449 75 24 96 147 298 437 229 286 102 8 5 0 3 144 206 206 312 576 65 
169 17 1 2 4 23 17 94 21 27 46 71 83 68 10 1 0 3 33 72 110 86 17 6 
419 329 24 36 322 121 28 67 126 296 294 260 202 106 44 18 17 172 282 171 157 148 259 140 
495 575 47 48 388 100 25 70 206 396 414 299 287 108 29 9 2 59 161 251 320 349 471 135 
888 287 16 14 96 59 20 204 84 174 233 314 366 258 117 38 2 89 365 259 225 288 253 103 
407 280 60 59 406 112 28 92 178 360 354 232 148 106 50 16 0 153 247 167 233 300 324 20 
170 70 28 22 513 182 78 237 130 267 533 280 78 10 2 0 0 202 290 146 108 146 399 9 
598 46 2 11 52 32 44 260 32 116 239 337 180 87 40 14 87 358 262 147 58 59 60 14 
549 133 9 14 280 66 38 163 124 247 346 234 160 76 34 31 27 297 227 138 94 161 235 73 
1127 263 24 20 76 35 10 120 106 196 270 404 340 220 93 46 15 260 360 276 231 175 173 185 
861 128 21 23 210 36 10 55 77 184 328 284 190 175 77 29 0 149 270 146 178 202 223 176 
595 515 33 33 399 148 39 88 146 287 460 350 324 217 46 20 5 83 252 309 500 301 355 45 
503 337 33 34 373 69 11 36 117 237 369 330 211 92 31 9 0 8 279 326 168 189 359 67 
560 317 60 70 338 98 24 45 117 317 352 297 253 142 29 5 1 27 267 351 225 241 336 64 
338 249 67 56 515 106 60 107 163 437 481 176 113 65 43 20 78 341 263 131 105 136 325 119 
572 315 67 51 265 104 67 133 111 305 355 314 227 123 90 49 163 458 367 170 126 82 148 60 
346 56 12 12 229 84 31 216 24 175 209 85 97 198 132 66 16 182 287 149 63 49 198 42 
367 567 31 42 290 45 27 127 105 236 281 229 222 247 134 42 20 165 243 360 260 157 236 55 
356 3133 1038 67 57 95 5 8 1102 843 986 961 507 295 46 19 25 389 775 674 860 635 792 609 
135 2635 3415 127 275 38 0 26 1454 2018 1176 1079 587 179 79 79 229 442 1158 874 1017 1457 1102 372 
40 823 2814 93 98 31 30 16 655 1535 823 621 297 12 1 1 3 204 381 519 568 760 1178 332 
0 380 249 59 15 0 0 0 13 258 203 167 37 15 7 3 0 60 105 104 136 139 159 0 
122 258 1883 439 113 0 0 0 81 659 1203 550 203 118 1 0 4 669 762 491 453 390 46 0 
58 380 1227 1350 454 3 3 5 656 1373 844 444 124 27 4 8 226 816 1215 582 340 256 43 2 
47 864 849 537 851 97 1 4 718 1563 729 201 32 4 3 0 80 503 638 659 543 405 415 7 
137 1404 639 292 70 18 3 2 187 1116 987 240 28 4 3 0 70 566 360 339 340 445 414 31 
464 1239 1723 515 126 17 10 8 1112 1579 819 547 42 2 0 1 0 174 798 974 989 780 323 64 
72 625 10 0 1 11 19 38 182 276 97 71 115 34 1 0 1 62 135 68 73 89 141 207 
540 832 46 2 1 71 82 43 530 461 292 223 73 24 4 10 9 55 165 301 346 362 237 142 
626 515 39 5 9 37 18 15 408 551 192 95 11 5 1 1 56 88 233 197 196 162 242 90 
383 1329 810 170 427 316 11 22 2434 620 246 125 33 6 4 0 2 63 242 605 1073 788 489 206 
132 850 68 84 167 139 58 35 844 417 181 91 0 0 0 0 0 0 70 341 276 300 216 330 
324 1749 408 333 541 179 11 2 1227 1147 652 432 86 3 0 0 0 0 408 1057 589 607 395 491 
301 405 101 93 289 821 105 92 729 579 573 275 51 0 0 0 0 261 610 540 470 232 80 14 
310 527 221 270 479 533 105 35 1246 751 353 108 22 0 0 0 0 236 414 566 606 322 94 242 
140 1398 155 177 91 245 337 49 662 991 633 203 76 23 4 0 0 262 401 746 608 338 145 92 
198 1717 145 93 85 52 83 108 634 608 522 361 280 72 4 0 0 162 548 677 446 384 169 95 
2 992 57 54 5 0 0 2 113 231 340 205 189 34 0 0 0 0 123 269 221 218 144 137 
63 2152 107 38 22 5 0 0 162 521 648 644 375 37 0 0 0 1 247 872 488 370 254 155 
27 2413 220 55 6 2 12 8 263 725 720 576 454 5 0 0 0 0 181 1039 661 410 251 201 
31 1151 473 200 158 45 4 22 570 674 385 252 200 3 0 0 0 85 426 578 523 369 48 55 
314 1201 369 105 139 127 165 203 1028 819 501 194 76 5 0 0 2 235 721 902 433 254 55 21 
226 732 493 502 1260 837 101 73 2551 1165 304 183 21 0 0 0 0 381 618 813 840 741 225 606 
275 712 152 266 453 553 75 70 1259 905 277 109 6 0 0 0 0 372 426 555 436 287 146 334 
99 311 20 29 161 291 77 178 243 288 467 154 14 0 0 0 5 230 290 215 166 111 53 96 
145 880 88 95 155 263 67 52 443 639 364 143 76 52 27 1 0 136 319 355 376 290 169 100 
180 601 103 45 61 64 100 458 433 380 342 331 112 14 0 0 1 93 482 470 318 186 44 18 
363 597 82 38 23 14 75 528 384 308 379 452 183 14 0 0 0 77 378 355 373 328 177 32 
345 150 136 86 71 23 22 226 312 219 180 250 89 9 0 0 0 40 226 276 212 147 113 45 
11 1264 195 88 172 54 18 9 511 372 457 309 122 40 0 0 0 76 322 482 326 277 155 173 
50 37 289 111 34 127 329 144 454 525 130 11 1 0 0 0 1 182 270 207 329 81 28 23 
153 924 266 108 35 62 24 43 506 501 248 145 124 88 3 0 11 140 300 334 385 288 95 62 
142 181 5 7 94 30 47 243 148 179 167 158 89 7 1 0 0 86 218 202 121 79 32 11 
521 1008 150 69 106 450 209 63 838 997 395 167 99 52 27 1 24 605 674 586 467 202 18 0 
200 337 142 35 74 277 462 515 485 826 431 248 51 1 0 0 0 347 597 530 315 175 51 27 
565 803 67 24 14 13 11 50 276 645 320 168 119 17 2 0 0 53 155 339 365 417 197 21 
663 2011 76 30 30 4 12 81 445 930 720 415 230 164 3 0 0 65 565 783 661 373 255 205 
253 183 32 20 29 13 100 915 323 364 294 337 213 14 0 0 5 262 309 304 334 187 101 43 
335 103 24 0 0 13 34 789 157 209 255 438 239 0 0 0 3 82 261 317 444 145 42 4 
61 433 19 0 0 0 7 7 49 137 122 85 71 50 12 1 0 7 143 134 92 84 64 3 
222 1437 131 0 0 0 0 24 159 434 498 317 185 188 33 0 5 258 646 614 259 32 0 0 
87 2000 14 0 1 14 18 9 112 295 765 382 253 188 121 27 7 67 217 672 595 393 192 0 
329 1921 41 16 6 36 34 17 249 834 740 361 132 51 26 7 7 226 618 459 450 486 145 9 
992 1876 82 11 22 4 0 283 205 1068 877 460 441 180 27 12 7 215 720 791 637 627 244 29 
60 1482 22 3 1 4 3 18 73 224 477 285 250 215 69 0 1 20 204 355 372 309 271 61 
334 2825 109 37 10 18 7 20 266 1129 918 469 335 196 44 3 0 83 807 640 572 685 526 47 
138 2858 424 100 14 0 0 4 225 770 894 455 494 524 164 12 0 257 994 816 652 580 225 14 
450 1278 0 0 0 0 0 576 12 565 669 460 355 211 28 4 0 19 271 398 555 639 390 32 
343 360 31 13 1 0 0 944 50 227 351 419 450 193 0 2 0 4 268 457 456 340 164 3 
204 1115 25 5 6 4 4 153 92 363 473 206 169 204 7 2 0 16 308 327 279 333 243 10 
761 1305 47 22 20 14 30 271 396 691 643 427 263 47 3 0 0 162 594 554 563 452 137 8 
82 1741 21 4 0 4 6 5 63 209 701 332 265 248 30 15 1 64 297 483 446 367 205 0 
332 1349 367 44 9 32 261 274 458 1071 601 266 130 88 48 6 121 363 720 584 424 344 105 7 
732 1753 165 30 27 35 205 317 368 1022 1013 485 218 95 56 7 107 233 569 679 784 657 228 7 
0 441 2 0 0 0 0 0 0 66 164 93 55 34 18 13 0 25 48 71 114 170 15 0 
184 1409 15 11 11 34 30 130 219 398 469 281 206 180 70 1 0 89 242 373 388 363 263 106 
158 1663 12 2 1 1 2 6 49 247 527 361 366 217 76 2 0 39 322 288 446 404 226 120 
93 2319 35 5 6 8 15 11 173 457 804 377 354 240 85 2 0 28 219 295 602 631 506 211 
335 1031 27 42 19 36 72 231 276 373 467 317 202 108 45 5 7 350 302 390 334 204 161 45 
410 2083 169 85 98 256 152 311 578 582 698 525 421 503 251 6 90 833 640 695 763 284 175 84 
239 936 130 94 159 845 92 75 478 663 760 278 182 176 29 4 303 804 642 296 203 184 86 52 
557 2191 155 106 145 62 21 70 748 920 590 400 367 261 19 2 4 263 766 670 538 579 350 137 
218 1506 8 8 16 19 7 21 197 326 380 314 220 295 68 3 19 195 431 430 417 279 23 9 
565 826 18 24 65 870 106 117 570 935 736 203 96 45 3 3 163 841 470 530 362 164 48 13 
439 1577 84 80 216 151 64 245 911 586 398 423 323 156 59 0 60 522 646 636 446 227 197 122 
267 141 25 32 11 9 58 965 165 245 234 453 368 43 0 0 6 420 479 349 213 38 3 0 
4 502 1 2 0 12 1 1 42 79 127 99 48 75 50 3 4 86 126 118 127 57 5 0 
55 363 0 0 3 11 13 41 2 82 145 182 69 5 1 0 38 59 33 63 118 114 61 0 
823 1193 17 12 8 33 12 34 279 563 663 352 149 68 29 29 81 367 320 446 493 313 107 5 
234 2244 15 3 5 17 108 38 168 640 823 305 260 283 165 20 16 339 506 432 452 556 294 69 
430 375 2 3 2 229 633 722 254 790 898 300 111 38 3 2 105 955 519 454 174 181 8 0 
940 1061 49 56 114 433 716 634 958 1393 1087 425 113 18 5 4 157 917 602 727 586 822 178 14 
599 1580 124 44 104 129 75 57 820 590 435 300 272 203 78 14 0 214 566 722 695 315 169 31 
0 759 0 0 0 0 0 0 0 19 70 168 93 70 101 238 0 7 125 120 87 122 193 105 
23 847 18 0 0 0 0 0 0 5 74 85 66 81 142 435 0 3 234 212 152 133 129 25 
0 2610 738 0 0 0 0 0 53 727 1037 575 358 251 199 148 109 394 508 758 654 673 216 36 
0 860 127 6 0 0 0 0 123 265 116 102 78 65 72 172 0 24 108 150 137 206 238 130 
268 2569 664 14 0 0 0 6 385 819 705 567 249 195 232 369 12 177 570 690 621 537 531 383 
0 823 40 0 0 0 0 0 21 254 145 125 88 80 84 66 0 0 25 99 173 219 207 140 
0 1013 79 0 0 0 0 0 3 90 163 257 232 290 44 13 0 0 60 284 206 172 252 118 
0 959 96 0 0 0 0 0 3 136 204 185 125 103 97 202 0 0 45 82 242 288 291 107 
0 825 6 0 0 0 0 0 0 98 230 172 98 75 63 95 0 0 0 56 151 256 284 84 
216 3111 417 0 0 0 0 8 358 1056 935 490 242 199 164 308 0 1 172 847 719 979 631 403 
0 1052 49 0 0 0 0 0 7 118 149 253 268 107 79 120 0 1 63 152 141 193 358 193 
389 2744 474 0 0 0 0 6 182 698 869 916 418 220 115 195 0 17 790 259 687 880 673 307 
313 3889 976 0 0 0 0 6 63 1169 1152 1264 663 424 271 178 0 71 1598 960 1139 801 401 214 
29 1574 73 0 0 0 0 0 0 83 192 410 364 250 201 176 0 43 234 240 271 260 412 216 
90 3547 298 17 0 0 0 0 12 339 575 640 602 586 486 712 0 215 870 868 882 586 459 72 
156 1757 180 24 9 0 0 0 65 80 402 338 294 172 178 597 0 245 251 457 360 433 363 17 
137 942 0 0 0 0 0 0 0 9 186 618 243 19 3 1 0 20 143 854 53 4 5 0 
1700 2521 3 0 0 0 0 0 1 298 825 2015 678 295 72 40 0 404 953 1366 797 248 189 267 
713 1290 0 0 0 0 0 0 0 502 859 509 122 11 0 0 0 2 75 289 1144 159 151 183 
1037 2973 26 0 0 0 0 0 0 310 941 1716 765 263 36 5 0 289 651 1630 939 183 150 194 
113 1440 0 0 0 0 0 0 3 178 574 695 103 0 0 0 0 1 5 165 1002 155 103 122 
1922 2924 39 0 0 0 0 0 1 212 921 2297 906 356 102 90 10 641 1240 1373 1107 336 103 75 
730 1517 0 0 0 0 0 0 0 57 1008 1075 85 17 3 2 0 7 63 178 1461 534 4 0 
6 2209 0 0 0 0 0 0 64 379 1057 668 35 8 2 2 0 4 19 19 734 679 224 536 
0 1505 116 0 0 0 0 0 0 134 622 746 89 21 5 4 0 5 34 133 316 298 415 420 
551 3763 74 0 0 0 0 0 0 26 421 1955 1323 461 118 84 6 534 1488 1321 721 237 74 7 
12 3095 0 0 0 0 0 0 0 452 784 1808 53 8 2 0 0 2 17 79 1375 770 219 645 
1707 2409 21 0 0 0 0 45 64 809 1489 1116 520 149 27 8 0 241 596 1351 801 572 310 311 
2127 2697 0 0 0 0 0 246 73 1291 1868 1337 438 56 7 0 0 18 447 743 1301 880 679 1002 
1147 3912 11 0 0 0 0 5 34 1122 1394 1418 752 245 58 52 44 499 966 371 402 792 839 1162 
752 7880 4 0 0 0 0 4 80 1101 3931 2760 708 57 3 0 0 34 669 1093 1033 917 3153 1741 
762 2727 20 0 1 2 24 4 416 603 1164 840 386 95 26 10 0 173 265 333 587 773 466 943 
32 1020 4 0 0 0 0 0 98 461 252 192 52 1 0 0 0 0 0 16 69 124 200 647 
0 1237 2 0 0 0 0 0 440 472 207 107 11 1 1 0 0 0 0 2 61 117 254 805 
715 428 0 0 0 0 0 0 586 547 10 0 0 0 0 0 0 0 0 33 62 126 189 733 
177 2822 126 43 33 0 0 0 589 1128 935 458 72 16 3 0 0 0 13 177 476 814 956 765 
219 2867 337 15 1 3 5 9 596 1010 1078 660 101 11 0 0 0 11 205 754 567 644 669 606 
17 1017 43 0 0 0 0 3 383 446 223 25 3 0 0 0 0 1 39 18 58 263 229 472 
149 808 1 0 0 0 0 0 15 494 358 90 1 0 0 0 0 0 11 93 133 195 275 251 
112 889 469 0 0 0 0 0 45 140 417 201 330 229 65 43 543 330 159 96 65 95 173 9 
75 2878 201 0 0 0 3 23 169 840 1045 923 171 30 2 0 0 414 676 407 348 385 618 332 
0 1020 0 0 0 0 0 0 0 431 354 115 84 26 7 3 0 3 21 88 124 228 555 1 
0 1052 67 0 0 0 0 0 0 118 597 383 11 8 2 0 3 168 180 230 431 107 0 0 
0 977 14 0 0 0 0 0 0 412 529 27 13 10 0 0 0 26 48 56 95 127 247 392 
0 660 0 0 0 0 0 0 0 43 464 153 0 0 0 0 0 0 29 147 442 42 0 0 
0 1083 7 0 0 0 0 0 2 490 552 44 2 0 0 0 0 2 92 76 78 150 372 320 
15 1124 1 0 0 0 0 0 35 776 312 17 0 0 0 0 0 2 14 55 70 146 335 518 
13 2507 695 78 63 0 0 0 9 359 1059 1110 599 179 36 5 128 892 1031 289 337 398 281 0 
143 2385 753 56 0 0 11 22 228 1142 1056 674 209 49 9 3 0 71 1111 450 408 458 514 358 
9 1040 0 0 0 0 0 0 7 413 510 106 13 0 0 0 0 9 15 29 62 119 221 594 
10 703 21 0 0 0 0 0 31 535 150 17 1 0 0 0 0 14 32 98 181 294 115 0 
10 1079 5 0 0 0 0 0 10 545 342 117 77 3 0 0 0 0 0 17 87 149 280 561 
0 773 98 51 10 0 0 0 96 570 264 2 0 0 0 0 0 0 26 186 151 142 281 146 
67 2571 990 158 39 0 0 0 312 1372 1332 548 186 64 4 7 22 972 746 742 615 267 389 72 
100 2448 724 9 16 244 377 226 312 747 1188 1563 229 78 23 4 84 608 1350 1463 503 136 0 0 
10 931 0 0 0 0 0 0 21 192 431 267 30 0 0 0 0 0 0 10 61 308 342 220 
1 866 4 0 0 0 0 0 11 336 205 175 113 30 1 0 0 0 1 44 64 99 224 439 
200 938 0 0 0 0 0 0 136 762 237 3 0 0 0 0 0 0 0 9 47 114 264 704 
121 2524 453 0 0 0 0 1 85 764 1309 798 107 35 1 0 0 123 858 985 352 414 367 0 
6 7232 711 0 0 0 0 0 136 945 2682 3552 587 41 6 0 0 1 372 906 539 590 1020 4521 
53 3589 1049 174 54 0 0 1 480 1008 1619 1247 413 119 22 12 6 452 701 748 871 576 722 844 
21 2005 1516 18 0 0 0 0 13 368 1134 1402 431 160 37 15 6 324 573 502 817 443 466 429 
11 1974 2682 158 11 0 0 0 77 330 1387 1617 828 426 131 40 13 533 1061 1266 812 339 307 505 
28 3196 1030 66 5 0 0 0 143 517 1050 1360 835 295 86 39 35 1172 881 757 436 262 269 513 
0 1456 600 0 0 0 0 0 37 292 1045 610 64 8 0 0 0 0 11 118 126 190 296 1315 
2 909 1763 119 0 0 0 0 0 70 839 1040 559 204 60 21 7 565 554 658 428 168 162 251 
16 2852 651 9 2 0 0 0 13 199 759 1397 843 254 36 29 4 258 402 526 432 286 387 1235 
120 3385 1160 122 16 12 0 0 96 480 1088 1512 1275 321 30 13 1 449 823 772 697 418 532 1123 
0 2162 399 0 0 0 0 0 0 195 1589 775 2 0 0 0 0 0 8 28 68 110 414 1933 
26 5098 1695 65 77 0 0 0 20 557 2505 2441 1062 263 94 19 30 351 703 1583 933 631 898 1832 
64 5669 943 195 730 12 4 5 82 1102 2110 2347 1467 413 99 2 171 601 1423 1406 920 634 882 1585 
6 3595 39 0 0 0 0 0 0 258 2024 1278 73 7 0 0 0 20 52 121 114 218 525 2590 
125 4179 367 18 15 4 2 2 300 810 1638 1150 508 223 72 11 0 168 727 558 608 583 511 1557 
625 2293 45 4 3 20 14 25 164 381 384 366 427 432 422 453 88 275 614 388 556 404 360 344 
355 2651 0 0 0 0 0 5 29 54 132 258 570 506 422 1040 55 530 368 317 276 474 485 506 
458 1228 4 4 5 1 2 11 111 160 173 159 162 258 260 430 23 289 143 147 149 178 349 435 
100 1882 51 18 14 0 0 0 69 202 336 227 219 174 253 585 105 588 618 157 222 172 136 67 
583 3138 227 60 90 83 22 67 355 699 617 491 485 538 433 652 444 800 791 463 626 504 391 251 
731 1714 462 316 439 172 46 110 517 646 548 562 402 308 260 747 1224 1058 359 276 304 409 305 55 
75 1492 67 0 0 0 0 0 19 77 259 413 360 167 130 209 0 126 88 140 463 536 192 89 
831 981 88 11 1 9 0 5 49 338 443 328 263 160 95 250 205 287 275 282 257 235 175 210 
6 1398 0 0 0 0 0 0 0 0 63 425 407 272 142 95 1 87 307 293 228 245 182 61 
18 501 0 0 0 0 0 0 25 75 71 93 65 78 45 67 7 15 51 81 124 148 80 13 
19 527 0 0 0 0 0 0 0 0 75 134 180 102 48 7 1 46 78 68 76 138 107 32 
39 1395 3 0 0 0 0 0 0 145 285 386 298 174 92 57 11 185 308 304 289 166 152 22 
60 1536 0 0 0 0 0 0 3 46 245 526 386 205 112 73 8 159 375 425 206 179 172 72 
806 346 0 0 0 0 0 0 0 9 176 325 314 233 42 53 2 31 70 88 81 416 431 33 
344 520 0 0 0 0 0 0 19 45 166 302 164 74 47 47 1 24 43 88 146 216 236 110 
609 243 0 0 0 0 0 0 0 3 281 358 110 37 27 36 0 11 54 62 57 195 431 42 
413 771 0 0 0 0 0 0 2 50 218 356 197 150 98 113 3 75 247 204 139 149 337 30 
534 545 0 0 0 0 0 0 0 3 100 344 302 183 80 67 16 130 254 142 186 246 97 8 
395 757 0 0 0 0 0 0 0 7 101 340 372 174 77 81 32 253 272 328 100 88 71 8 
454 786 0 0 0 0 0 0 0 3 104 391 315 229 124 74 2 95 250 304 254 205 100 30 
236 895 0 0 0 2 0 9 11 34 175 363 240 150 86 83 9 208 328 204 129 104 95 65 
139 1013 0 0 0 0 0 0 1 43 124 294 315 185 103 87 2 57 130 251 283 215 156 58 
80 1529 12 2 0 0 0 0 19 118 280 386 274 236 148 162 468 513 266 129 89 103 55 0 
10 1319 1 0 0 0 0 0 3 57 151 394 301 201 116 107 73 503 301 185 107 112 46 3 
113 1133 0 0 0 0 0 0 3 88 133 327 317 187 112 79 41 443 271 167 146 127 48 3 
11 490 0 0 0 0 0 0 0 18 48 191 206 35 3 0 0 48 189 125 71 52 16 0 
3 1309 0 0 0 0 0 0 0 74 385 499 224 96 19 15 9 85 493 416 203 86 20 0 
80 939 5 0 0 0 0 0 0 29 213 312 247 133 48 42 36 461 328 129 52 13 5 0 
3 881 0 0 0 0 0 0 0 58 133 262 183 116 55 77 0 59 532 183 49 26 22 13 
625 3304 170 22 9 60 104 116 975 654 742 738 478 291 198 334 71 319 510 620 960 935 382 613 
34 1286 0 0 0 2 8 0 170 148 106 151 432 271 36 16 0 1 32 100 406 332 154 305 
51 1975 7 0 13 2 16 9 268 184 383 350 465 289 126 8 0 9 41 118 367 756 283 499 
5 1937 0 0 0 0 0 0 0 59 241 987 506 117 11 21 2 19 30 55 191 1037 554 54 
111 859 6 6 23 6 27 44 322 113 71 119 286 139 18 14 0 0 0 3 319 271 110 379 
6 960 0 0 0 0 0 0 30 159 480 235 40 13 5 4 0 3 4 9 49 382 395 124 
214 1514 1 0 0 0 3 28 149 221 266 390 523 163 28 20 0 0 15 58 296 836 321 234 
14 1493 0 0 0 0 0 0 7 254 510 350 248 105 26 7 0 5 22 24 392 705 357 2 
728 2609 799 41 0 0 12 161 60 385 693 904 938 348 334 688 15 402 938 910 835 721 346 183 
1119 2379 419 84 33 80 38 50 347 529 582 760 777 565 320 322 8 258 1067 1257 835 519 258 0 
13 1422 0 0 0 0 2 1 201 373 345 290 143 73 9 4 0 0 3 20 243 675 497 0 
106 3198 173 14 7 14 32 86 103 466 1032 781 590 343 181 134 1 228 671 698 887 810 292 43 
176 802 35 4 6 11 409 923 131 468 917 495 107 89 67 92 49 330 368 481 835 237 66 0 
168 1994 242 0 0 10 107 201 207 311 370 762 325 201 176 370 43 318 519 409 557 519 287 70 
14 1095 0 0 0 0 0 0 0 282 258 241 137 57 59 75 0 1 25 147 189 335 315 97 
821 2566 455 2 0 0 0 0 74 303 432 831 765 442 327 670 5 490 1036 754 868 536 155 0 
546 1778 310 66 0 0 29 90 410 331 241 544 462 430 184 217 7 135 546 755 701 494 68 113 
1 643 3 0 0 0 0 0 7 15 152 238 165 62 7 1 0 5 23 237 288 89 5 0 
12 1122 13 0 1 24 7 7 129 58 252 365 283 84 12 3 0 24 37 284 507 204 93 37 
354 2528 409 29 2 3 0 15 438 428 501 679 887 286 91 30 0 107 682 934 786 423 285 123 
365 1727 13 0 0 0 0 15 104 477 515 491 298 157 45 33 0 49 193 352 566 492 310 158 
929 782 0 0 0 0 17 131 349 446 380 246 237 116 50 35 0 20 154 351 432 521 248 133 
755 2736 74 1 0 1 4 25 282 382 655 781 889 428 131 48 2 122 448 746 1208 483 259 328 
314 3420 286 10 1 3 17 35 399 457 829 1127 652 214 198 210 33 218 543 602 727 907 627 429 
251 2500 82 25 2 20 33 27 227 296 573 610 482 282 214 256 4 180 276 785 925 490 219 61 
14 1283 25 10 3 5 0 0 31 87 191 387 312 310 19 3 0 3 55 232 545 505 0 0 
177 1729 227 139 57 49 238 120 286 660 521 740 399 86 39 5 1 71 343 447 880 851 141 2 
0 777 0 0 0 0 0 0 0 3 98 291 328 56 1 0 0 0 0 9 157 611 0 0 
0 822 0 0 0 0 0 0 0 3 96 260 293 142 28 0 0 0 6 16 227 573 0 0 
52 1886 1342 157 4 1 1 17 40 100 401 710 681 652 430 446 0 257 1012 1003 650 389 118 31 
1176 605 3 0 0 0 0 5 27 521 734 446 22 13 13 13 0 5 31 175 395 923 176 84 
245 2384 1183 314 0 0 0 0 156 931 955 642 513 398 231 300 71 1002 1068 770 524 305 139 247 
351 492 75 0 0 0 0 1 24 92 224 131 176 174 55 43 31 252 173 122 56 44 53 188 
375 490 60 1 0 0 2 2 54 175 246 162 118 79 44 52 60 205 124 108 77 58 68 230 
152 226 11 0 0 0 1 1 51 108 184 33 5 4 2 4 1 7 7 12 15 24 51 274 
354 906 413 0 0 0 1 6 47 213 285 348 357 239 97 94 104 291 402 345 157 76 68 237 
235 460 331 10 0 0 0 9 3 102 171 187 258 212 58 54 40 202 310 249 78 61 52 53 
410 1245 94 1 0 0 0 10 90 332 316 347 276 187 104 108 133 467 367 266 215 111 74 127 
285 1066 49 0 0 0 0 0 5 79 171 289 432 219 93 112 143 429 301 170 174 129 19 35 
297 506 221 2 0 0 0 172 7 121 271 302 233 129 54 81 129 225 200 191 223 110 66 54 
399 592 11 2 1 3 5 76 15 123 203 222 234 196 45 51 102 164 294 195 156 68 64 46 
219 998 303 1 0 0 2 73 51 337 492 353 173 92 46 52 51 276 420 303 220 136 79 111 
805 597 8 1 0 6 0 469 20 125 451 530 376 177 93 114 120 259 338 293 303 193 162 218 
763 532 182 0 0 0 0 290 47 185 414 478 324 164 63 92 148 349 348 310 289 198 84 41 
169 793 4 0 0 0 0 0 4 124 125 208 260 123 50 72 25 206 192 114 121 156 40 112 
347 178 3 0 0 0 0 308 55 96 291 197 80 51 34 32 1 82 85 66 71 93 132 306 
504 916 17 3 0 3 9 136 248 272 276 227 240 153 88 84 125 394 192 127 107 73 79 491 
205 103 0 1 0 3 9 129 100 162 117 31 25 6 1 8 7 31 19 15 24 31 53 270 
90 368 9 0 0 1 20 47 193 154 108 47 22 5 1 5 2 2 12 22 42 39 56 360 
366 703 144 0 0 0 0 0 6 90 238 229 292 198 88 72 97 489 273 97 99 86 28 44 
247 766 205 0 0 0 0 115 68 353 351 239 153 76 52 41 97 285 265 251 177 94 54 110 
273 911 67 0 0 0 0 45 100 288 362 287 119 45 32 63 61 118 94 181 255 245 101 241 
432 758 133 16 8 3 6 283 113 296 511 355 176 105 39 44 56 197 338 294 240 153 189 172 
365 218 0 0 0 0 2 2 118 107 122 130 54 41 8 7 6 15 31 58 29 50 50 348 
320 600 182 58 43 82 86 129 318 396 365 179 118 52 25 47 193 327 336 222 183 93 60 86 
500 598 375 45 13 0 5 217 120 418 413 381 237 106 32 46 43 288 319 363 181 130 141 288 
451 613 145 31 33 10 3 82 96 189 265 263 208 158 81 108 165 443 230 171 148 127 45 39 
52 725 19 1 0 0 0 0 38 76 98 165 139 135 69 77 42 85 123 112 101 71 62 201 
534 554 25 33 71 73 17 74 212 418 228 182 173 104 30 34 34 140 196 260 222 136 105 288 
169 106 17 0 0 0 0 34 8 70 115 69 31 15 8 10 9 48 45 44 46 37 43 54 
352 900 62 19 56 6 19 182 209 435 443 278 138 48 17 28 38 132 277 320 252 149 168 260 
295 463 234 24 16 3 1 224 108 407 393 192 80 47 16 17 37 136 237 212 193 143 142 160 
279 494 321 0 0 0 1 21 38 224 229 294 185 62 44 40 22 108 176 338 191 116 62 103 
163 121 268 59 80 18 18 86 210 275 149 92 42 25 8 12 1 64 129 116 102 105 117 179 
277 837 8 0 0 0 0 170 47 372 529 205 73 27 12 27 24 67 171 284 305 193 104 144 
340 352 10 4 8 2 1 212 38 263 278 165 75 46 18 46 96 145 118 129 119 122 83 117 
367 412 22 4 8 2 14 219 70 304 273 178 94 56 19 54 120 202 175 132 112 115 89 103 
210 339 18 4 8 2 14 166 64 248 199 116 63 31 10 30 102 149 133 97 83 78 66 53 
217 702 35 0 0 0 24 144 63 296 353 235 123 31 5 16 23 127 365 226 134 111 84 52 
271 433 81 28 98 36 22 51 122 263 225 142 137 73 32 26 134 303 216 128 104 66 42 27 
365 653 16 0 0 0 0 64 30 304 243 154 163 108 56 40 55 275 205 201 158 84 60 60 
610 390 11 9 47 18 4 207 50 265 244 223 207 172 84 51 191 360 259 140 102 79 79 86 
437 497 105 0 0 0 0 130 109 345 292 207 91 65 37 23 63 237 260 188 172 139 45 65 
457 476 50 17 45 30 4 251 90 257 259 238 215 163 65 43 141 232 380 191 133 109 81 63 
199 131 110 94 360 130 24 104 170 314 293 143 94 50 29 59 245 210 115 155 87 87 114 139 
387 157 109 88 322 135 10 152 232 386 321 170 107 75 39 30 80 256 239 237 139 118 154 137 
332 169 86 90 313 107 20 179 216 395 284 172 94 79 27 29 191 297 227 176 128 86 98 93 
273 438 54 41 254 54 21 89 217 363 221 125 148 77 47 26 26 142 219 169 98 118 124 328 
416 356 47 42 212 105 42 186 392 432 240 154 120 39 10 19 25 183 192 139 96 124 212 435 
594 251 20 12 61 65 25 196 249 358 246 182 136 39 8 6 17 121 158 180 149 88 160 351 
439 382 101 9 52 61 21 159 186 185 203 223 198 121 54 54 60 251 244 200 136 73 73 187 
384 379 66 11 25 60 25 274 157 217 236 246 195 84 44 45 73 172 200 295 209 114 69 92 
359 636 146 4 5 31 5 32 97 135 234 229 231 168 68 56 84 246 382 194 107 63 40 102 
176 952 130 55 25 26 13 9 153 226 298 218 199 172 96 24 7 185 287 402 151 113 99 142 
320 951 15 4 7 37 6 29 101 272 272 244 177 176 114 13 0 16 191 310 184 163 198 307 
174 1070 189 41 27 58 14 10 147 338 344 341 187 126 64 36 11 52 291 344 265 247 165 208 
685 809 25 3 24 24 3 4 187 391 375 225 245 119 19 16 7 54 330 265 207 188 137 389 
197 1241 491 5 0 2 0 0 144 374 556 418 216 130 87 11 0 49 123 558 447 247 192 320 
184 392 32 18 190 349 40 49 132 228 280 324 230 48 9 3 3 29 285 186 92 196 253 210 
276 206 6 0 0 0 0 15 35 133 114 118 72 27 3 1 0 5 67 57 57 49 51 217 
112 348 87 57 651 422 22 61 185 307 285 403 562 15 2 1 0 2 218 357 260 247 420 256 
19 400 27 15 64 70 2 3 93 126 73 97 90 77 39 5 0 11 34 109 82 89 97 178 
175 251 40 45 432 511 72 213 146 268 258 402 552 80 24 9 13 165 234 213 218 244 410 242 
533 332 70 44 138 217 35 184 408 408 309 270 149 7 2 0 1 29 267 280 146 197 227 406 
310 618 48 30 96 63 4 3 136 279 322 243 144 41 4 3 3 79 243 314 156 91 110 176 
64 39 19 15 113 168 90 80 113 173 122 98 79 3 0 0 7 170 133 45 64 60 77 32 
307 168 44 16 242 376 84 203 155 308 271 256 341 65 36 8 11 128 378 143 126 138 324 192 
415 320 60 31 91 26 56 203 205 304 327 239 102 25 0 0 13 262 277 263 115 95 75 102 
180 196 76 39 103 131 38 128 137 229 225 195 88 15 0 2 22 259 155 164 64 80 92 55 
397 118 86 42 159 200 54 414 140 271 292 427 299 30 8 3 22 452 430 196 111 110 105 44 
172 37 7 12 265 374 78 313 93 152 198 352 417 41 5 0 3 227 291 91 82 103 302 159 
332 304 53 47 271 327 82 161 407 424 245 290 203 8 0 0 2 137 254 158 119 154 359 394 
70 48 39 32 106 117 65 247 153 120 150 110 76 65 33 17 17 99 124 101 96 103 101 83 
173 80 23 31 71 240 78 353 101 163 231 282 173 75 18 6 43 161 208 122 98 108 171 138 
721 642 91 36 62 31 17 27 197 411 364 278 225 111 36 5 34 87 318 374 214 187 176 237 
309 406 53 20 223 288 49 238 481 264 264 272 278 23 4 0 1 104 328 233 87 122 271 440 
350 1267 181 17 11 19 2 1 191 349 379 401 296 155 72 5 0 66 396 660 215 185 162 164 
112 814 99 3 7 7 5 36 51 167 182 184 156 115 120 108 15 277 349 242 76 35 30 59 
662 766 20 7 1 8 10 57 117 303 331 267 259 169 62 23 1 77 232 292 222 274 184 249 
334 1079 102 31 104 73 20 17 106 236 302 264 233 289 239 91 18 125 768 318 173 118 90 150 
217 587 20 14 83 22 11 31 62 155 148 144 129 181 118 48 43 84 421 228 76 57 43 33 
130 233 7 3 37 81 5 3 24 87 106 82 77 72 45 6 0 1 78 97 55 54 72 142 
355 443 12 2 7 11 1 30 53 159 117 137 131 152 88 24 0 75 93 152 105 68 86 282 
387 465 82 2 8 52 5 14 133 176 155 137 166 150 73 25 2 30 197 200 101 92 95 298 
480 991 238 43 70 95 5 14 162 446 413 330 251 214 93 27 2 99 364 348 353 242 180 348 
195 652 234 67 173 193 8 14 267 427 345 210 138 85 49 15 0 49 272 258 210 332 213 202 
265 150 51 62 222 154 50 106 160 284 254 192 127 30 9 4 21 102 233 160 125 113 155 151 
10 496 18 2 11 10 0 0 33 64 83 128 76 56 57 50 0 5 63 128 104 63 52 132 
452 501 113 38 239 192 25 145 142 341 395 361 296 106 48 16 37 180 352 426 180 166 291 73 
294 581 87 29 54 14 13 116 217 357 276 159 109 52 15 3 0 48 298 335 151 134 105 117 
127 164 54 53 209 178 49 94 144 216 224 183 114 36 7 4 121 171 143 149 69 94 130 51 
208 317 75 36 215 194 21 76 220 253 245 208 150 50 9 7 69 118 166 240 117 137 182 113 
533 634 160 77 166 87 30 162 393 561 404 277 133 72 9 0 5 245 477 355 274 220 189 84 
98 160 125 27 128 178 62 206 115 254 188 210 111 59 34 13 24 169 148 99 103 180 164 97 
385 156 43 32 85 39 24 330 228 338 240 179 76 23 7 3 1 52 275 224 100 112 93 237 
186 73 58 44 409 317 39 324 158 280 382 408 209 12 1 0 0 72 380 190 165 228 283 132 
93 64 36 29 210 118 38 217 75 123 188 222 142 33 16 6 36 121 178 94 51 95 166 64 
104 113 113 76 164 103 29 107 251 326 145 68 19 0 0 0 0 102 260 223 85 69 50 20 
503 2926 170 17 32 41 51 55 937 577 646 618 390 253 202 172 60 257 413 539 807 815 337 567 
72 1608 62 22 2 17 6 2 205 223 211 317 481 287 41 26 0 95 90 206 560 369 173 298 
234 2137 777 8 13 4 38 29 386 226 180 377 324 509 509 729 12 251 803 455 823 533 157 206 
603 1130 39 1 8 5 15 103 103 208 427 709 153 70 50 184 28 76 69 159 279 571 532 190 
224 1383 0 0 0 0 3 33 121 228 218 368 486 192 22 8 0 1 12 47 275 796 285 227 
9 1310 0 0 0 0 0 0 0 0 42 186 648 274 87 82 0 2 8 110 796 365 30 8 
333 3193 20 8 1 7 59 72 401 445 744 715 760 367 131 130 6 137 271 385 1006 1363 446 79 
39 1989 14 13 19 2 0 2 256 197 388 329 469 310 116 13 0 9 44 119 384 738 288 496 
2 1888 1 0 0 0 0 0 0 61 234 984 515 82 7 8 1 7 20 53 198 997 566 49 
333 2485 76 3 16 29 58 61 565 443 403 547 719 291 48 45 1 58 168 172 886 862 361 553 
1 1016 0 0 0 0 0 0 28 193 521 206 48 12 6 3 0 2 5 14 65 395 404 132 
1214 1005 64 1 0 0 0 18 32 634 852 573 128 49 17 17 2 61 191 334 517 928 176 93 
141 2147 924 272 0 0 0 0 117 925 794 520 468 336 164 160 62 765 895 657 484 281 105 235 
200 1725 281 66 1 2 6 3 102 109 211 522 512 371 218 239 9 115 566 648 592 255 23 76 
757 2543 456 8 0 0 0 1 96 223 382 915 763 414 306 666 14 470 953 724 905 537 142 20 
0 652 6 0 0 0 0 0 14 16 155 220 194 52 6 1 0 8 36 242 277 85 6 4 
276 2924 331 15 4 0 0 20 390 399 560 822 887 397 82 33 0 91 781 1065 849 454 254 76 
149 1029 3 0 0 0 0 0 55 333 217 215 177 156 20 8 0 6 25 122 341 320 255 112 
1180 2229 34 0 0 5 34 117 451 739 1078 582 402 257 55 35 2 71 246 600 1162 998 390 130 
339 3732 288 13 2 14 16 16 364 497 898 1336 591 298 209 227 20 247 590 823 862 905 548 425 
768 2792 822 22 0 2 4 198 69 422 775 1006 913 412 389 622 56 349 996 979 902 761 388 177 
8 1440 13 0 0 0 0 0 0 273 253 246 150 112 169 258 0 0 174 343 216 336 304 88 
4 1593 0 0 0 4 1 1 155 445 364 310 179 115 19 16 0 6 32 64 305 718 478 0 
1101 2784 362 77 34 36 24 30 318 566 779 767 749 650 323 296 7 276 1069 1198 962 607 308 21 
191 3202 128 21 5 2 19 62 110 460 1048 796 586 347 161 122 0 248 661 688 909 797 283 44 
257 603 67 6 0 5 441 854 107 403 879 400 123 103 97 121 46 364 395 520 771 123 14 0 
0 1103 0 0 0 0 0 0 0 6 75 321 414 227 60 0 0 0 0 64 429 610 0 0 
114 1718 110 92 53 52 215 95 144 503 418 558 444 336 32 14 3 34 398 479 918 613 4 0 
41 2263 29 0 0 2 5 1 23 388 505 574 489 133 124 105 3 29 212 431 655 856 106 49 
381 352 8 0 0 0 0 79 57 658 87 7 3 8 0 0 0 76 82 115 99 164 245 39 
357 780 154 74 10 7 2 69 167 644 477 132 21 10 0 2 20 189 245 232 271 365 126 5 
27 757 204 0 0 0 0 0 46 238 545 143 16 0 0 0 0 6 156 198 225 234 144 25 
477 1647 503 0 0 0 0 39 136 912 453 295 236 327 207 100 8 657 568 425 303 235 261 209 
608 2017 220 15 0 0 3 401 369 701 711 515 319 341 224 84 2 651 755 547 375 217 226 491 
333 518 141 0 0 0 28 794 334 557 473 297 101 35 10 7 5 106 194 248 312 281 301 367 
290 570 183 20 0 0 28 548 345 528 382 243 95 26 10 10 2 107 219 197 228 212 270 404 
204 346 246 0 0 0 15 93 87 333 206 80 78 73 34 13 3 163 188 123 141 151 118 17 
142 862 356 9 0 8 115 385 341 608 328 139 142 120 126 73 3 479 298 422 263 130 139 143 
293 1016 288 35 2 7 191 700 468 1377 323 107 116 97 29 15 5 289 175 269 285 408 477 624 
388 1712 706 29 0 0 38 487 497 1221 696 541 213 114 45 33 21 355 648 292 265 409 537 833 
26 1097 1036 143 473 186 194 60 232 862 804 378 275 384 219 61 29 915 619 641 543 240 188 40 
356 948 446 77 150 137 171 612 599 1341 589 195 113 35 11 14 4 127 590 557 511 416 304 388 
475 834 111 19 7 6 33 327 326 842 397 157 45 25 15 5 22 91 222 272 268 233 332 372 
259 572 142 25 64 45 85 534 490 770 352 64 33 10 5 2 1 64 249 276 249 220 282 385 
229 432 146 12 10 18 126 422 220 775 284 76 28 12 0 0 0 133 305 269 201 204 168 115 
359 1053 180 183 369 148 281 477 669 1520 593 176 48 32 8 4 1 319 501 513 642 479 372 223 
159 1505 693 54 0 0 0 0 604 1185 342 136 38 83 22 1 0 65 260 273 361 249 493 710 
38 1338 961 95 0 0 0 0 764 1165 373 94 31 3 2 0 0 5 97 106 229 484 659 852 
300 308 664 84 128 72 105 479 109 745 499 217 153 128 165 124 19 560 510 287 209 109 235 211 
184 194 510 208 143 85 164 605 270 1148 536 104 29 3 2 1 9 179 334 335 407 250 291 288 
151 735 1094 568 19 9 16 108 514 1490 430 234 23 6 3 0 0 161 287 415 498 545 538 256 
340 1222 303 303 17 30 50 350 1183 961 290 116 39 10 6 10 20 176 329 313 302 300 459 716 
15 1766 1147 1 1 0 0 0 469 1023 653 394 275 101 13 2 0 222 768 457 312 284 413 474 
0 1014 93 0 0 0 0 0 207 618 252 25 4 1 0 0 0 2 4 13 58 121 247 662 
31 1361 661 26 11 1 0 0 336 570 276 427 325 126 30 1 6 23 376 496 424 335 266 165 
216 751 203 66 30 19 102 439 446 949 267 132 25 7 0 0 0 81 302 335 252 200 228 428 
533 1887 329 49 86 24 2 35 546 1212 577 258 128 95 72 57 77 249 439 617 376 278 261 648 
289 620 386 156 686 323 322 540 448 1547 1035 205 49 20 9 9 5 164 589 1092 635 353 287 197 
70 156 66 98 329 170 332 516 358 926 414 8 15 10 5 1 1 123 339 348 243 193 175 315 
237 555 91 56 504 229 288 554 452 1415 610 32 5 0 0 0 0 103 401 563 389 284 394 380 
422 892 320 51 64 73 191 629 816 1528 235 52 7 1 1 2 0 154 404 375 447 320 338 604 
204 915 1017 198 0 2 39 115 811 863 317 351 121 22 5 0 1 209 339 357 274 269 618 423 
302 672 214 29 15 19 84 340 505 855 143 136 31 4 1 0 0 118 280 232 290 236 201 318 
75 495 783 397 172 13 43 109 689 460 468 366 74 19 4 7 129 597 409 144 79 152 231 346 
81 1084 228 0 0 0 0 0 453 427 204 94 80 51 60 24 0 154 94 75 112 140 173 645 
72 698 436 218 259 109 123 80 175 840 611 199 66 28 38 38 6 557 396 381 206 178 207 64 
167 795 779 208 320 158 63 170 629 931 519 335 155 70 17 4 16 399 717 486 425 291 169 157 
346 1868 728 81 12 10 14 245 704 1117 359 252 246 278 229 119 6 657 535 213 313 442 728 410 
2502 1001 9 9 22 15 61 123 502 475 501 558 465 537 379 325 126 1003 442 454 313 322 403 679 
2684 1607 0 0 0 0 0 209 71 307 377 489 666 769 568 1253 47 1297 1162 769 429 235 211 350 
937 353 0 0 0 0 11 449 7 103 439 438 283 160 108 212 219 820 411 99 170 14 12 5 
2999 2251 0 0 0 0 17 161 184 270 484 913 1070 873 614 1020 292 1743 879 813 631 278 309 483 
3159 1003 0 1 11 1 14 242 317 456 721 863 790 619 361 304 153 1099 608 384 303 435 635 814 
1570 839 0 0 0 0 0 23 77 169 260 339 506 452 264 365 23 640 294 260 311 246 229 429 
100 1447 47 29 45 59 1 6 199 166 123 88 106 140 224 688 20 159 160 296 429 261 180 229 
623 2485 11 7 57 17 13 60 221 267 245 218 217 217 326 1562 3 227 355 717 1012 320 310 329 
456 2366 28 17 66 51 7 5 245 176 167 169 219 212 313 1495 5 221 200 754 1019 302 300 195 
782 140 43 47 245 140 57 60 372 475 236 132 174 83 42 0 126 537 341 159 106 118 122 5 
1005 579 0 0 0 0 12 36 18 150 298 361 380 289 110 26 207 423 368 279 207 70 48 30 
786 607 6 13 11 52 8 20 134 198 395 328 223 156 45 24 297 479 234 167 151 72 48 55 
916 1236 25 9 10 17 20 35 212 413 529 453 316 193 84 68 286 486 281 260 210 202 201 342 
997 2218 20 23 7 5 23 55 115 196 349 457 500 497 353 881 451 1013 665 530 304 205 61 119 
1451 2086 1 0 0 0 3 66 11 215 826 731 432 292 267 833 479 638 675 585 502 399 207 122 
2413 835 6 4 3 3 3 165 242 307 457 621 724 543 337 201 92 654 463 425 414 371 455 558 
1676 1157 20 0 0 22 25 103 173 315 443 468 384 342 274 604 199 495 598 490 419 363 226 213 
1772 1248 0 0 0 0 2 340 64 150 425 523 489 421 368 922 103 723 651 769 362 285 192 277 
1529 1720 19 2 0 14 66 60 614 256 292 241 317 352 368 970 33 376 545 864 271 233 223 865 
816 88 0 0 0 0 10 127 0 0 171 230 231 216 95 98 292 297 118 76 47 75 62 74 
1023 1713 26 19 64 11 19 27 132 166 413 592 451 432 331 385 471 903 467 338 258 116 176 173 
1772 2305 3 1 4 6 8 19 10 82 253 788 961 941 575 508 510 971 867 628 533 325 267 17 
340 1515 20 0 0 0 0 0 0 188 412 728 235 123 68 121 0 105 288 174 237 233 537 301 
1100 1881 65 1 4 6 7 14 8 123 357 562 964 606 272 186 586 552 719 519 312 249 139 2 
1288 1997 11 5 26 0 0 93 40 91 274 447 507 465 497 1099 650 1085 918 440 175 152 0 0 
761 1270 0 0 0 0 1 192 25 96 330 402 306 258 287 520 43 214 342 319 363 314 387 242 
883 1743 6 1 0 5 31 48 39 129 175 253 455 427 341 898 260 672 600 348 148 160 184 345 
702 1591 2 3 9 71 31 31 814 306 199 139 128 139 169 546 0 3 194 494 187 185 310 1067 
0 766 0 0 0 0 0 0 0 11 38 37 50 50 69 511 0 0 40 439 123 53 58 53 
545 33 0 0 0 0 0 41 11 31 37 94 173 139 81 53 0 106 201 125 95 46 29 17 
1844 1273 0 1 0 0 0 14 227 343 653 643 678 351 141 96 174 557 240 323 408 377 421 632 
526 58 0 0 2 0 0 0 8 55 81 121 133 92 66 30 56 296 73 47 58 32 17 7 
0 0 1085 467 48 0 0 0 92 733 617 125 33 0 0 0 0 3 186 409 559 277 145 21 
0 5 1415 616 64 0 0 0 139 775 711 351 77 44 3 0 0 1 243 555 398 256 428 219 
0 7 1513 781 159 0 0 0 165 532 812 428 274 135 65 49 0 46 347 666 487 381 425 108 
0 20 1169 724 7 0 0 0 0 236 678 527 216 114 56 93 1 124 647 705 311 128 4 0 
0 0 458 9 0 0 0 0 0 145 186 120 16 0 0 0 0 2 21 56 72 237 79 0 
0 1 1043 1257 75 0 0 0 0 612 1085 532 77 33 21 16 0 17 237 477 849 689 107 0 
0 39 916 171 7 0 0 0 0 219 334 252 202 108 18 0 0 50 135 187 296 182 169 114 
0 1 939 273 0 0 0 0 13 243 569 167 99 74 48 0 0 9 61 437 327 201 134 44 
0 0 1765 93 0 0 0 0 52 315 490 521 335 137 8 0 0 104 561 505 241 166 168 113 
0 8 1631 216 15 1 0 0 13 282 673 365 265 169 69 35 0 156 406 410 455 256 144 44 
0 61 1428 340 2 0 0 0 0 106 827 423 221 111 75 68 0 120 411 596 441 184 74 5 
0 0 548 71 0 0 0 0 188 367 62 2 0 0 0 0 0 0 0 0 24 73 286 236 
0 1 1450 528 15 0 0 0 119 546 885 331 70 37 6 0 0 4 174 447 353 340 413 263 
0 0 567 161 1 0 0 0 34 279 333 82 1 0 0 0 0 0 37 172 110 124 257 29 
0 0 640 10 0 0 0 0 68 427 98 57 0 0 0 0 0 0 5 16 61 97 323 148 
0 21 381 78 0 0 0 0 0 202 228 41 6 3 0 0 0 0 37 159 117 125 42 0 
0 25 1031 176 5 0 0 0 0 258 460 239 114 77 41 48 0 6 86 362 190 196 311 86 
0 0 448 66 0 0 0 0 5 269 200 40 0 0 0 0 0 0 0 31 114 134 223 12 
0 3 571 1110 690 0 0 0 121 1373 761 119 0 0 0 0 0 0 240 410 521 642 471 90 
0 0 780 449 10 0 0 0 218 607 340 72 2 0 0 0 0 0 1 199 361 280 282 116 
0 20 943 749 86 0 0 0 55 1014 536 142 26 20 5 0 0 0 0 376 660 480 203 79 
0 0 560 1069 80 0 0 0 163 914 594 38 0 0 0 0 0 10 223 457 490 244 176 109 
0 0 738 658 44 0 0 0 109 673 567 91 0 0 0 0 0 0 86 366 466 228 191 103 
0 0 772 481 17 0 0 0 55 511 631 73 0 0 0 0 0 0 141 480 308 145 140 56 
0 3 461 33 0 0 0 0 11 125 118 113 75 40 15 0 0 0 44 131 127 120 75 0 
0 22 1894 526 10 0 0 0 6 663 1093 434 162 91 3 0 0 19 370 571 456 496 495 45 
0 0 583 1 0 0 0 0 3 270 281 30 0 0 0 0 0 0 0 3 60 163 329 29 
0 0 605 6 0 0 0 0 0 239 287 76 9 0 0 0 0 0 4 24 72 152 347 12 
0 0 523 1 0 0 0 0 0 185 283 56 0 0 0 0 0 0 0 1 43 118 274 88 
0 1 1734 201 0 0 0 0 116 944 710 161 5 0 0 0 0 17 262 245 348 575 453 36 
8 13 1154 77 16 5 1 10 71 529 566 116 2 0 0 0 0 16 125 219 280 371 247 26 
0 1 1131 394 90 0 0 0 45 689 607 206 58 11 0 0 0 142 272 469 386 270 77 0 
0 0 1821 48 0 0 0 0 15 285 756 575 168 56 14 0 0 0 11 403 490 514 327 124 
0 0 1777 34 0 0 0 0 15 374 792 354 174 82 19 1 0 51 161 281 343 396 395 184 
0 0 1726 471 91 0 0 0 103 640 840 475 148 66 15 1 0 3 251 550 681 459 267 77 
0 0 392 25 0 0 0 0 0 211 133 70 3 0 0 0 0 3 42 81 65 121 105 0 
0 2 1168 354 29 0 0 0 118 530 406 239 103 82 59 16 0 117 328 377 265 359 107 0 
0 0 1611 713 76 0 0 0 313 1392 504 165 26 0 0 0 0 10 195 634 646 577 338 0 
0 0 1262 607 140 0 0 0 167 1036 630 157 19 0 0 0 0 7 50 366 567 502 447 70 
0 0 463 0 0 0 0 0 36 253 103 71 0 0 0 0 0 0 2 89 70 73 216 13 
0 0 473 160 0 0 0 0 0 219 322 92 0 0 0 0 0 0 67 201 122 101 123 19 
0 0 1356 692 272 0 0 0 182 844 1037 247 10 0 0 0 0 0 285 701 538 374 361 61 
0 0 532 179 0 0 0 0 25 306 264 109 7 0 0 0 0 0 5 128 124 162 231 61 
0 0 995 750 7 0 0 0 32 568 962 183 7 0 0 0 0 1 248 740 251 215 241 56 
0 0 2038 54 0 0 0 0 37 906 898 205 43 1 2 0 0 46 410 191 265 544 558 78 
0 0 918 632 14 0 0 0 3 351 881 268 61 0 0 0 0 49 420 619 226 156 94 0 
0 0 310 116 0 0 0 0 0 113 309 4 0 0 0 0 0 0 3 74 116 205 28 0 
0 0 1334 151 0 0 0 0 89 602 512 195 70 13 4 0 0 1 99 326 422 315 283 39 
8 1221 40 15 18 8 1 1 90 171 265 342 313 111 12 8 202 517 204 135 143 111 0 0 
0 478 1 0 0 0 0 0 1 21 38 94 148 113 40 24 1 69 82 36 45 89 134 23 
10 466 0 0 0 0 4 4 5 13 30 60 126 182 52 16 23 57 57 57 88 123 79 0 
0 427 0 0 0 0 0 0 0 0 0 49 92 99 101 86 0 22 33 58 141 155 18 0 
0 712 2 1 0 0 0 0 3 7 35 74 127 191 178 100 38 69 220 177 84 74 53 0 
0 308 0 0 0 0 0 0 0 0 0 38 148 92 24 6 0 34 40 41 66 127 0 0 
2 1734 21 0 0 7 0 0 8 78 335 544 504 185 79 31 317 662 274 164 184 161 2 0 
6 1794 39 0 0 12 0 0 17 189 630 554 290 97 34 40 117 375 401 430 206 142 180 0 
1 1720 82 0 0 0 0 1 12 126 457 495 335 197 96 86 404 780 371 191 58 0 0 0 
0 1857 0 0 0 0 0 0 9 93 319 575 350 245 143 123 141 538 488 264 282 144 0 0 
0 756 9 0 0 0 0 0 4 39 67 196 299 125 28 7 0 28 178 93 128 277 61 0 
0 415 0 0 0 0 0 0 0 0 18 44 104 131 83 35 6 70 98 77 65 99 0 0 
0 1945 91 0 0 4 1 1 68 213 454 587 465 188 43 24 25 284 226 266 314 583 339 5 
6 2394 142 0 0 4 1 1 76 322 907 782 283 128 37 13 37 381 522 349 357 440 395 67 
72 1832 74 0 0 0 0 0 17 455 601 476 292 85 25 27 83 296 634 539 270 155 1 0 
0 417 0 0 0 0 0 0 0 1 10 185 180 37 4 0 0 0 20 49 67 200 81 0 
109 1387 0 0 0 0 0 0 50 235 353 248 297 249 45 19 38 401 409 367 271 10 0 0 
14 1829 3 2 0 0 0 0 11 100 256 311 403 507 181 79 92 653 515 399 107 81 1 0 
0 429 0 0 0 0 0 0 0 0 0 21 164 149 82 13 0 25 62 104 106 128 4 0 
0 407 6 0 0 0 0 0 38 27 17 29 92 138 61 11 0 14 33 67 89 136 69 5 
26 1815 26 3 0 0 0 2 7 79 183 239 331 533 280 220 242 339 464 366 316 126 18 1 
0 808 5 1 0 0 0 0 0 8 32 65 161 287 176 85 10 46 109 176 279 161 33 0 
0 440 0 0 0 0 0 0 0 0 50 135 121 106 25 3 0 1 12 21 35 124 226 21 
0 1334 2 0 0 0 0 0 28 192 171 273 261 290 99 22 6 59 90 158 245 423 336 19 
14 1513 36 0 0 0 0 0 34 154 341 404 246 241 91 52 12 98 166 193 301 342 367 84 
0 421 1 0 0 0 0 0 1 31 40 46 80 150 42 32 2 13 16 28 146 92 116 9 
0 1382 22 0 0 0 0 0 5 153 423 436 311 58 9 9 1 301 257 214 149 204 232 46 
0 1509 46 3 0 0 0 0 9 207 534 409 276 96 25 2 3 133 584 213 125 223 231 46 
0 729 0 0 0 0 0 0 8 230 140 124 96 113 13 5 0 47 174 158 135 106 109 0 
2 2089 9 0 0 0 0 0 50 444 298 281 301 405 223 98 21 485 330 451 265 285 263 0 
29 2122 0 0 0 0 0 2 53 184 448 449 456 385 137 41 5 218 502 516 388 383 141 0 
0 1396 0 0 0 0 0 0 20 184 306 301 276 222 63 24 36 269 376 367 277 70 1 0 
0 1100 0 0 0 0 0 0 7 128 249 249 228 132 80 27 3 180 263 215 155 129 117 38 
0 627 0 0 0 0 0 0 2 5 76 179 159 141 48 17 0 0 11 31 125 209 217 34 
9 2510 6 0 0 0 0 0 15 332 534 592 405 378 203 66 0 95 348 364 640 668 376 34 
8 2316 26 0 0 0 0 0 78 579 894 431 261 91 10 6 0 48 246 370 418 729 470 69 
57 373 215 47 118 133 34 10 290 203 235 155 52 22 18 12 0 87 236 458 201 4 1 0 
104 286 392 145 135 250 14 1 406 533 263 81 42 2 0 0 0 9 128 382 725 66 10 7 
45 651 239 67 109 245 14 1 351 537 303 118 60 2 0 0 0 9 132 408 435 214 147 26 
50 1 0 0 1 129 43 130 129 125 99 1 0 0 0 0 0 17 183 119 31 4 0 0 
212 528 88 33 41 116 33 37 321 326 298 110 26 5 2 0 1 60 166 417 232 96 56 60 
18 633 488 88 371 62 0 0 159 448 499 372 77 65 40 0 0 24 256 805 457 86 24 8 
0 330 397 170 392 54 0 0 158 411 185 213 113 33 44 186 6 77 471 334 210 117 80 48 
3 195 436 74 148 275 0 0 293 468 215 93 39 15 8 0 0 38 123 344 400 186 20 20 
3 234 583 184 209 97 2 1 115 349 469 246 51 27 31 25 0 73 397 630 191 11 8 3 
4 536 424 118 193 210 6 5 218 393 460 223 72 55 43 32 35 225 356 358 332 158 32 0 
0 535 314 22 21 1 0 0 124 271 361 125 9 3 0 0 0 0 80 489 223 93 8 0 
63 738 365 12 12 34 31 40 150 319 279 395 95 29 15 13 2 88 264 637 272 32 0 0 
357 395 92 28 50 519 1025 473 1605 1203 109 22 0 0 0 0 0 0 26 590 684 707 531 401 
479 137 21 9 53 380 833 1189 956 1976 155 14 0 0 0 0 0 0 19 372 1135 1059 294 222 
32 0 0 0 8 156 486 330 492 518 2 0 0 0 0 0 0 0 0 7 426 340 144 95 
451 380 93 10 60 892 801 327 1505 1285 194 29 1 0 0 0 0 0 47 395 1361 759 285 167 
855 548 127 141 261 288 254 334 1341 1071 366 29 1 0 0 0 0 12 308 695 1133 510 122 28 
1965 190 8 0 1 256 660 461 821 2094 529 93 4 0 0 0 0 0 84 582 1405 799 388 283 
476 131 0 1 7 179 873 996 1130 1514 19 0 0 0 0 0 0 0 56 828 1337 384 34 24 
708 966 148 3 2 43 230 364 1011 1343 106 4 0 0 0 0 0 0 4 474 990 676 198 122 
1014 830 9 14 47 23 137 320 966 939 417 71 1 0 0 0 0 0 64 353 339 517 513 608 
1322 78 0 0 1 71 124 330 356 1316 242 11 1 0 0 0 0 0 105 734 483 413 131 60 
1761 1254 3 11 0 58 101 532 403 1604 1431 276 6 0 0 0 0 2 201 507 712 1142 950 206 
708 152 0 13 342 317 513 963 952 1509 488 54 5 0 0 0 0 0 81 674 1004 761 173 315 
29 92 13 42 293 93 123 58 663 78 2 0 0 0 0 0 0 0 0 129 146 146 87 235 
778 3 0 0 0 0 0 151 10 302 611 9 0 0 0 0 0 2 12 34 167 502 213 2 
1665 157 4 3 16 11 9 198 338 1240 471 14 0 0 0 0 0 0 69 521 730 568 125 50 
966 256 44 19 155 248 114 293 1039 891 165 0 0 0 0 0 0 31 405 660 275 581 136 7 
352 229 0 0 0 0 0 1 70 155 311 46 0 0 0 0 0 0 0 15 130 388 49 0 
736 0 0 0 0 0 0 49 15 218 528 24 0 0 0 0 0 0 7 83 192 381 122 0 
282 43 3 0 0 15 19 34 32 228 134 2 0 0 0 0 0 0 19 106 195 76 0 0 
830 459 84 33 89 95 39 119 512 816 344 67 8 1 0 0 1 199 451 582 346 92 77 0 
959 97 5 14 319 181 244 709 1001 1192 283 50 2 0 0 0 0 0 123 748 637 393 165 462 
501 1250 101 26 24 628 801 134 1800 1614 49 2 0 0 0 0 0 0 221 1109 1193 691 166 85 
85 0 0 0 0 32 686 815 174 1416 28 0 0 0 0 0 0 1 12 109 1170 324 2 0 
248 6 0 0 0 0 0 102 20 106 227 3 0 0 0 0 0 0 18 154 142 42 0 0 
63 0 0 0 0 3 62 1034 43 603 513 3 0 0 0 0 0 9 45 242 364 474 28 0 
67 2 0 0 0 141 209 531 237 684 25 3 0 1 0 0 0 7 23 78 290 536 16 0 
2042 33 1 21 112 48 62 585 370 1308 1001 189 29 7 0 0 0 209 436 502 875 513 286 83 
2564 42 1 4 4 25 49 321 197 719 1608 418 55 11 2 0 0 7 305 491 596 477 799 335 
1903 326 5 4 0 0 25 846 129 1519 1154 283 20 4 0 0 0 26 449 625 744 822 346 97 
1405 275 6 7 10 108 114 155 362 597 789 282 44 5 1 0 0 53 312 665 491 253 294 12 
1052 191 12 0 0 0 6 197 50 771 485 134 15 1 2 0 0 6 225 339 434 412 42 0 
1724 427 0 0 0 0 0 49 87 759 1114 220 20 0 0 0 0 1 261 926 736 124 44 108 
1389 253 0 0 0 0 84 469 53 1130 868 114 25 4 1 0 0 41 303 812 447 428 55 109 
1012 243 11 12 0 0 116 1150 232 1600 590 121 1 0 0 0 0 0 185 403 975 832 119 30 
948 196 1 0 2 235 479 659 500 1710 291 19 0 0 0 0 0 0 22 291 949 905 304 49 
51 11 0 0 7 317 257 136 216 563 0 0 0 0 0 0 0 0 1 11 158 350 256 3 
83 0 0 0 0 289 604 735 79 1621 10 1 0 0 0 0 0 0 7 56 528 916 169 35 
103 317 1460 993 243 0 0 4 459 1400 988 263 10 0 0 0 0 306 788 335 328 341 421 601 
0 0 420 385 59 0 0 0 0 402 376 77 9 0 0 0 0 34 115 96 101 180 259 79 
788 197 1048 719 184 67 47 60 1327 1243 452 76 10 2 0 0 78 395 239 205 283 325 465 1120 
1049 584 882 345 41 17 0 60 1578 905 341 113 40 0 0 1 11 101 539 779 648 473 317 110 
617 351 930 378 298 31 14 95 972 1374 329 39 0 0 0 0 30 153 425 316 393 458 554 385 
330 377 642 295 4 0 0 24 732 638 269 22 10 1 0 0 51 176 286 377 291 235 167 89 
55 563 2370 513 101 3 1 4 516 2103 862 106 20 3 0 0 1 123 426 538 594 535 511 882 
0 27 632 53 0 0 0 0 85 426 190 11 0 0 0 0 0 0 2 22 57 74 148 409 
2 102 1706 745 59 6 7 9 227 1484 764 160 0 1 0 0 1 95 188 310 345 354 490 853 
0 1580 701 9 0 0 0 0 0 232 768 519 647 118 6 0 0 151 330 325 218 230 310 726 
0 110 1538 211 15 0 0 0 107 815 752 178 19 3 0 0 0 123 268 217 231 282 361 392 
57 1190 231 11 8 1 0 11 85 318 658 398 50 0 0 0 0 19 92 148 186 266 375 423 
109 910 405 0 0 0 0 2 263 329 409 317 80 25 1 2 3 31 184 384 348 267 207 2 
191 575 640 1 0 0 8 23 156 552 445 198 81 6 0 0 0 1 63 193 242 314 297 328 
12 324 934 93 1 0 0 2 78 728 539 15 4 2 0 0 0 44 43 90 156 287 331 415 
2 967 376 166 8 3 0 3 212 320 421 483 89 0 0 0 0 10 31 103 237 254 363 527 
50 76 387 206 0 0 0 5 151 497 75 1 0 0 0 0 0 3 25 81 180 272 160 3 
50 834 1257 314 0 0 0 0 212 1141 698 342 62 0 0 0 0 8 23 140 324 454 666 840 
352 726 1026 406 9 0 0 57 541 882 616 431 97 9 0 0 11 547 531 342 476 418 215 36 
2 12 382 216 4 1 0 1 97 480 41 0 0 0 0 0 0 0 3 32 81 137 251 114 
183 885 1041 232 36 5 9 42 565 752 693 369 45 8 1 0 31 599 269 226 232 259 357 460 
195 588 1929 92 3 5 3 227 562 1178 1057 226 16 3 0 0 1 93 149 366 564 551 559 759 
10 518 479 61 1 0 0 2 36 187 417 335 96 0 0 0 0 92 110 125 134 196 156 258 
29 301 485 85 1 14 23 27 147 361 240 132 82 3 0 0 1 48 155 146 113 141 201 160 
497 349 782 344 10 0 0 105 522 970 521 72 2 0 0 0 5 277 268 393 476 513 129 26 
348 1274 1655 265 11 8 6 63 554 1418 1174 423 55 6 0 0 0 37 88 408 679 662 787 969 
