0 0 98 555 313 172 48 1 0 0 99 680 284 96 28 0 0 0 61 646 333 113 34 0 
0 0 224 430 144 81 17 0 0 0 170 510 113 61 42 0 0 0 154 549 147 43 3 0 
0 0 11 763 197 86 87 8 0 0 1 775 195 89 91 1 0 0 0 741 209 80 113 9 
0 0 230 443 148 85 18 0 0 0 173 525 121 62 43 0 0 0 158 563 155 44 4 0 
0 0 0 476 373 240 73 26 0 0 3 490 445 209 41 0 0 0 1 303 575 256 53 0 
0 0 0 722 751 39 0 0 0 0 0 962 534 16 0 0 0 0 0 876 636 0 0 0 
0 0 0 431 584 202 7 0 0 0 0 758 428 38 0 0 0 0 0 472 649 101 2 0 
0 0 0 3 38 131 121 91 0 0 0 10 46 139 157 32 0 0 0 9 54 157 164 0 
0 0 2 410 238 188 121 24 0 0 13 468 287 156 58 1 0 0 5 456 274 176 69 3 
0 0 106 374 459 121 28 0 0 0 100 366 435 183 4 0 0 0 69 476 482 61 0 0 
0 0 204 422 282 72 15 19 0 0 158 583 208 38 12 15 0 0 179 547 247 23 17 1 
0 0 431 251 172 12 3 0 0 0 326 355 169 16 3 0 0 0 377 303 174 12 3 0 
0 0 171 520 310 121 33 0 0 0 81 622 325 123 4 0 0 0 154 586 346 69 0 0 
0 0 228 443 210 107 44 0 0 0 228 501 221 75 7 0 0 0 106 562 262 89 13 0 
0 0 4 133 272 207 189 196 0 0 13 185 334 191 194 84 0 0 1 152 345 221 251 31 
0 0 162 149 109 152 208 156 0 0 216 165 139 197 213 6 0 0 38 313 175 214 195 1 
0 0 31 566 323 146 124 118 0 0 35 636 316 135 151 35 0 0 16 612 353 220 93 14 
0 0 11 672 565 300 120 12 0 0 3 726 593 319 38 1 0 0 0 630 692 255 101 2 
0 5 495 468 104 43 5 0 0 1 307 557 200 52 3 0 0 0 352 673 87 8 0 0 
0 0 173 485 397 197 93 23 0 0 22 523 508 229 76 10 0 0 0 277 576 364 114 37 
0 0 61 1037 194 0 0 0 0 0 0 1006 283 3 0 0 0 0 0 1033 257 2 0 0 
0 0 304 799 141 46 6 0 0 0 77 1021 119 77 2 0 0 0 13 1069 141 73 0 0 
0 0 0 449 456 225 148 107 0 0 0 274 638 235 136 102 0 0 0 43 756 313 155 118 
0 0 0 88 358 323 183 248 0 0 0 17 355 289 269 270 0 0 0 0 191 287 288 434 
0 20 250 391 179 34 11 0 0 1 150 410 241 74 9 0 0 28 399 373 62 17 6 0 
0 2 270 476 236 162 6 0 0 0 196 525 247 184 0 0 0 0 275 569 270 38 0 0 
0 0 197 610 236 105 8 0 0 0 114 681 236 120 5 0 0 0 3 661 378 89 25 0 
0 0 308 516 157 46 51 40 0 0 260 501 236 74 36 11 0 0 258 602 159 65 34 0 
0 0 17 110 112 17 0 0 0 0 31 110 101 14 0 0 0 0 0 79 142 35 0 0 
0 0 0 261 772 359 152 52 0 0 0 548 695 215 109 29 0 0 0 212 932 286 159 7 
0 0 35 205 174 194 277 223 0 0 32 199 184 210 289 194 0 24 198 228 268 311 79 0 
0 0 16 34 133 240 481 9 0 0 12 30 117 228 522 4 7 21 71 186 455 171 2 0 
35 416 496 400 349 287 514 303 1 357 501 419 370 323 563 266 304 548 562 441 508 423 14 0 
0 0 0 0 13 115 277 741 0 0 0 0 5 113 270 758 0 0 1 62 143 311 382 247 
0 2 269 312 328 468 413 699 0 3 244 313 308 480 506 637 0 60 397 401 425 426 504 278 
1 11 11 31 85 146 283 341 0 10 12 26 83 143 335 300 14 11 33 101 232 426 92 0 
13 508 855 408 296 241 319 306 1 390 813 525 312 245 335 325 263 813 643 369 397 299 157 5 
0 0 5 25 73 155 330 470 0 0 5 18 73 165 368 429 0 1 27 93 223 476 238 0 
264 440 366 276 400 379 300 1 160 446 420 299 365 451 284 1 625 460 428 553 352 8 0 0 
132 427 609 555 426 351 401 627 148 349 604 612 433 371 514 497 310 627 771 473 608 563 176 0 
18 152 176 427 1011 621 381 149 13 140 191 352 815 850 419 155 164 222 712 1100 493 198 44 2 
0 0 0 0 9 95 272 605 0 0 0 0 8 99 319 555 0 0 0 15 140 330 496 0 
0 0 53 134 170 130 177 0 0 0 27 125 173 140 199 0 0 43 115 189 167 150 0 0 
17 214 755 716 307 369 310 0 19 111 672 799 355 373 357 2 137 825 785 354 413 174 0 0 
86 917 530 363 401 13 0 0 37 852 606 343 422 50 0 0 317 1003 510 453 27 0 0 0 
466 1519 1306 470 310 278 144 0 264 1054 1562 683 372 279 241 38 952 2256 689 407 177 12 0 0 
361 1750 1252 720 282 172 6 0 43 1055 1432 1222 494 213 82 2 940 2188 1018 275 120 2 0 0 
2 29 543 594 285 414 622 291 0 9 68 807 362 307 645 582 14 797 659 677 466 140 27 0 
98 1282 1279 282 166 240 296 53 57 292 1769 658 215 140 310 255 959 1992 461 139 88 48 9 0 
728 1550 1986 452 197 179 345 94 463 696 1814 1577 305 226 251 199 1557 2195 917 361 318 117 57 9 
149 244 640 1191 424 302 197 60 52 217 447 599 1034 416 282 160 240 859 1045 735 270 52 6 0 
0 0 105 230 129 236 378 44 0 0 2 85 264 172 344 255 25 206 292 439 121 34 5 0 
14 433 1557 312 177 297 238 15 1 231 506 1395 231 232 331 116 204 1859 472 369 139 0 0 0 
11 457 896 1614 780 802 795 262 0 247 752 1595 1176 686 606 555 151 1895 1432 1145 693 212 64 25 
3 52 317 238 286 245 230 71 0 36 105 347 198 335 238 183 35 515 422 292 155 23 0 0 
2 485 2161 1187 536 247 244 346 0 234 2037 1074 919 266 204 474 229 1784 1920 613 370 199 77 16 
7 355 629 435 227 300 358 184 0 231 453 571 297 309 226 408 147 935 593 380 377 62 1 0 
0 0 443 1273 633 517 624 339 0 0 37 812 1195 496 623 666 14 1523 1052 661 421 101 57 0 
110 300 244 237 495 118 32 10 87 300 205 222 190 489 51 2 332 264 210 130 102 70 73 365 
56 75 91 93 151 103 53 104 39 71 97 79 102 183 67 88 124 99 87 93 92 105 65 61 
99 341 300 157 115 86 39 70 51 374 306 171 118 72 62 53 613 241 136 101 51 40 12 13 
2 21 45 83 39 41 32 128 11 32 83 55 43 43 52 72 104 62 44 58 46 56 20 1 
67 197 399 309 275 180 83 238 35 192 411 310 285 220 106 189 438 364 360 272 196 91 20 7 
27 170 186 222 268 338 104 46 41 164 185 190 248 179 315 39 254 155 201 203 137 100 109 202 
60 436 387 279 223 193 91 79 80 528 324 271 235 176 95 39 644 447 258 181 133 47 26 12 
4 55 54 46 35 36 37 63 49 70 69 43 34 34 29 2 95 79 49 63 25 16 3 0 
0 7 45 58 38 41 65 148 0 15 76 56 61 108 63 23 81 41 42 47 70 85 36 0 
1 43 140 305 330 241 169 238 2 41 110 334 322 288 199 171 72 230 318 341 239 138 88 41 
1 11 133 441 310 425 412 398 0 4 37 251 448 338 502 551 30 351 487 338 304 338 268 15 
0 2 19 73 164 280 284 215 0 0 8 34 87 242 346 320 0 3 61 124 217 232 239 161 
0 0 8 58 139 173 153 207 0 0 4 18 79 180 172 285 0 6 115 126 105 98 148 140 
0 3 17 51 189 193 212 70 0 0 14 21 139 192 257 112 0 9 93 133 147 169 180 4 
6 19 28 138 124 132 64 0 1 14 19 79 124 140 133 1 7 21 150 108 120 104 1 0 
3 20 25 74 99 234 214 12 0 9 26 39 82 188 271 66 6 22 83 83 184 185 118 0 
1 5 18 100 188 169 52 0 1 2 6 48 174 152 144 6 1 5 121 129 118 144 15 0 
40 241 363 426 441 646 408 315 1 197 256 443 422 647 505 409 59 311 446 495 358 409 482 320 
0 6 53 64 106 174 181 51 0 3 26 71 74 145 210 106 4 24 90 83 188 146 98 2 
0 76 249 461 451 503 362 432 0 3 143 439 503 514 414 518 8 216 346 384 489 377 328 386 
0 4 307 438 486 506 446 304 0 0 120 474 524 501 506 366 18 150 379 438 449 426 376 255 
74 366 360 506 452 520 268 39 49 183 418 436 455 539 410 95 117 525 450 368 410 467 236 12 
223 362 508 257 210 123 66 0 195 303 384 382 210 147 113 15 290 699 409 194 149 8 0 0 
77 303 280 164 137 178 71 0 34 267 227 224 147 158 153 0 195 405 186 174 136 114 0 0 
0 0 14 134 202 139 93 1 0 0 1 58 186 189 147 2 0 57 168 151 89 41 53 24 
20 12 23 101 173 316 133 4 13 18 16 71 154 218 269 23 29 17 165 154 232 156 29 0 
6 10 19 61 129 268 359 8 5 6 16 37 107 226 412 51 10 19 96 128 268 317 22 0 
2 9 24 34 222 306 243 217 1 7 15 30 172 228 323 281 7 15 43 195 180 300 205 112 
719 582 416 238 362 233 24 0 400 617 543 306 250 396 62 0 965 580 411 394 190 34 0 0 
253 657 390 281 314 443 127 19 142 560 501 292 287 318 361 23 369 668 377 357 468 196 20 29 
20 36 69 88 250 267 275 1 12 31 45 85 203 226 380 24 50 42 220 200 241 252 1 0 
3 7 29 118 316 355 27 0 1 7 15 55 197 408 172 0 6 21 253 362 201 12 0 0 
497 361 292 423 350 50 7 0 383 420 279 325 423 142 8 0 601 366 419 447 111 14 17 5 
0 25 28 68 158 350 41 0 0 17 28 46 118 232 229 0 9 29 68 176 280 105 3 0 
4 17 46 244 160 240 21 0 2 15 18 180 175 222 120 0 14 23 278 272 145 0 0 0 
1 20 26 64 457 436 1 0 0 14 21 39 193 720 18 0 8 40 103 562 272 20 0 0 
263 210 541 767 131 2 0 0 224 210 449 608 417 6 0 0 363 709 732 106 4 0 0 0 
208 415 633 587 455 258 5 5 157 406 567 588 533 262 50 3 447 884 697 342 182 5 5 4 
0 27 88 111 242 279 87 0 0 9 51 105 176 250 243 0 22 93 159 184 164 210 2 0 
41 249 353 406 690 808 595 15 68 195 341 324 555 720 913 41 148 384 464 591 662 811 84 13 
1 14 18 65 396 332 111 1 0 10 20 19 209 464 214 2 10 21 124 351 294 127 11 0 
517 481 553 594 613 381 288 19 427 445 525 499 714 437 272 127 652 600 823 521 416 256 174 4 
121 305 403 507 415 329 423 185 71 230 326 512 478 366 327 378 193 400 661 371 322 290 408 43 
40 137 348 413 453 535 404 283 24 129 308 522 423 491 463 253 153 339 650 459 418 294 174 126 
88 350 774 691 528 460 526 99 51 196 731 728 567 531 485 227 210 702 930 560 362 327 346 79 
19 110 621 565 476 580 398 89 7 55 283 728 562 538 507 178 45 369 820 493 489 405 202 35 
9 73 233 377 433 349 238 146 1 51 168 355 423 383 292 185 49 212 387 394 327 251 138 100 
57 443 377 553 447 249 145 32 37 192 470 367 603 372 182 80 125 563 518 500 278 169 143 7 
2 2 7 130 232 192 137 173 0 2 6 43 176 248 167 233 2 15 161 210 137 94 145 111 
0 8 71 157 292 240 254 193 0 0 32 120 235 253 321 254 0 90 248 232 250 191 147 57 
25 128 489 541 498 592 565 324 16 95 361 569 483 523 613 502 64 274 848 659 442 372 426 77 
27 603 543 542 835 834 572 31 1 142 723 523 604 1076 818 100 737 574 1144 1240 253 39 0 0 
15 1143 1025 766 1101 1376 1087 127 0 165 1422 866 915 1503 1466 303 1930 1047 1868 1293 424 78 0 0 
126 1334 1808 1007 1037 968 876 150 31 400 2019 1405 981 992 1181 297 2707 1294 1493 1074 305 245 166 22 
9 360 679 387 378 649 713 90 4 88 565 590 425 560 903 130 1082 498 931 547 135 54 18 0 
2 37 548 386 275 303 512 806 1 13 272 545 275 302 471 990 509 417 383 645 623 221 49 22 
7 265 597 449 287 513 903 812 2 65 570 496 349 399 829 1123 1013 584 690 649 584 220 86 7 
0 0 12 277 304 230 416 518 0 0 3 137 392 209 344 672 116 391 588 433 129 61 30 9 
22 130 637 564 575 708 1043 1482 0 104 497 606 731 818 1279 1126 438 523 746 997 970 837 422 228 
9 308 635 252 287 581 748 522 0 36 523 494 241 409 699 940 452 599 397 788 754 265 87 0 
133 665 1902 1491 930 508 550 219 99 380 1188 1964 1300 532 672 263 1643 1672 1456 836 584 173 34 0 
72 207 799 506 487 701 888 444 34 106 534 735 489 566 901 739 337 485 827 904 1058 365 107 21 
182 497 516 499 472 756 675 200 102 243 530 531 485 582 839 485 556 366 396 837 1071 544 27 0 
0 0 5 82 309 616 583 239 0 0 0 18 127 474 793 422 0 32 133 710 802 157 0 0 
0 472 561 411 724 881 1038 700 0 237 631 437 657 883 1105 837 487 604 507 1238 1147 453 213 138 
0 189 320 329 384 439 419 395 0 0 329 277 394 428 496 551 289 314 408 552 516 396 0 0 
0 9 159 325 226 206 298 677 0 0 118 305 229 208 281 759 262 251 428 439 404 88 27 1 
0 33 230 158 179 166 202 470 43 294 148 205 182 136 146 284 275 183 268 373 219 91 29 0 
0 123 926 1465 1193 984 1031 890 0 37 576 1551 985 1222 1174 1067 347 545 1306 1698 1508 672 209 327 
3 311 847 1331 2028 992 954 194 0 10 631 1320 1918 1858 708 215 649 856 772 1002 1860 1330 191 0 
740 778 783 1110 844 805 869 407 427 773 753 1116 875 977 796 619 1563 827 1204 1522 739 381 94 6 
0 191 448 773 226 117 30 0 0 3 222 526 622 278 118 16 1 195 536 490 368 143 46 6 
104 553 432 255 40 3 0 0 1 161 444 443 216 119 3 0 258 436 452 196 31 13 1 0 
7 29 74 115 206 54 0 0 0 11 27 60 71 238 78 0 9 43 100 154 133 46 0 0 
0 39 215 211 79 62 2 0 0 0 44 182 169 138 75 0 14 111 227 150 54 48 4 0 
0 179 272 416 546 300 87 0 0 0 188 261 375 580 344 52 0 100 237 379 320 382 357 25 
0 13 328 752 596 342 199 0 0 0 1 357 692 658 389 133 0 22 286 647 530 523 206 16 
0 2 321 544 412 147 80 0 0 0 0 326 491 432 190 67 8 62 226 481 426 204 89 10 
0 2 242 407 517 167 100 0 0 0 0 267 348 521 218 81 8 53 155 374 430 297 108 10 
0 151 477 487 240 165 124 0 0 6 193 424 480 238 195 108 0 88 456 441 365 156 108 30 
15 478 717 515 391 143 29 0 0 117 512 662 456 412 111 18 87 423 748 533 294 164 39 0 
1 28 60 72 107 245 199 0 0 6 25 50 68 94 321 148 5 22 101 63 130 227 164 0 
0 0 3 18 62 211 296 0 0 0 0 0 20 56 278 236 0 0 8 19 79 221 263 0 
6 174 594 565 417 345 244 0 0 18 184 484 473 453 457 276 20 147 541 708 478 274 177 0 
0 28 162 311 322 402 368 0 0 0 21 87 292 297 461 435 6 88 171 290 420 422 196 0 
8 83 91 94 128 202 126 0 0 19 60 67 84 116 265 121 56 120 94 96 122 117 86 41 
23 144 558 366 169 100 38 0 0 43 113 493 345 216 144 44 98 207 460 396 146 64 27 0 
112 700 593 262 138 129 99 8 0 179 673 492 253 163 168 113 276 721 538 233 111 98 60 4 
17 132 137 156 83 80 16 0 0 17 93 106 143 106 117 39 117 181 90 104 90 39 0 0 
0 0 13 74 208 247 48 0 0 0 0 3 67 162 329 29 0 1 33 117 261 157 21 0 
2 10 43 92 210 276 7 0 0 2 10 36 78 152 350 12 1 14 72 153 223 168 9 0 
0 6 265 330 263 216 114 0 0 0 7 213 278 304 264 128 0 129 324 329 198 155 59 0 
0 31 560 574 349 193 101 0 0 0 36 479 516 418 236 123 20 243 589 541 241 117 57 0 
2 52 176 132 188 230 13 0 0 2 16 169 96 135 289 86 77 83 158 174 193 108 0 0 
9 500 799 389 316 255 20 0 0 55 562 674 357 282 340 18 13 352 812 621 280 187 23 0 
0 164 750 481 246 291 96 0 0 0 216 630 500 306 320 56 1 145 572 585 299 201 219 6 
0 2 136 161 112 89 2 0 0 0 5 118 121 136 110 12 0 12 181 118 97 81 13 0 
44 320 372 333 374 411 182 0 0 90 297 352 286 369 514 128 93 311 395 348 420 345 124 0 
10 481 247 444 625 443 102 0 0 46 495 218 336 633 555 69 34 468 318 539 592 338 63 0 
15 315 432 568 416 92 2 0 0 27 352 396 443 485 135 2 12 352 582 483 353 56 2 0 
0 5 96 160 167 4 0 0 0 0 5 78 116 205 28 0 0 1 72 167 181 11 0 0 
0 201 389 414 375 194 106 0 0 2 292 354 346 392 215 78 0 167 473 366 330 179 150 14 
0 0 3 46 119 255 145 0 0 0 0 2 36 107 314 109 0 0 8 84 130 249 97 0 
4 215 283 241 347 127 0 0 0 16 215 287 239 344 116 0 49 220 242 263 307 136 0 0 
0 4 49 107 170 0 0 0 0 2 42 72 214 0 0 0 19 118 190 3 0 0 0 0 
232 387 173 124 132 49 0 0 183 416 171 119 112 96 0 0 509 359 169 44 13 3 0 0 
110 135 481 310 279 312 257 1 97 154 447 264 261 287 326 49 359 499 620 302 95 10 0 0 
403 728 329 298 286 141 15 0 346 673 402 256 274 211 38 0 1158 738 247 45 12 0 0 0 
0 17 34 44 108 67 0 0 0 9 31 38 65 127 0 0 46 92 129 3 0 0 0 0 
172 377 338 168 93 83 16 0 136 347 321 218 91 81 53 0 733 318 126 55 15 0 0 0 
23 298 357 275 250 161 0 0 15 270 342 271 220 217 29 0 255 557 385 107 50 10 0 0 
1 291 157 167 128 222 197 1 1 241 177 168 125 190 217 45 245 194 340 200 151 34 0 0 
8 279 553 197 161 273 208 1 3 167 611 232 150 234 237 46 230 546 424 253 191 36 0 0 
49 227 102 154 369 439 268 2 38 209 116 134 327 423 311 52 301 419 296 263 260 71 0 0 
8 100 144 193 281 361 354 10 8 86 148 172 281 321 353 82 184 349 300 288 239 88 3 0 
41 272 597 555 374 337 79 0 22 249 557 563 354 380 130 0 439 906 528 225 113 44 0 0 
31 524 354 553 175 278 98 0 17 481 339 530 247 203 196 0 665 737 241 132 106 132 0 0 
24 178 155 320 354 605 299 0 17 137 183 258 343 498 475 24 259 647 343 322 236 128 0 0 
119 187 400 478 420 186 14 0 87 186 345 455 458 225 48 0 587 774 312 103 27 1 0 0 
363 420 567 399 294 146 10 1 299 408 537 399 362 155 39 1 1091 798 229 67 10 5 0 0 
168 451 320 352 330 208 71 0 128 437 321 307 354 214 139 0 638 558 399 233 53 19 0 0 
59 100 50 60 82 107 0 0 19 125 47 56 65 123 23 0 194 96 114 54 0 0 0 0 
289 428 314 296 247 299 174 3 211 463 324 236 306 282 214 14 776 598 206 152 97 146 75 0 
57 487 441 237 241 223 0 0 29 444 424 272 203 296 18 0 555 708 364 52 7 0 0 0 
217 600 379 133 88 159 36 0 159 549 447 136 96 119 106 0 673 587 171 117 33 31 0 0 
6 15 52 198 228 187 0 0 3 12 48 143 282 120 78 0 78 393 133 82 0 0 0 0 
42 527 254 314 355 375 129 2 30 498 258 274 338 368 230 2 609 623 426 203 99 38 0 0 
0 10 14 39 130 180 179 3 0 3 19 40 104 161 194 34 58 163 147 108 65 14 0 0 
0 124 318 395 623 605 260 4 0 98 321 317 627 606 328 32 279 858 430 432 278 51 1 0 
0 36 220 268 398 735 393 18 0 24 180 297 385 673 440 69 54 305 504 489 466 249 1 0 
31 130 292 280 303 172 3 0 22 122 258 272 271 237 29 0 263 383 359 182 24 0 0 0 
21 327 342 357 385 192 29 2 14 294 335 356 376 232 47 1 294 549 434 241 96 25 14 2 
16 265 251 237 159 127 114 6 6 194 300 238 159 131 108 39 294 411 221 116 102 30 1 0 
3 44 72 89 245 96 0 0 2 40 58 83 163 203 0 0 77 314 158 0 0 0 0 0 
1 16 89 69 74 108 35 0 1 6 80 72 74 75 84 0 33 179 124 47 9 0 0 0 
49 233 223 279 166 186 98 0 40 199 196 294 187 138 180 0 218 269 438 302 7 0 0 0 
1 97 128 228 307 372 306 0 1 77 118 182 267 397 339 58 107 250 270 385 344 83 0 0 
91 480 419 436 423 589 156 7 61 454 376 428 362 610 305 5 563 562 713 469 226 64 4 0 
21 357 482 138 256 348 21 0 18 232 551 158 160 390 114 0 224 664 539 150 38 8 0 0 
1 14 64 129 142 127 0 0 0 12 41 122 109 163 30 0 26 160 218 73 0 0 0 0 
0 28 138 186 68 3 0 0 0 17 103 168 131 4 0 0 57 276 83 5 2 0 0 0 
13 69 79 120 212 25 0 0 8 55 89 93 193 80 0 0 112 243 147 14 2 0 0 0 
34 441 797 622 404 48 0 0 32 440 739 628 414 93 0 0 789 1075 333 136 13 0 0 0 
2 178 371 290 212 205 14 0 9 260 305 298 183 204 13 0 80 480 452 250 10 0 0 0 
2 22 209 260 178 122 27 0 0 15 165 274 205 126 35 0 26 277 284 164 68 1 0 0 
127 671 943 465 336 75 20 17 70 389 850 758 464 76 22 25 65 561 808 812 311 43 25 29 
120 501 476 340 238 116 53 297 46 414 522 374 288 125 50 322 43 531 451 323 308 112 46 327 
20 536 538 231 78 62 75 400 8 319 709 245 107 70 69 413 2 176 686 347 160 63 77 429 
0 47 197 254 210 231 305 121 0 66 171 271 210 218 322 107 83 204 294 275 309 160 40 0 
3 96 117 127 154 158 6 0 0 69 136 118 184 154 0 0 101 237 197 116 10 0 0 0 
819 610 766 542 90 17 5 0 776 546 704 687 115 18 3 0 787 707 918 344 90 3 0 0 
512 1058 866 284 88 5 0 0 534 650 1095 410 120 4 0 0 650 1132 727 277 27 0 0 0 
376 430 793 700 355 306 121 2 341 342 696 811 494 333 65 1 384 638 817 622 427 183 11 1 
442 531 562 462 219 104 58 7 303 510 606 493 282 132 53 6 453 694 502 346 261 116 11 2 
259 550 355 157 45 7 12 53 224 618 297 165 61 7 10 56 256 576 387 122 24 6 11 56 
14 283 285 316 150 43 69 33 146 384 124 134 342 49 14 0 182 351 165 129 115 165 86 0 
6 94 72 64 34 23 45 10 78 99 53 42 64 11 1 0 35 129 69 51 34 21 9 0 
20 173 137 442 229 67 19 7 205 201 108 82 473 24 1 0 141 249 131 46 57 157 313 0 
20 169 124 250 142 54 14 5 194 184 96 57 228 19 0 0 132 230 107 36 33 79 161 0 
39 248 268 173 239 88 28 19 228 258 123 103 276 97 14 3 149 362 126 95 87 138 145 0 
34 257 224 73 99 55 13 8 230 251 73 71 100 34 3 1 133 353 89 47 48 69 24 0 
48 284 215 324 247 46 16 11 261 197 110 92 372 146 10 3 145 316 101 84 94 139 312 0 
71 404 288 175 202 48 6 2 335 335 129 86 209 97 5 0 203 477 119 64 70 105 158 0 
100 265 274 272 324 78 32 23 255 275 208 138 353 109 26 4 227 342 181 118 114 164 220 2 
15 219 158 168 300 25 2 3 29 250 138 101 184 183 3 2 32 221 159 106 50 71 251 0 
10 259 288 311 541 33 14 16 13 286 270 154 338 384 21 6 6 296 250 161 101 164 492 2 
47 675 316 132 141 31 15 8 411 525 161 80 121 54 8 5 431 550 130 70 42 72 70 0 
0 61 343 496 363 127 71 85 18 344 271 221 514 96 53 29 189 442 275 167 165 209 96 3 
9 224 517 353 245 147 103 74 31 636 348 195 240 145 52 25 411 551 336 166 112 70 26 0 
0 31 141 194 205 179 166 245 3 171 188 166 228 190 161 54 166 250 252 204 198 75 16 0 
1 77 218 263 252 206 291 365 83 265 252 222 291 251 237 72 253 335 295 289 339 142 20 0 
7 52 101 286 355 195 273 403 8 144 169 214 457 345 250 85 154 251 224 307 369 268 99 0 
0 10 60 235 209 148 306 293 4 83 147 129 327 319 198 54 106 138 155 280 247 236 99 0 
0 3 39 141 160 124 253 229 3 54 96 135 279 227 126 29 64 85 115 205 199 201 80 0 
1 166 336 380 248 192 157 148 110 390 340 223 271 141 84 69 535 481 233 174 137 58 10 0 
0 17 67 120 156 163 185 91 9 87 75 155 243 142 74 14 75 111 187 179 102 90 55 0 
0 15 157 172 203 90 38 15 1 154 173 115 113 111 18 5 10 176 195 98 73 54 83 1 
1 231 362 223 421 71 22 39 82 319 202 169 279 267 24 28 39 411 199 144 123 170 276 8 
1 30 189 160 289 99 47 3 2 69 199 120 146 281 1 0 0 59 194 148 100 112 203 2 
8 135 201 180 483 127 55 5 18 144 271 144 134 454 25 4 4 135 288 162 76 132 388 9 
5 122 199 89 213 76 82 7 22 155 199 70 112 229 6 0 9 226 143 81 120 72 142 0 
38 506 290 138 386 95 57 2 67 557 242 123 130 383 10 0 16 558 290 109 128 106 298 7 
52 592 330 142 419 102 23 5 103 705 215 112 138 386 6 0 52 716 255 113 94 102 320 13 
33 344 351 154 146 108 89 17 67 544 208 131 146 135 10 1 61 584 239 126 109 77 46 0 
1 45 145 220 204 111 151 46 5 115 191 162 135 287 26 2 63 245 143 122 167 64 115 4 
6 97 200 154 131 98 100 60 30 205 165 100 138 195 13 0 27 175 196 120 183 85 60 0 
2 120 238 203 300 141 124 86 29 211 216 158 204 365 30 1 35 210 236 159 240 173 161 0 
50 562 181 159 364 45 7 0 175 508 107 82 198 292 6 0 169 445 158 75 75 136 309 1 
1 73 214 230 159 98 12 9 15 194 232 157 103 80 11 4 35 343 209 80 36 41 39 13 
17 363 168 146 257 144 67 15 215 299 109 165 284 81 19 5 432 401 179 93 48 20 4 0 
1 96 91 226 414 273 373 242 47 125 122 176 511 539 159 37 208 214 253 379 256 260 145 1 
3 72 219 307 544 105 110 68 18 146 400 90 121 615 38 0 184 300 132 96 109 132 453 22 
0 13 112 247 231 244 287 159 1 54 226 253 268 357 108 26 79 300 288 225 271 90 37 3 
0 25 77 58 133 322 259 57 0 31 101 148 289 238 112 12 2 75 203 251 187 72 103 38 
0 73 269 146 276 214 231 53 0 208 267 249 349 117 59 13 18 312 434 291 123 35 38 11 
0 225 318 149 228 575 246 44 0 318 321 284 268 218 358 18 6 256 512 346 136 65 342 122 
13 177 353 245 255 343 161 28 32 314 261 290 242 237 193 6 207 410 273 230 163 61 156 75 
3 338 240 143 139 710 54 5 2 393 249 114 142 211 517 4 22 473 226 131 103 76 477 124 
0 2 67 130 158 516 244 40 0 60 179 223 217 186 277 15 0 44 271 298 101 74 269 100 
0 9 128 169 159 605 178 39 0 130 263 161 123 147 447 16 0 37 322 232 72 65 351 208 
0 103 202 246 185 510 167 36 0 94 264 279 180 142 477 13 31 302 304 197 107 67 145 296 
0 1 49 65 103 225 129 79 0 7 47 74 86 194 235 8 3 28 71 112 116 119 154 48 
0 36 72 67 89 612 300 79 0 17 86 76 127 196 718 35 10 60 132 136 136 131 193 457 
8 82 135 196 244 369 284 101 24 133 169 289 278 210 253 63 109 230 236 305 194 90 89 166 
6 142 255 209 288 392 186 106 38 222 242 274 431 192 124 61 302 354 336 371 133 52 30 6 
0 33 70 185 156 190 123 50 1 65 158 235 98 144 94 12 81 238 139 101 93 80 69 6 
0 9 64 156 327 636 192 112 0 17 126 161 279 714 190 9 0 47 167 236 248 186 510 102 
3 31 154 155 180 148 75 12 0 82 202 112 115 185 60 2 8 133 201 139 69 66 124 18 
3 97 202 180 512 294 152 72 23 142 231 195 248 565 87 21 108 211 298 194 123 112 408 58 
1 60 176 198 280 269 195 79 17 138 238 232 325 223 68 17 155 288 374 240 123 52 25 1 
0 21 166 215 509 308 244 49 0 110 231 209 201 679 71 11 17 217 397 235 138 149 343 16 
0 5 31 75 112 88 10 6 2 102 108 67 26 21 1 0 10 126 107 39 19 18 8 0 
49 195 277 178 197 251 128 71 86 310 208 122 153 268 176 23 183 313 218 193 125 89 155 70 
3 89 155 266 500 491 183 61 11 173 183 228 330 632 158 33 84 303 417 227 149 166 322 80 
7 91 374 261 310 248 192 101 120 392 306 188 228 224 89 37 298 418 302 216 148 106 87 9 
0 168 262 220 539 157 81 17 80 257 169 182 246 464 43 3 199 238 189 213 166 196 240 3 
1 235 303 227 470 47 10 7 89 314 164 122 211 386 10 4 27 378 164 97 114 124 392 4 
101 356 257 151 66 54 47 13 267 412 167 67 75 44 10 3 345 420 127 73 45 21 13 1 
42 303 222 141 272 169 57 46 150 364 134 110 108 293 68 25 249 344 114 105 86 119 196 39 
25 261 359 281 274 169 128 178 139 515 262 198 184 221 114 42 372 555 202 146 176 136 71 17 
12 153 284 154 275 174 121 171 101 317 184 126 213 316 84 3 253 300 165 162 221 132 106 5 
15 120 245 332 810 211 86 31 45 231 289 282 503 457 42 1 137 493 421 205 138 169 273 14 
0 25 329 323 442 127 91 59 1 70 358 281 203 440 35 8 79 392 203 149 150 134 282 7 
4 48 340 325 461 187 102 45 16 116 363 334 212 422 43 6 89 422 277 154 151 164 236 19 
176 290 255 149 341 171 48 68 195 339 221 121 98 395 72 57 285 294 193 104 94 148 322 58 
204 488 326 170 213 131 26 16 402 464 241 111 110 155 83 8 500 498 213 70 48 64 135 46 
26 196 277 146 207 116 14 4 316 247 106 42 29 202 43 1 322 293 68 28 22 25 190 38 
47 158 276 364 394 156 61 40 191 152 261 265 237 288 86 16 292 469 242 113 85 98 182 15 
169 678 704 677 697 598 730 506 29 404 785 680 875 631 825 530 604 829 873 658 485 457 574 279 
366 1062 892 921 1088 1265 863 194 233 448 1173 876 1021 1467 1115 318 710 1257 856 1075 1105 811 716 121 
30 444 495 560 675 819 898 24 4 208 379 517 573 763 1172 329 145 618 495 651 625 903 493 15 
23 101 105 115 139 172 48 0 0 60 105 104 136 139 159 0 45 133 115 165 206 39 0 0 
162 1103 576 484 377 111 2 0 5 690 759 478 449 388 46 0 289 1012 657 598 251 8 0 0 
526 1206 884 365 324 151 22 2 234 826 1209 576 346 248 39 2 439 1118 1065 351 310 186 10 1 
161 688 713 674 430 394 184 6 83 518 687 670 490 382 414 6 155 626 736 747 586 394 6 0 
237 557 369 303 378 412 279 30 83 563 362 352 321 443 418 23 223 688 452 416 424 333 29 0 
4 454 899 976 1000 526 185 58 1 177 854 1035 904 765 313 53 34 590 1205 1112 684 398 57 22 
4 115 104 60 68 91 133 201 2 62 134 74 74 93 155 182 85 135 53 78 77 113 201 34 
9 56 169 308 369 345 235 126 15 62 193 423 264 316 223 121 67 209 299 257 266 283 230 6 
56 104 228 193 199 164 234 86 65 95 250 233 160 189 205 67 88 195 241 199 153 214 153 21 
6 110 273 711 1090 673 439 166 2 64 249 642 1099 769 476 167 35 236 255 787 1012 607 421 115 
0 0 125 333 265 304 206 300 0 0 119 317 277 294 202 324 0 13 300 310 278 203 189 240 
0 10 831 779 595 588 354 390 0 3 520 1032 597 556 386 453 0 352 1053 587 513 387 287 368 
40 611 404 524 354 218 45 11 0 650 391 571 332 197 55 11 0 294 817 495 358 179 51 13 
33 341 442 552 545 263 84 220 0 387 402 522 557 290 92 230 0 260 600 655 474 178 76 237 
0 296 531 766 478 300 132 89 2 344 387 769 543 323 169 55 19 488 679 653 499 213 36 5 
0 172 674 606 433 351 154 91 2 190 558 660 454 368 191 58 38 779 548 487 312 273 37 7 
0 2 191 242 222 188 132 135 0 0 124 268 224 216 150 130 4 294 208 214 185 133 65 9 
0 8 394 795 493 323 231 143 0 1 268 885 475 357 253 148 13 765 554 426 307 229 86 7 
0 3 350 1000 602 378 224 186 0 0 182 1055 654 402 266 184 3 692 742 535 409 220 122 20 
1 149 540 543 559 220 32 40 0 101 416 579 525 366 44 53 9 535 521 507 274 157 31 50 
5 242 989 672 414 239 45 17 21 299 731 887 396 222 49 18 11 572 952 567 322 155 23 21 
121 481 621 868 788 608 229 508 61 482 574 812 809 701 225 560 1 478 691 891 844 516 204 599 
89 352 565 465 401 239 151 294 65 382 495 494 414 251 146 309 1 415 520 557 438 226 207 192 
22 267 283 194 187 93 53 67 53 400 154 158 146 116 58 81 5 390 294 193 99 49 41 95 
2 194 340 385 302 284 159 79 10 216 262 383 362 252 163 97 75 282 355 393 402 130 34 74 
2 126 498 445 324 165 45 7 27 295 504 385 242 117 31 11 4 421 496 338 235 84 18 16 
0 90 380 372 363 323 165 27 21 350 394 332 326 190 82 25 5 442 405 314 343 149 40 22 
0 60 252 269 181 146 116 35 4 199 260 280 202 53 23 38 2 219 324 244 173 44 21 32 
0 98 379 493 323 243 135 140 0 77 331 481 323 278 150 171 29 442 441 298 225 181 71 124 
5 212 273 311 231 44 25 20 5 252 285 186 288 59 28 18 5 235 236 283 258 60 27 17 
24 150 326 339 447 186 87 56 32 132 318 312 386 281 97 57 60 443 293 271 417 88 38 5 
0 88 221 205 140 67 23 5 31 191 197 155 83 63 23 6 31 227 194 140 69 55 23 10 
110 628 631 588 430 172 17 0 130 581 694 572 426 156 17 0 142 880 694 477 325 58 0 0 
2 396 630 512 300 143 37 22 49 662 503 388 230 148 39 23 3 567 552 446 304 116 30 24 
0 64 175 329 364 418 180 17 19 66 162 353 394 434 103 16 8 278 272 362 373 233 12 9 
0 79 638 737 633 361 267 192 0 99 636 803 653 334 198 184 122 655 701 596 423 277 120 13 
7 261 316 301 336 185 104 35 199 391 336 288 123 105 71 32 24 472 302 344 201 120 53 29 
4 81 262 321 440 145 43 2 8 465 436 215 134 31 5 4 15 354 362 302 198 53 13 1 
0 14 152 138 83 88 50 2 0 7 150 133 93 78 63 3 46 153 119 93 76 38 2 0 
34 306 641 577 230 26 0 0 6 276 675 601 229 27 0 0 318 618 576 223 76 3 0 0 
10 90 263 732 550 410 88 0 9 75 220 673 585 391 190 0 239 402 703 446 341 12 0 0 
9 273 600 485 478 459 92 4 15 267 612 458 430 473 139 6 115 608 705 538 361 50 23 0 
13 294 702 749 630 623 233 26 21 257 850 872 802 319 130 19 324 772 809 575 500 249 34 7 
1 23 248 355 382 279 264 41 1 34 210 358 356 311 267 56 141 447 296 259 313 137 0 0 
0 227 747 648 528 690 478 42 4 99 858 631 586 670 487 25 310 747 538 622 709 365 62 7 
0 591 866 764 611 523 170 13 0 267 1038 803 630 576 210 14 767 829 613 631 549 135 14 0 
0 87 211 419 544 657 354 32 0 149 513 520 465 403 243 11 173 391 441 489 522 232 56 0 
0 33 249 466 439 346 156 3 0 539 382 373 244 115 39 0 36 497 449 302 278 103 27 0 
0 38 305 341 280 343 200 9 0 28 345 396 313 269 159 6 144 362 267 276 336 104 22 5 
0 184 607 546 558 455 116 4 42 286 634 535 494 375 99 5 84 664 709 438 325 204 39 7 
1 89 344 473 466 389 101 0 4 65 302 488 432 367 205 0 175 502 469 369 346 2 0 0 
131 390 766 572 389 319 97 4 244 349 723 506 426 350 66 4 315 633 742 579 299 84 9 7 
117 250 607 655 800 643 189 3 196 293 673 648 708 571 171 4 315 569 824 841 488 190 32 5 
0 31 51 84 127 150 0 0 0 27 46 71 114 170 15 0 59 84 83 104 108 5 0 0 
0 114 256 379 404 343 245 83 17 136 240 369 356 355 255 96 200 379 311 319 308 238 65 4 
0 62 316 304 481 361 217 104 0 91 303 275 456 394 214 112 225 508 320 334 263 151 42 2 
0 46 237 296 678 580 474 181 0 42 210 306 613 652 467 202 220 411 414 514 505 305 92 31 
7 369 319 406 321 188 153 30 180 242 305 363 317 195 157 34 299 468 398 264 209 100 25 30 
143 862 672 685 735 260 160 47 436 570 622 837 588 276 173 62 813 1312 643 336 207 131 52 70 
549 741 532 274 197 164 73 40 551 762 510 240 194 183 81 49 602 940 491 245 137 84 35 36 
16 300 780 664 573 575 281 118 5 339 765 650 555 549 316 128 300 843 610 547 533 268 115 91 
35 240 446 433 454 167 20 8 30 206 429 424 413 270 27 4 380 482 403 343 141 36 13 5 
411 651 561 457 310 140 48 13 500 636 529 436 287 152 42 9 307 967 562 425 218 72 32 8 
101 536 651 681 396 215 183 93 156 572 570 607 431 235 184 101 397 888 575 377 293 146 68 112 
8 423 482 347 210 35 3 0 334 562 264 284 58 5 1 0 152 699 301 214 130 12 0 0 
5 101 145 123 112 37 0 0 4 88 124 118 127 57 5 0 126 150 128 91 28 0 0 0 
40 59 33 72 136 101 45 0 78 35 23 67 109 113 61 0 79 77 145 80 76 29 0 0 
90 364 322 446 535 279 92 4 116 412 356 448 439 257 99 5 338 461 530 449 295 57 2 0 
23 391 528 438 514 503 230 37 26 385 494 413 445 551 284 66 490 595 473 449 487 146 22 2 
137 949 657 300 168 177 8 0 559 763 577 261 113 122 1 0 316 954 484 464 166 12 0 0 
237 868 759 571 574 819 165 10 571 748 779 510 583 697 104 11 327 961 688 1052 641 251 69 14 
0 254 604 719 664 306 144 21 0 273 605 771 632 253 156 22 250 698 555 520 463 142 60 24 
0 117 121 85 114 111 198 13 0 7 125 120 87 122 193 105 327 84 88 120 101 35 4 0 
0 190 255 158 95 101 79 10 0 3 234 213 159 139 124 16 571 114 62 68 64 8 1 0 
280 456 701 733 618 442 105 13 109 394 508 758 654 673 216 36 765 596 723 580 526 138 20 0 
5 88 157 124 125 221 226 47 0 24 108 150 137 206 238 130 249 96 97 122 171 167 91 0 
48 456 691 623 515 465 440 283 12 177 574 693 624 549 588 304 708 516 610 525 556 280 241 85 
0 2 67 165 157 212 205 55 0 0 25 99 173 219 207 140 115 132 134 124 176 179 3 0 
0 32 236 250 158 163 232 21 0 0 60 284 206 172 252 118 87 374 211 194 144 82 0 0 
0 36 95 191 297 192 243 1 0 0 45 82 242 288 291 107 276 129 122 218 299 11 0 0 
0 0 20 162 204 208 237 0 0 0 0 56 151 256 284 84 132 98 179 143 221 58 0 0 
0 112 653 675 653 857 505 297 0 1 172 853 743 981 649 353 478 440 600 903 716 306 196 113 
0 31 125 166 156 230 365 28 0 1 63 152 142 194 357 192 188 146 257 298 148 56 8 0 
0 464 453 471 776 664 531 254 0 17 790 278 711 898 723 196 344 995 594 664 555 224 213 24 
0 809 1358 998 1053 463 303 200 0 71 1599 981 1164 810 415 144 702 1810 935 1045 376 203 102 11 
3 172 277 271 253 295 393 12 0 43 235 241 283 250 409 215 378 433 296 399 146 15 9 0 
16 693 1003 863 659 438 260 20 0 216 872 877 899 571 451 66 1459 921 626 562 323 52 9 0 
21 383 305 408 434 342 230 3 0 245 259 489 362 403 352 16 857 306 453 345 97 42 22 4 
0 25 194 803 48 5 4 0 0 23 270 755 22 4 5 0 38 729 299 6 5 2 0 0 
1 471 915 1351 793 244 204 245 6 619 1194 1458 353 217 179 198 678 1170 1669 233 167 181 125 1 
0 3 77 408 1044 139 149 183 0 37 138 464 930 161 172 101 13 197 795 591 149 199 59 0 
1 450 546 1752 813 141 148 185 0 327 776 1729 738 183 170 113 544 1146 1625 326 137 198 60 0 
0 1 5 258 988 130 81 90 0 1 5 262 909 151 103 122 0 47 867 414 94 76 54 1 
66 727 1151 1361 1074 330 101 75 14 768 1787 1331 651 193 82 59 910 1610 1870 340 73 48 33 1 
0 7 63 185 1454 534 4 0 0 15 69 233 1891 36 3 0 28 158 977 1075 6 3 0 0 
0 8 21 19 796 636 213 522 0 4 19 22 848 573 237 512 10 28 469 966 217 213 257 55 
0 9 54 281 334 457 371 115 0 6 35 132 316 297 415 420 25 117 361 397 385 308 28 0 
14 746 1388 1270 697 208 58 7 25 625 1533 1451 534 150 67 3 885 2249 973 206 72 3 0 0 
0 2 25 207 1334 703 224 612 0 2 18 83 1534 611 229 630 4 56 1401 809 223 273 341 0 
0 313 597 1356 873 506 230 307 0 281 1277 1094 458 548 308 216 359 674 1757 833 289 216 54 0 
0 81 443 756 1339 813 644 994 0 23 638 1151 1031 905 997 325 93 755 1112 1308 613 523 666 0 
49 713 816 318 411 789 868 1111 81 523 943 406 538 931 891 762 794 927 557 850 615 913 416 3 
0 153 649 1058 1026 1661 2637 1456 0 34 684 1587 648 961 3259 1467 91 977 1956 1038 2510 1838 229 1 
0 206 271 324 722 642 432 943 0 186 265 473 648 714 468 786 227 411 673 753 478 348 283 367 
0 0 0 28 84 110 189 645 0 0 0 16 69 127 252 592 0 17 100 133 174 241 373 18 
0 0 0 11 70 122 240 796 0 0 0 2 61 117 277 782 1 4 62 116 132 253 372 299 
0 0 0 35 61 125 189 733 0 0 0 48 82 164 247 602 0 0 16 69 111 213 505 229 
0 0 30 259 494 841 827 750 0 0 13 177 495 812 974 730 6 81 326 836 644 700 394 214 
0 35 351 717 544 586 624 599 0 13 206 760 571 652 705 549 13 233 942 808 575 335 370 180 
0 7 41 18 69 270 215 460 0 1 39 18 60 263 248 451 0 37 25 35 257 424 298 4 
0 0 32 87 137 181 270 251 0 0 15 91 144 235 283 190 0 22 131 203 205 218 179 0 
640 246 159 95 67 89 166 8 547 340 158 84 65 95 180 1 785 200 167 108 174 36 0 0 
18 514 654 372 323 368 599 332 0 421 685 426 318 391 728 211 256 796 625 535 464 485 19 0 
0 3 33 107 129 234 513 1 0 3 21 88 125 227 556 0 20 74 128 159 383 256 0 0 
11 203 190 276 413 26 0 0 3 168 180 230 431 107 0 0 60 284 551 197 27 0 0 0 
0 37 42 74 94 133 220 391 0 26 48 56 95 129 323 314 21 48 65 149 301 293 114 0 
0 0 58 159 441 2 0 0 0 0 29 148 441 42 0 0 0 33 349 278 0 0 0 0 
0 5 103 82 78 178 329 315 0 2 96 72 79 152 387 302 0 71 110 132 403 185 189 0 
0 4 25 52 72 144 325 518 0 2 14 55 70 149 430 420 0 25 49 84 260 469 253 0 
302 1283 545 274 363 316 273 0 128 892 1032 290 336 419 259 0 862 1178 588 449 279 0 0 0 
2 462 912 332 469 370 489 334 0 77 1120 447 417 467 525 317 105 1046 518 483 605 443 153 17 
1 8 19 31 71 112 217 590 0 10 14 29 62 123 343 468 4 17 80 140 223 417 168 0 
0 23 31 105 190 310 75 0 0 14 33 101 182 289 115 0 3 30 89 254 247 111 0 0 
0 0 1 32 97 151 264 549 0 0 0 17 87 149 342 499 0 31 84 146 242 325 266 0 
0 2 63 201 126 148 257 135 0 0 26 186 151 144 351 74 0 11 133 218 236 334 0 0 
165 989 814 776 403 266 356 56 27 976 746 734 617 269 390 66 623 882 760 781 640 118 21 0 
196 842 1741 889 356 120 0 0 184 713 1263 1479 383 122 0 0 421 1588 1430 374 260 71 0 0 
0 0 0 11 80 310 336 204 0 0 0 11 63 326 376 165 0 0 104 345 229 219 44 0 
0 0 8 53 65 99 222 424 0 0 1 44 64 104 281 377 3 64 108 116 146 303 131 0 
0 0 0 11 52 113 258 704 0 0 0 9 52 154 384 539 0 0 13 90 195 372 451 17 
26 238 1014 800 300 420 301 0 0 124 878 981 360 389 367 0 110 792 1146 533 434 84 0 0 
0 50 928 652 603 1019 2563 2134 0 1 377 913 553 594 1042 4469 34 1023 768 1284 2426 1669 625 120 
57 702 726 900 689 540 652 654 6 464 703 750 880 572 722 823 333 1040 981 806 726 578 257 199 
49 630 777 740 411 417 398 138 6 327 573 501 816 443 469 425 384 739 1006 682 390 295 58 6 
125 1278 1531 718 385 314 346 139 13 539 1055 1266 812 339 308 504 788 1434 1097 729 490 241 57 0 
232 1392 821 657 339 309 388 187 38 1176 883 756 432 266 268 506 1183 1231 576 543 398 286 106 2 
0 3 98 162 200 346 765 482 0 0 11 118 126 190 296 1315 0 92 160 326 518 727 199 34 
260 771 821 358 179 168 183 53 7 570 549 658 428 168 162 251 612 978 431 365 307 96 4 0 
33 436 667 438 350 468 697 441 5 261 400 527 432 288 389 1228 351 827 550 709 618 359 111 5 
96 784 937 825 578 670 623 302 2 453 829 798 666 413 543 1111 307 1368 1356 1036 472 195 75 6 
0 0 11 58 99 644 1460 289 0 0 8 28 68 110 414 1933 0 3 53 106 1815 479 105 0 
118 519 1964 830 572 826 1132 1000 32 355 705 1593 938 644 890 1804 488 1432 1790 829 1374 885 163 0 
285 1219 1658 1170 678 940 727 945 207 588 1454 1444 852 615 911 1551 742 2363 1149 1367 1025 640 334 2 
1 21 79 131 159 464 1699 1086 0 21 56 124 118 229 515 2577 13 132 140 281 2023 865 186 0 
5 513 617 538 587 508 739 1205 0 180 728 573 617 601 586 1427 398 789 649 771 823 612 424 246 
115 376 576 364 577 375 360 286 119 318 614 549 434 361 357 277 973 875 448 266 180 136 107 44 
72 562 400 317 340 441 379 500 120 562 311 323 254 502 597 342 1543 575 494 253 62 49 26 9 
36 307 139 146 160 231 304 390 38 334 139 150 172 232 331 317 723 237 233 122 128 86 98 86 
138 897 311 188 220 140 114 57 119 581 615 158 221 180 129 62 1156 225 196 207 147 96 33 5 
542 766 786 541 588 498 368 181 469 924 706 455 678 510 329 199 1770 609 554 546 381 261 115 34 
1586 771 337 280 360 389 236 31 1436 923 356 278 286 401 289 21 2113 560 279 268 324 277 139 30 
10 149 93 294 445 414 148 81 0 127 96 163 486 504 202 56 311 300 536 362 78 41 6 0 
232 289 287 293 251 229 167 178 254 311 323 259 233 226 164 156 613 343 312 287 194 117 52 8 
1 100 298 309 218 242 177 59 2 124 279 294 241 242 182 40 414 382 309 236 63 0 0 0 
8 16 52 85 134 151 62 11 7 15 56 81 126 142 79 13 130 118 128 81 47 15 0 0 
1 47 85 64 77 142 101 29 9 41 78 70 80 133 104 31 123 116 147 111 49 0 0 0 
19 211 308 363 210 157 147 22 12 189 312 299 297 170 144 14 369 336 384 171 85 84 8 0 
27 161 374 415 200 180 177 62 9 180 385 422 212 174 153 61 386 529 291 190 159 38 3 0 
4 30 69 89 82 416 430 32 3 42 98 123 491 343 47 5 131 185 372 266 190 8 0 0 
1 24 46 90 143 215 238 107 5 26 59 107 251 269 82 65 105 117 203 239 143 17 29 11 
0 23 49 62 56 194 426 42 0 20 66 52 156 478 73 7 78 62 138 280 285 9 0 0 
3 76 257 206 132 147 336 27 5 108 251 199 175 323 102 21 308 243 151 304 136 40 2 0 
18 138 248 144 184 249 93 5 23 181 259 195 332 54 28 7 321 279 259 200 18 2 0 0 
77 216 272 322 101 98 62 4 37 279 450 171 97 69 41 8 386 455 192 100 19 0 0 0 
3 97 247 309 257 212 88 27 7 117 358 317 223 111 83 24 330 385 343 117 49 16 0 0 
10 214 327 207 128 101 97 58 26 263 307 170 119 104 96 57 354 349 193 132 89 25 0 0 
4 56 132 254 289 226 147 44 3 64 165 305 257 160 147 51 252 291 345 125 92 43 3 1 
564 459 247 115 91 112 35 0 479 517 266 122 84 102 53 0 930 351 136 156 34 16 0 0 
97 526 285 167 107 110 38 0 85 496 298 184 109 110 45 3 665 341 192 113 19 0 0 0 
56 458 255 160 151 126 40 0 62 439 263 178 136 118 47 3 572 319 184 143 28 0 0 0 
0 51 202 124 68 51 5 0 0 60 182 121 70 52 16 0 60 302 115 21 2 1 0 0 
17 113 527 377 185 80 13 0 9 86 496 421 195 86 19 0 179 596 327 163 45 2 0 0 
46 488 303 126 44 15 2 0 47 460 330 122 52 8 5 0 504 365 110 33 11 1 0 0 
1 105 515 160 46 26 27 4 0 62 529 183 49 26 22 13 286 412 124 45 15 2 0 0 
185 255 481 605 982 912 378 612 71 325 614 656 1016 851 313 564 686 749 969 750 424 255 214 363 
0 3 31 101 409 327 155 304 0 2 47 121 460 271 145 284 60 443 315 100 80 98 81 153 
0 17 90 84 350 750 283 499 0 9 41 125 551 662 233 452 100 428 495 397 163 107 135 248 
10 11 33 54 195 1034 552 53 2 20 38 57 244 1144 401 36 42 195 703 721 202 78 1 0 
0 0 0 14 409 174 110 375 0 0 0 3 342 264 125 348 21 215 287 63 70 86 118 222 
2 2 4 10 53 377 394 124 0 3 4 13 70 476 293 107 10 24 85 339 341 81 67 19 
0 4 16 59 305 824 321 231 0 0 19 85 398 777 298 183 46 222 625 331 214 145 101 76 
0 5 22 31 415 689 343 2 0 6 22 26 399 741 313 0 36 172 352 445 426 76 0 0 
258 763 874 448 790 697 337 183 34 482 1041 1136 734 434 366 123 1257 1000 1066 466 238 204 74 45 
114 577 933 1053 759 508 258 0 11 301 1273 1302 716 583 16 0 1025 1254 841 456 382 244 0 0 
0 1 2 25 266 687 457 0 0 0 3 20 274 722 419 0 11 107 255 338 360 355 12 0 
40 424 650 574 898 758 245 41 6 293 624 706 891 803 292 15 605 785 935 665 483 154 3 0 
81 312 363 497 831 236 46 0 123 512 765 470 208 223 65 0 306 318 497 742 429 74 0 0 
132 568 226 377 576 497 277 69 110 334 508 445 493 540 248 44 732 398 534 614 220 199 25 0 
0 5 126 63 190 335 293 97 0 1 25 147 201 333 347 55 137 102 236 223 185 184 42 0 
259 602 738 737 848 517 143 0 5 570 1117 948 689 442 73 0 1339 865 967 515 115 36 7 0 
113 161 550 667 707 444 64 113 7 191 583 805 659 423 50 101 586 787 677 274 208 153 60 74 
1 9 38 309 239 46 5 0 0 5 23 245 280 89 5 0 20 225 282 107 8 0 5 0 
10 25 49 378 451 157 83 33 0 24 37 297 494 219 80 35 44 304 452 192 86 29 49 30 
74 266 617 931 683 386 268 115 0 120 740 892 781 443 286 78 316 1185 903 317 235 227 133 24 
0 67 193 427 533 443 302 155 0 74 241 329 586 474 292 124 125 482 489 398 314 172 87 53 
0 31 170 353 414 512 246 133 0 61 283 356 473 418 158 110 147 333 251 370 341 228 99 90 
23 182 471 797 1175 365 260 323 2 172 598 688 1157 464 279 236 418 1053 873 530 229 170 185 138 
138 441 410 491 730 878 572 426 33 223 549 668 706 989 531 387 664 589 858 939 487 177 170 202 
89 189 379 865 822 349 197 50 4 182 327 782 912 493 192 48 637 638 681 509 330 127 18 0 
1 10 93 263 524 449 0 0 0 4 61 231 584 460 0 0 57 432 439 334 65 13 0 0 
40 270 222 404 963 736 101 0 1 72 380 637 823 699 122 2 144 281 876 821 505 109 0 0 
0 0 0 17 309 451 0 0 0 0 0 11 165 601 0 0 0 90 514 171 2 0 0 0 
0 3 3 23 352 441 0 0 0 0 6 18 235 563 0 0 8 191 457 165 1 0 0 0 
490 1061 501 377 603 311 86 31 0 257 1021 999 744 318 104 17 1283 1062 562 450 28 42 30 3 
0 7 40 167 398 917 176 84 0 5 104 402 613 527 103 35 35 66 356 699 500 92 41 0 
592 1048 752 612 492 252 141 237 71 1004 1090 782 540 282 130 227 1077 1246 809 437 253 115 123 66 
54 295 164 71 55 44 67 169 66 262 149 127 54 61 69 131 374 170 72 56 78 107 40 22 
91 193 138 91 63 60 70 224 93 203 125 119 77 65 76 172 279 158 100 84 65 103 92 49 
3 9 4 12 16 26 65 256 1 8 13 15 21 45 73 215 13 6 18 25 74 123 83 49 
171 472 360 185 124 72 82 214 117 314 410 374 129 71 67 198 560 470 232 90 80 103 104 41 
97 362 266 98 67 52 54 49 53 220 312 259 77 63 29 32 396 343 113 62 60 44 27 0 
188 481 352 254 186 109 66 124 161 485 368 288 187 112 56 103 594 475 237 206 86 50 59 53 
179 435 273 165 166 128 19 35 153 475 311 190 163 64 17 27 637 379 271 58 17 16 22 0 
168 220 219 225 201 69 51 45 183 323 228 149 131 99 58 27 352 301 284 137 58 46 18 2 
109 192 271 185 155 70 63 44 160 230 297 170 83 70 46 33 348 392 147 70 57 50 22 3 
85 326 444 294 151 122 68 106 57 317 414 315 226 141 74 52 324 471 324 182 140 89 57 9 
123 276 324 293 303 189 164 214 267 324 432 372 226 130 95 40 484 381 373 271 176 131 70 0 
156 358 367 334 322 111 81 38 363 432 298 270 190 151 44 19 499 481 320 240 153 70 4 0 
35 227 173 107 117 155 40 112 36 216 185 133 164 101 45 86 297 232 214 60 41 47 75 0 
1 82 85 66 71 93 132 306 45 123 61 93 184 176 91 63 130 88 86 89 107 160 130 46 
155 394 172 135 90 72 79 491 193 412 155 134 109 110 135 340 554 199 129 101 93 116 180 216 
7 32 18 15 24 32 52 270 9 42 15 35 52 74 88 135 35 25 17 37 52 73 106 105 
2 5 11 20 42 39 58 358 2 4 12 29 57 43 69 319 10 22 39 33 54 82 128 167 
177 471 238 94 80 82 27 44 116 561 234 120 107 51 12 12 646 230 137 100 57 31 9 3 
173 265 263 236 148 90 51 107 136 290 276 252 149 84 61 85 353 309 269 143 88 61 86 24 
87 106 118 190 223 230 105 237 67 120 106 222 331 142 116 192 191 152 280 261 119 94 125 74 
77 218 348 318 177 146 188 167 86 286 334 282 290 200 100 61 293 360 329 190 157 161 119 30 
6 15 31 58 29 50 50 348 9 35 58 35 49 62 89 250 45 62 49 57 91 80 96 107 
218 381 301 209 169 83 55 84 245 321 361 225 154 73 51 70 416 309 279 221 138 58 58 21 
82 375 392 216 141 125 137 285 83 296 349 400 193 160 134 138 351 410 300 169 147 161 177 38 
205 453 207 173 151 104 38 37 272 413 237 183 111 83 46 23 590 292 181 132 98 50 24 1 
56 104 111 103 99 65 65 194 52 85 121 127 103 59 64 186 242 177 78 65 86 57 57 35 
45 151 209 233 215 137 104 287 74 163 221 279 202 105 120 217 178 272 243 245 110 122 156 55 
10 54 48 40 42 36 42 54 25 53 44 54 47 42 38 23 60 54 54 50 43 39 25 1 
48 148 287 319 237 146 183 228 51 167 305 346 221 166 175 165 164 340 323 199 155 141 165 109 
52 179 228 225 165 132 130 149 81 155 260 211 225 168 104 56 148 245 244 198 162 152 98 13 
34 155 333 216 124 99 56 99 48 126 165 345 185 96 76 75 185 298 267 138 79 65 55 29 
30 102 114 121 104 103 90 149 23 60 135 115 106 137 144 93 66 132 106 86 94 115 132 82 
26 79 198 293 295 162 99 140 46 80 205 306 321 185 89 60 101 205 312 295 184 108 68 19 
100 149 122 126 126 110 79 117 162 140 142 125 134 123 62 41 226 147 125 150 127 90 55 9 
123 216 171 126 109 115 85 103 192 187 192 129 137 105 63 43 288 209 130 132 120 100 58 11 
107 153 132 94 80 79 65 51 151 131 148 93 96 81 42 19 200 173 99 83 86 79 36 5 
26 168 351 215 132 109 71 50 59 122 392 215 148 111 60 15 127 387 217 148 115 93 32 3 
154 335 182 143 88 56 37 25 225 247 201 119 100 77 33 18 360 218 201 97 80 35 27 2 
57 298 202 210 137 75 59 60 143 255 179 186 164 94 44 33 353 208 180 167 98 55 36 1 
204 355 256 137 101 79 78 86 394 332 162 119 81 91 57 60 557 293 135 92 92 63 62 2 
67 239 280 185 177 115 43 63 123 330 177 158 166 132 38 45 265 305 171 176 136 62 43 11 
147 259 357 185 142 102 75 63 286 275 315 170 88 89 53 54 421 336 226 133 109 55 38 12 
318 192 161 112 98 164 77 30 330 172 131 167 85 91 151 25 351 153 147 131 90 70 91 119 
112 279 281 201 141 169 116 61 222 231 239 227 144 127 143 27 283 226 217 186 141 119 102 86 
233 318 225 169 114 127 71 39 329 257 208 162 135 101 97 7 371 255 195 148 124 84 60 59 
30 175 198 163 109 182 212 155 69 190 250 121 80 93 262 159 190 240 171 101 69 119 103 231 
36 203 173 137 106 170 295 286 85 209 183 148 95 155 291 240 137 241 159 115 118 145 209 282 
22 123 155 179 151 97 207 290 48 176 184 190 100 132 245 149 101 244 183 119 119 126 188 144 
75 295 229 175 125 71 124 130 160 323 220 160 62 57 116 126 345 293 182 99 48 55 100 102 
83 179 232 265 198 117 82 68 166 257 253 256 93 53 83 63 247 286 277 180 63 51 62 58 
97 364 297 159 104 62 48 87 121 298 369 193 62 44 52 79 456 324 179 80 42 43 62 32 
35 210 386 292 144 94 92 133 8 219 280 396 149 102 113 119 297 423 229 132 91 89 89 36 
0 26 192 325 180 165 180 301 5 57 246 301 199 160 188 213 197 255 260 161 195 153 129 19 
27 71 339 354 269 193 148 182 12 72 347 338 268 221 149 176 184 402 271 244 193 138 125 26 
8 56 349 294 213 155 117 385 11 215 300 204 205 182 145 315 155 380 219 199 173 137 170 144 
5 53 291 601 310 207 186 283 4 61 177 562 422 242 201 267 146 383 512 326 206 194 136 33 
10 42 341 454 131 103 58 115 12 41 350 259 318 131 56 87 52 260 178 91 115 195 257 106 
0 5 67 57 57 49 51 217 1 66 79 46 46 38 68 159 18 109 59 63 66 69 95 24 
0 36 442 984 165 69 43 21 1 38 314 515 748 83 48 13 15 230 196 204 232 255 391 237 
6 13 65 152 84 65 62 153 0 12 42 142 126 64 64 150 52 113 65 59 69 85 98 59 
41 188 376 782 180 76 54 42 126 181 282 339 638 86 46 41 124 260 213 148 167 214 387 226 
1 64 279 430 165 110 145 359 2 193 327 220 262 119 163 267 11 278 270 140 144 209 297 204 
19 87 270 383 129 64 55 165 4 98 359 258 179 64 69 141 44 335 281 155 89 84 125 59 
14 195 142 143 62 15 8 9 55 203 80 63 139 30 9 9 38 173 105 52 56 55 77 32 
14 158 471 490 107 62 45 93 95 249 341 177 414 52 45 67 96 294 239 117 113 114 343 124 
15 292 309 249 102 66 71 98 177 248 207 237 106 76 80 71 156 360 239 152 79 112 73 31 
33 303 142 249 40 41 49 34 150 197 124 188 104 39 52 37 150 215 182 74 61 95 75 39 
66 452 468 288 84 58 33 21 239 545 255 194 150 62 19 6 249 514 254 137 115 94 80 27 
14 282 348 438 68 47 30 31 154 324 151 171 375 37 22 24 116 263 177 86 78 95 292 151 
3 185 281 441 128 107 142 290 70 187 238 195 360 96 161 270 51 239 201 111 136 214 320 305 
41 118 118 135 107 67 71 67 120 147 106 113 94 33 49 62 68 134 113 97 83 84 95 50 
60 181 216 250 88 73 61 120 178 232 157 161 170 55 39 57 110 254 138 114 115 103 162 53 
50 110 312 363 202 187 170 233 58 182 392 339 209 168 150 129 158 394 375 226 197 152 88 37 
2 154 376 499 68 50 149 288 54 281 275 184 303 60 123 306 62 264 245 125 79 165 358 288 
1 105 451 618 209 169 139 156 1 121 501 546 210 172 172 125 175 694 364 187 159 127 110 32 
71 250 337 238 64 34 31 58 27 304 352 217 66 37 32 48 430 317 163 64 45 31 26 7 
1 92 235 296 237 262 162 246 14 207 268 291 186 260 156 149 188 379 249 243 203 124 101 44 
30 196 773 316 140 91 73 141 41 325 635 298 162 97 82 120 575 447 305 153 120 84 61 15 
69 99 448 192 61 43 40 33 92 96 415 210 64 42 40 26 360 232 170 88 60 45 29 1 
0 7 86 168 54 32 44 108 0 62 88 69 114 30 39 97 67 105 55 50 47 80 64 31 
0 77 107 161 94 66 82 274 86 104 71 156 91 55 79 219 199 174 94 75 76 82 129 32 
3 37 213 218 125 81 52 286 6 178 166 150 105 88 82 240 200 227 101 70 84 83 136 114 
25 124 368 489 345 198 75 312 6 261 350 291 404 213 159 252 303 386 310 236 232 156 183 130 
9 86 311 394 299 189 95 153 0 100 322 254 318 267 128 147 126 237 217 224 250 227 186 69 
35 196 213 234 126 92 67 97 37 151 262 185 259 97 52 17 79 180 200 145 116 116 139 85 
0 18 85 145 82 47 52 118 0 6 69 121 106 68 54 123 128 85 100 74 52 54 49 5 
49 267 392 594 134 134 113 22 117 282 393 396 265 120 113 19 239 352 390 143 144 189 195 53 
0 81 329 289 152 125 107 105 44 64 337 335 133 119 87 69 70 255 351 174 132 119 76 11 
180 134 199 242 64 47 31 31 166 215 146 168 148 56 17 12 160 245 139 94 74 77 115 24 
105 115 249 341 100 75 74 83 98 182 213 244 203 76 53 73 130 210 182 149 122 128 150 71 
17 294 511 372 228 176 180 71 88 289 481 369 263 179 129 51 136 505 373 273 246 197 109 10 
34 205 163 213 136 90 73 70 145 137 140 150 207 104 67 34 125 188 108 109 120 145 136 53 
3 68 297 237 90 85 82 232 19 204 260 158 114 96 109 134 38 261 204 128 91 129 138 105 
2 126 524 529 76 70 50 73 25 299 288 309 360 74 57 38 31 288 212 139 162 230 294 94 
47 116 253 232 50 37 36 34 136 133 147 110 197 35 31 16 97 192 99 65 50 92 160 50 
0 143 333 164 66 57 32 14 8 163 263 191 77 57 34 16 11 172 253 184 65 71 35 18 
154 190 397 538 816 799 339 562 60 260 485 548 899 755 268 520 497 624 910 604 403 241 194 322 
20 98 72 212 576 346 174 293 0 95 135 237 594 307 143 280 87 598 495 151 117 114 77 152 
475 451 242 395 816 507 154 200 12 252 817 535 835 471 130 188 1495 483 446 306 175 138 80 117 
46 60 73 199 260 548 528 190 31 122 138 203 438 569 260 143 287 126 311 696 317 73 49 45 
0 4 14 46 282 787 291 219 0 1 15 77 381 722 275 172 34 242 590 277 194 143 97 66 
0 2 14 130 999 138 28 8 0 2 13 121 808 352 22 1 147 481 596 76 17 2 0 0 
13 156 262 394 1116 1239 437 76 6 148 294 443 1033 1319 398 52 331 729 968 789 576 192 71 37 
0 21 89 84 370 730 288 496 0 9 45 131 558 653 235 447 99 449 477 404 160 110 145 234 
3 7 21 52 203 990 566 49 1 9 27 53 250 1130 400 21 28 165 718 717 190 73 0 0 
18 99 138 191 922 781 362 550 1 62 172 192 968 818 373 475 133 587 876 381 313 289 245 237 
1 2 6 14 67 400 395 132 0 2 5 21 87 502 288 112 9 29 88 360 343 99 73 16 
22 67 219 286 517 923 175 93 2 61 259 589 674 564 129 24 102 262 504 792 496 116 30 0 
446 832 634 560 444 232 110 226 62 766 914 660 508 250 104 220 789 1082 720 415 211 96 112 59 
132 141 534 572 603 203 26 73 9 152 611 673 489 260 25 65 607 768 616 165 23 22 31 52 
273 542 707 697 894 502 130 20 14 551 1018 932 692 468 76 14 1318 807 988 478 95 43 29 7 
1 12 53 326 208 48 6 4 0 8 36 244 275 85 6 4 23 250 254 110 9 6 5 1 
61 282 713 1032 767 404 236 75 0 110 827 1029 853 445 257 49 388 1285 944 405 243 201 100 4 
0 8 29 159 319 317 241 108 0 7 35 143 348 312 241 95 38 260 208 206 238 137 56 38 
26 71 248 655 1162 939 369 129 2 112 400 657 1165 865 289 109 205 577 759 995 581 274 120 88 
124 487 491 686 809 889 514 420 20 256 612 890 825 950 482 385 764 681 958 982 491 177 167 200 
259 787 877 539 849 757 364 176 67 442 1159 1171 783 461 397 128 1300 1001 1168 507 294 230 70 38 
0 97 346 93 216 336 285 88 0 0 178 347 222 335 322 57 453 142 255 206 189 192 24 0 
0 18 29 73 328 711 444 0 0 6 32 67 328 771 399 0 41 185 294 331 393 349 10 0 
116 526 965 1019 897 599 305 21 9 327 1266 1257 844 655 90 0 1018 1344 872 486 450 278 0 0 
46 385 672 580 914 765 225 43 7 335 602 682 916 784 292 12 584 831 913 639 496 167 0 0 
104 316 405 520 763 116 9 0 124 544 794 500 152 105 14 0 369 351 430 665 390 28 0 0 
0 0 0 102 562 439 0 0 0 0 0 70 435 598 0 0 31 328 611 133 0 0 0 0 
6 190 350 489 908 502 4 0 3 41 439 631 821 514 0 0 131 647 707 576 320 68 0 0 
14 82 221 468 817 597 101 41 3 29 245 414 646 851 115 38 289 319 916 479 232 73 33 0 
10 70 80 113 99 166 266 16 4 86 135 99 124 139 194 39 26 85 129 120 169 245 46 0 
69 215 200 227 337 304 101 0 22 217 258 249 275 312 115 5 80 289 313 416 245 110 0 0 
0 14 207 240 265 179 81 2 0 7 167 186 225 234 144 25 0 147 288 301 154 66 32 0 
71 832 448 411 223 228 262 191 16 698 587 405 314 250 200 196 795 457 388 331 250 238 150 57 
27 876 590 511 336 216 226 482 3 793 827 521 306 196 249 369 795 684 591 295 206 200 289 204 
42 91 186 250 320 276 305 344 25 223 330 245 301 235 248 207 95 196 290 282 274 274 241 162 
61 119 162 205 242 187 281 382 5 197 296 201 247 204 251 238 100 227 222 204 211 233 275 167 
67 186 137 103 137 147 114 13 4 169 204 160 145 145 62 15 175 171 125 125 170 127 11 0 
251 311 299 414 205 123 132 142 3 486 412 411 248 109 179 29 472 206 342 370 159 117 187 24 
61 298 153 253 311 425 442 589 6 294 228 390 404 383 419 408 273 142 183 338 453 484 526 133 
96 758 271 271 236 438 507 783 26 369 667 329 393 412 555 609 389 628 358 294 411 463 679 138 
413 884 635 631 264 227 146 15 29 931 751 796 289 203 176 40 944 444 495 558 537 203 34 0 
34 293 580 491 457 390 292 360 4 129 792 629 524 294 269 256 131 343 495 670 536 302 331 89 
24 123 207 273 277 270 312 326 58 162 246 304 194 203 312 333 78 226 273 317 247 315 336 20 
8 118 255 252 233 231 258 371 1 80 377 313 225 229 211 290 43 134 285 301 269 245 318 131 
9 178 259 286 225 158 202 78 0 167 426 253 170 170 139 70 52 207 302 303 224 244 63 0 
3 485 496 527 567 451 342 179 20 383 548 627 644 374 287 167 58 527 543 567 584 460 268 43 
4 165 227 299 335 357 543 481 0 65 278 284 343 247 486 708 127 192 249 380 326 404 644 89 
1 9 109 166 388 598 567 594 0 13 97 98 229 484 659 852 11 86 178 239 496 536 604 282 
286 520 403 280 114 103 227 207 99 659 511 209 198 142 199 123 496 358 399 353 145 205 182 2 
10 266 366 493 237 249 231 241 72 263 374 300 384 205 279 216 36 240 354 461 386 325 244 47 
4 178 519 417 576 520 443 43 12 226 214 416 510 549 517 256 53 366 323 525 582 576 246 29 
22 256 284 307 308 378 407 653 31 221 385 319 283 288 412 676 74 296 351 375 295 386 548 290 
75 627 475 399 263 328 420 343 0 223 767 457 315 282 412 474 259 714 448 351 275 366 438 79 
0 3 7 37 74 156 300 530 0 2 4 13 58 121 247 662 3 7 36 109 185 203 418 146 
6 146 547 348 408 307 237 92 7 22 378 502 420 334 265 163 144 563 343 349 245 246 136 65 
0 144 349 264 235 193 247 394 0 102 374 386 238 172 192 362 20 234 345 292 240 225 446 24 
114 261 599 545 296 262 299 569 110 284 448 633 329 264 252 625 366 463 486 419 309 261 502 139 
21 402 966 731 432 315 272 183 35 179 934 1139 491 255 185 104 68 391 685 929 598 373 189 89 
26 243 348 263 198 169 176 314 1 124 527 386 204 190 123 182 40 127 315 386 269 180 201 219 
0 259 532 395 283 305 430 310 0 194 513 689 275 240 352 251 0 222 369 558 549 426 213 177 
1 209 403 406 412 331 302 578 0 200 559 360 406 322 323 472 7 277 461 484 433 347 459 174 
14 232 374 417 271 434 630 118 6 276 309 333 269 256 618 423 109 435 453 232 243 402 527 89 
0 150 272 246 324 226 149 308 0 163 318 244 262 232 201 255 6 247 396 237 255 201 241 92 
464 418 302 120 105 206 395 77 145 632 394 111 76 152 231 346 330 546 367 101 123 176 430 14 
86 120 83 71 108 142 194 589 0 158 90 75 116 159 169 626 169 122 73 111 152 171 261 334 
318 418 376 290 179 197 197 20 7 640 384 394 146 155 205 64 224 522 424 309 278 194 35 9 
120 590 579 449 384 306 144 88 17 579 658 439 379 269 163 156 202 560 812 390 304 202 110 80 
172 746 332 219 360 569 600 306 8 701 510 256 349 455 707 318 778 410 158 374 463 638 471 12 
126 1004 441 454 313 322 403 679 776 603 540 356 339 355 364 409 1714 515 395 239 172 236 187 284 
50 1294 1162 769 429 235 211 350 451 1692 878 516 377 239 189 158 2852 824 276 177 139 116 77 39 
220 819 411 99 170 14 12 5 739 605 162 88 135 7 14 0 1083 504 122 20 4 11 6 0 
297 1742 877 811 631 278 309 483 1108 1398 870 663 506 281 304 298 3389 836 319 240 185 145 142 172 
158 1094 608 384 304 434 637 812 824 993 395 293 374 571 552 429 1689 594 505 437 443 280 287 196 
26 637 294 260 313 244 229 429 213 740 166 335 285 263 217 213 1117 460 239 178 155 149 89 45 
46 142 164 292 435 265 221 169 36 160 187 430 316 223 222 160 925 220 134 81 77 92 98 107 
3 227 358 717 1012 363 290 303 100 238 435 880 784 304 296 236 1968 327 241 183 130 135 178 111 
15 216 199 752 1020 361 271 162 18 257 352 837 834 263 348 87 1916 248 189 135 134 154 148 72 
140 536 347 178 157 138 16 2 237 611 195 155 121 164 31 0 493 426 160 112 91 114 115 3 
207 436 356 278 207 70 48 30 354 409 363 298 117 46 40 5 808 486 212 59 35 25 7 0 
312 464 234 168 150 72 48 55 422 457 189 205 89 69 46 26 721 418 165 93 45 30 22 9 
287 486 300 252 200 204 198 341 381 466 262 292 231 181 211 244 815 340 377 210 148 146 138 94 
461 1008 662 535 302 200 61 119 711 927 658 484 227 177 133 31 2250 659 240 138 24 36 1 0 
480 640 676 590 521 371 207 122 690 638 692 524 485 344 221 13 2030 618 320 445 126 67 1 0 
93 653 463 425 414 371 455 558 440 684 422 448 365 401 411 261 1185 704 374 331 299 228 215 96 
199 502 592 489 419 363 226 213 396 502 691 483 390 292 122 127 1336 587 444 263 187 88 73 25 
111 715 651 770 361 285 192 277 574 658 840 507 298 196 163 126 1865 481 321 256 261 68 55 55 
35 375 544 865 271 234 222 864 254 358 967 389 237 242 249 714 1664 321 226 165 166 154 283 431 
292 297 118 76 47 75 62 74 506 183 101 54 71 50 62 14 640 161 78 67 55 40 0 0 
486 909 457 328 257 116 176 173 654 894 401 370 165 164 243 11 1597 686 231 190 126 72 0 0 
519 986 845 631 533 328 259 17 781 1000 882 543 438 406 68 0 2483 980 364 270 21 0 0 0 
0 181 216 176 231 233 537 301 0 113 320 227 232 393 466 124 209 522 266 468 224 112 74 0 
614 627 625 512 310 249 139 2 679 543 849 488 365 154 0 0 1394 1055 567 59 3 0 0 0 
651 1107 905 431 180 146 0 0 907 1144 804 293 148 124 0 0 2721 610 81 8 0 0 0 0 
43 214 342 319 374 304 386 242 171 302 301 320 383 368 285 94 929 407 282 284 243 27 30 22 
263 682 588 347 148 160 184 345 482 629 629 210 154 219 214 180 1744 375 216 203 56 65 45 13 
0 3 197 493 190 184 310 1063 0 36 462 263 173 200 376 930 726 161 129 125 142 221 381 555 
0 0 40 447 117 52 57 53 0 0 86 403 118 56 59 44 577 58 37 42 31 21 0 0 
0 106 201 125 95 46 29 17 70 234 124 94 46 30 15 6 259 202 84 33 19 14 8 0 
175 556 240 323 408 377 421 632 401 437 310 396 445 345 444 354 881 547 535 287 278 274 304 26 
56 296 73 47 58 32 17 7 202 205 58 49 40 24 3 5 386 90 43 29 30 3 5 0 
0 159 338 693 223 145 42 0 0 3 186 409 560 278 144 20 1 198 405 440 344 127 77 8 
1 289 568 356 245 346 284 11 0 1 243 555 398 256 449 198 5 275 599 381 239 299 263 39 
30 416 677 582 356 200 198 1 0 46 347 666 489 379 449 84 222 379 599 481 356 141 224 58 
76 803 644 341 52 4 0 0 1 124 647 706 310 128 4 0 256 561 773 268 48 13 1 0 
1 21 69 116 205 55 0 0 0 2 21 56 72 237 79 0 2 37 96 153 132 47 0 0 
13 295 812 623 568 65 0 0 0 17 237 489 837 692 104 0 38 294 409 817 502 279 37 0 
25 189 246 304 177 128 64 0 0 50 135 187 296 182 169 114 47 280 327 220 134 116 9 0 
5 72 494 356 157 91 38 0 0 9 61 437 327 201 134 44 57 153 426 358 135 57 27 0 
58 554 612 260 138 129 99 8 0 104 561 505 241 166 168 113 194 605 549 237 111 98 60 4 
135 464 474 486 188 106 18 0 0 156 406 410 455 256 144 44 295 476 381 438 219 62 0 0 
104 532 664 355 139 37 0 0 0 120 411 596 441 184 74 5 269 509 550 339 154 10 0 0 
0 0 3 23 82 215 296 0 0 0 0 0 24 73 286 236 0 0 8 32 96 220 263 0 
0 154 529 426 332 303 250 0 0 4 174 447 353 340 413 263 8 136 517 573 331 249 180 0 
0 31 194 115 138 183 68 0 0 0 37 172 110 124 257 29 0 34 169 176 134 146 70 0 
0 5 26 63 109 248 199 0 0 0 5 16 61 97 323 148 0 2 63 60 132 229 164 0 
0 9 171 140 122 38 0 0 0 0 37 159 117 125 42 0 3 49 156 104 116 52 0 0 
3 123 348 274 236 240 13 0 0 6 86 362 190 196 311 86 96 160 313 321 227 120 0 0 
0 0 46 125 142 183 18 0 0 0 0 31 114 134 223 12 0 0 86 124 125 144 35 0 
0 220 409 603 668 374 100 0 0 0 240 415 541 698 420 60 0 127 325 495 471 478 438 40 
0 1 205 385 240 235 173 0 0 0 1 199 361 281 282 115 0 22 167 380 230 251 175 14 
0 2 378 717 453 155 93 0 0 0 0 376 664 480 201 77 8 68 254 649 481 227 101 10 
0 172 482 546 226 146 137 0 0 10 223 457 498 236 176 109 0 116 353 547 346 187 118 42 
0 64 389 482 224 163 118 0 0 0 86 366 467 227 191 103 0 25 392 392 346 153 104 28 
0 84 540 327 137 119 63 0 0 0 141 480 308 145 140 56 0 21 553 353 162 111 58 12 
0 39 174 157 63 62 2 0 0 0 44 131 127 120 75 0 14 95 202 93 42 47 4 0 
20 372 596 580 488 375 21 0 0 19 370 571 456 496 495 45 33 389 728 622 380 247 53 0 
0 0 12 68 209 247 48 0 0 0 0 3 60 163 329 29 0 1 31 111 263 157 21 0 
0 7 28 86 210 273 7 0 0 0 4 24 72 152 347 12 0 13 57 147 220 165 9 0 
0 0 1 66 149 277 31 0 0 0 0 1 43 118 274 88 0 0 28 119 185 188 4 0 
5 201 300 375 557 417 81 0 0 17 262 245 348 575 453 36 6 186 382 431 526 342 63 0 
0 81 264 334 364 198 43 0 0 23 119 220 278 371 247 26 1 84 327 369 331 150 22 0 
82 281 463 448 244 95 3 0 0 142 272 469 395 269 69 0 63 328 426 429 191 166 13 0 
0 23 488 562 453 242 101 0 0 0 11 403 490 514 327 124 23 246 522 565 333 123 57 0 
26 206 315 370 415 346 133 0 0 51 161 281 343 396 395 184 94 301 297 459 391 211 58 0 
5 277 519 650 585 204 48 0 0 3 251 553 686 451 267 77 47 364 527 618 571 140 21 0 
0 44 86 65 113 109 0 0 0 3 42 81 65 121 105 0 0 60 84 71 104 98 0 0 
86 367 351 273 325 151 0 0 0 117 328 377 265 359 107 0 195 329 288 283 277 178 3 0 
10 129 538 662 738 321 2 0 0 10 196 635 644 577 338 0 2 158 432 691 778 332 7 0 
5 32 400 537 484 465 86 0 0 7 50 371 565 517 429 70 4 48 358 534 502 454 109 0 
0 2 93 64 96 156 52 0 0 0 2 89 70 73 216 13 0 25 84 63 118 133 40 0 
0 63 223 127 89 110 21 0 0 0 67 201 122 101 123 19 0 49 247 127 84 94 32 0 
0 216 842 520 319 323 100 0 0 0 291 702 534 380 355 58 1 212 646 628 355 241 230 7 
0 2 146 163 144 190 66 0 0 0 5 128 124 162 231 61 0 12 188 126 139 155 86 5 
1 224 750 278 233 193 73 0 0 1 248 740 251 215 241 56 0 150 576 539 259 140 83 5 
10 408 204 345 567 432 126 0 0 46 410 191 265 544 558 78 30 404 243 447 550 344 74 0 
41 409 617 259 175 63 0 0 0 49 420 619 226 156 94 0 29 334 577 403 211 10 0 0 
0 3 92 160 167 4 0 0 0 0 3 74 116 205 28 0 0 1 68 165 181 11 0 0 
0 95 353 394 346 258 39 0 0 1 99 326 422 315 283 39 5 137 402 350 339 228 24 0 
269 475 205 138 165 60 0 0 206 516 203 133 144 110 0 0 595 422 190 67 35 3 0 0 
1 88 76 30 62 116 103 3 1 69 82 36 45 89 134 23 102 160 119 68 28 2 0 0 
26 57 68 70 94 131 38 0 27 58 52 57 88 123 79 0 130 202 94 56 2 0 0 0 
2 28 39 77 170 111 0 0 0 22 33 58 141 155 18 0 189 116 97 25 0 0 0 0 
43 104 254 133 88 77 16 0 38 69 220 177 84 74 53 0 412 172 70 49 12 0 0 0 
3 42 41 47 108 67 0 0 0 34 40 41 66 127 0 0 76 99 130 3 0 0 0 0 
373 672 248 181 247 43 0 0 318 662 273 164 184 161 2 0 881 564 283 35 1 0 0 0 
141 426 465 357 179 185 98 0 122 371 401 434 203 140 180 0 406 546 563 329 7 0 0 0 
525 787 299 170 23 0 0 0 404 780 371 191 58 0 0 0 1192 473 122 17 0 0 0 0 
238 586 388 263 312 70 0 0 141 538 489 263 283 143 0 0 686 775 217 141 32 6 0 0 
0 60 176 92 201 236 0 0 0 29 177 93 128 277 61 0 65 286 345 68 1 0 0 0 
6 108 71 84 77 69 0 0 6 70 98 77 65 99 0 0 190 170 48 7 0 0 0 0 
44 286 265 283 389 588 185 2 28 284 223 266 315 584 337 5 319 451 514 431 286 40 1 0 
61 417 558 359 376 417 352 8 43 378 519 349 358 441 398 62 361 783 409 487 364 140 4 0 
106 352 674 478 285 83 0 0 86 298 638 540 271 144 1 0 333 711 711 172 50 1 0 0 
0 0 30 59 84 244 0 0 0 0 20 49 67 200 81 0 15 70 219 113 0 0 0 0 
44 434 412 368 232 6 0 0 43 407 404 376 256 10 0 0 486 548 266 169 27 0 0 0 
136 662 575 304 107 63 1 0 96 660 504 400 111 77 0 0 998 642 129 42 37 0 0 0 
0 32 84 116 115 82 0 0 0 25 62 104 106 128 4 0 131 191 107 0 0 0 0 0 
1 18 39 81 105 115 53 1 0 14 33 67 89 136 69 5 85 148 82 25 15 34 24 0 
299 352 498 356 252 106 8 1 246 339 464 362 317 125 18 1 946 683 184 44 10 5 0 0 
23 46 126 229 239 149 2 0 10 46 109 176 279 161 33 0 270 377 119 48 0 0 0 0 
0 1 14 26 56 155 188 0 0 1 12 21 35 124 226 21 26 92 128 119 75 0 0 0 
11 72 83 209 254 498 209 0 7 58 92 158 243 423 336 19 136 408 263 253 188 88 0 0 
14 114 169 213 298 386 359 10 14 96 170 192 308 335 366 82 216 385 329 306 237 87 3 0 
4 13 16 42 143 106 98 0 2 13 16 28 149 89 116 9 71 171 62 45 39 34 0 0 
2 365 230 210 149 241 206 1 1 302 256 215 149 203 232 46 288 280 401 231 167 37 0 0 
7 239 530 180 136 262 203 1 3 134 583 214 125 222 231 46 203 502 407 229 184 33 0 0 
2 73 161 203 79 162 49 0 0 47 174 158 135 106 109 0 61 322 94 52 90 110 0 0 
35 530 333 482 215 365 140 0 21 486 329 451 265 285 263 0 618 770 283 157 128 144 0 0 
16 245 555 504 410 342 81 0 5 219 507 519 380 389 134 0 380 901 505 214 113 40 0 0 
46 321 382 385 221 41 0 0 36 270 375 367 277 70 1 0 348 590 332 85 39 2 0 0 
10 246 219 218 157 125 119 6 3 180 264 215 157 129 114 38 271 383 196 116 99 34 1 0 
0 6 8 37 151 231 191 3 0 0 11 35 121 209 217 34 50 171 172 138 81 15 0 0 
0 125 360 430 637 675 292 6 0 98 352 362 644 675 361 33 282 923 449 468 329 73 1 0 
0 63 315 318 436 789 411 18 0 49 246 375 426 728 457 69 69 379 589 546 509 257 1 0 
4 248 236 431 67 1 0 0 0 201 178 407 196 4 1 0 47 186 338 358 58 0 0 0 
8 67 305 515 393 25 9 5 0 36 217 346 666 45 10 7 5 71 253 585 355 50 6 2 
8 67 330 381 245 178 138 24 0 36 221 369 378 199 143 25 5 112 301 388 344 184 23 14 
0 24 206 90 30 4 0 0 0 91 182 54 25 2 0 0 0 45 179 101 26 3 0 0 
7 89 219 416 163 82 53 59 16 100 147 408 235 78 62 42 22 135 426 231 108 74 59 33 
0 210 617 661 120 20 27 5 0 47 351 844 341 45 24 8 90 264 538 458 232 55 23 0 
55 435 316 210 167 131 29 0 20 114 445 317 214 140 92 1 269 252 278 181 147 91 78 47 
8 86 253 454 259 38 17 16 0 38 133 472 406 45 20 17 30 133 232 273 246 183 17 17 
28 395 502 275 92 10 8 3 0 135 448 535 174 10 8 3 80 264 523 332 101 8 4 1 
117 380 303 348 236 95 17 0 53 293 362 275 339 147 27 0 203 288 409 343 135 96 22 0 
0 19 203 450 160 55 6 0 0 0 80 492 220 93 8 0 3 128 392 247 107 12 4 0 
34 136 318 649 148 10 0 0 8 128 240 616 271 32 0 0 72 441 468 247 59 8 0 0 
0 0 86 621 715 684 457 376 0 0 212 640 874 592 306 315 0 1 127 616 736 747 457 255 
0 0 23 403 1288 940 231 216 0 0 41 880 1494 403 176 107 0 0 51 600 1248 929 192 81 
0 0 0 19 431 349 151 62 0 0 4 262 401 221 68 56 0 0 1 13 501 276 126 95 
0 0 77 537 1470 510 276 144 0 0 84 961 1285 323 242 119 0 1 187 461 1400 696 167 102 
0 31 333 747 1163 384 122 28 0 28 409 842 1168 278 65 18 0 54 437 1087 969 231 24 6 
0 0 85 640 1448 710 375 283 0 8 131 1425 1085 541 266 85 0 25 264 1023 1617 461 103 48 
0 0 61 862 1341 343 32 24 0 2 161 1401 992 73 14 20 0 1 128 1088 1184 222 18 22 
0 0 9 523 949 677 184 122 0 0 4 668 1040 536 127 89 0 0 55 994 866 383 104 62 
0 0 66 353 340 515 513 607 0 1 149 408 371 549 386 530 0 0 129 658 680 382 178 367 
0 0 128 711 486 410 131 60 0 1 335 841 535 115 47 52 0 6 565 661 480 124 49 41 
0 2 201 532 707 1169 903 206 0 40 555 553 917 807 735 113 0 23 683 1122 1369 349 101 73 
0 0 85 949 759 738 179 298 0 17 304 1209 781 316 132 249 0 12 228 1113 1058 232 87 278 
0 0 1 172 136 123 93 218 0 0 2 182 113 132 98 216 0 0 6 136 146 139 90 226 
0 2 12 34 167 502 213 2 0 7 21 280 393 229 2 0 0 6 35 530 312 49 0 0 
0 0 78 512 730 568 125 50 0 2 153 883 725 234 24 42 0 8 396 966 489 146 24 34 
0 48 543 508 273 581 135 7 0 43 577 589 527 338 16 5 0 50 520 780 502 226 14 3 
0 0 0 15 130 388 49 0 0 0 2 52 312 211 5 0 0 0 36 299 247 0 0 0 
0 0 7 83 192 381 122 0 0 1 61 223 409 91 0 0 0 2 81 532 170 0 0 0 
0 0 26 112 182 76 0 0 0 1 49 218 127 1 0 0 0 3 87 253 53 0 0 0 
1 226 449 567 336 92 77 0 2 261 522 597 246 116 4 0 8 341 700 526 134 39 0 0 
0 0 137 860 515 393 173 450 0 18 333 987 510 174 127 379 0 28 366 831 706 131 100 366 
0 1 261 1210 1330 429 151 83 0 2 265 1415 1321 257 132 73 0 4 622 966 1104 611 127 31 
0 1 12 151 1153 299 2 0 0 3 25 1195 375 20 0 0 0 3 24 271 1168 152 0 0 
0 0 18 154 142 42 0 0 0 1 130 158 67 0 0 0 0 15 119 220 2 0 0 0 
0 9 46 241 364 474 28 0 3 16 231 546 335 31 0 0 0 15 96 443 488 120 0 0 
0 7 24 99 356 452 12 0 0 12 40 196 651 50 1 0 1 10 32 104 532 266 5 0 
1 232 432 482 876 512 286 83 10 373 638 802 647 389 45 0 35 371 592 1112 659 135 0 0 
0 8 306 493 592 477 799 335 0 132 488 702 563 945 174 6 14 167 683 913 874 357 2 0 
0 26 451 623 744 822 346 97 0 92 771 849 807 470 119 1 9 302 706 1017 824 244 7 0 
0 63 314 661 483 253 294 12 0 134 538 688 366 344 10 0 7 316 400 1070 281 6 0 0 
0 7 224 339 434 412 42 0 0 27 337 481 534 75 4 0 4 114 505 489 325 21 0 0 
0 1 261 926 736 124 44 108 0 20 543 1136 309 67 38 87 1 153 1199 644 72 35 68 28 
0 41 315 800 447 428 55 109 1 112 673 691 501 92 37 88 11 231 804 663 337 48 70 31 
0 0 185 411 967 832 119 30 0 2 331 967 1031 181 9 23 0 16 591 771 876 252 12 26 
0 0 22 295 959 1054 171 19 0 1 44 674 1308 416 61 16 0 4 272 715 675 531 282 41 
0 0 1 12 207 511 47 1 0 0 1 21 429 296 32 0 0 0 5 22 211 286 252 3 
0 0 7 69 719 820 91 5 0 6 22 324 1135 181 41 2 0 1 9 117 920 475 159 30 
77 754 489 328 476 494 427 75 0 364 732 335 330 338 435 586 0 570 734 308 501 874 125 8 
15 125 114 141 260 191 18 0 0 48 101 96 101 180 259 79 0 60 159 158 198 228 61 0 
205 372 230 241 347 450 634 631 78 400 243 218 280 347 651 893 174 359 236 265 389 567 918 202 
25 156 776 787 483 349 292 110 13 114 547 791 702 510 270 31 32 282 701 833 510 400 197 23 
47 347 371 316 455 526 506 146 30 206 397 323 441 459 593 265 44 196 518 354 485 654 447 16 
121 203 304 388 301 143 159 53 51 178 295 390 297 237 166 58 130 202 319 384 321 179 112 25 
76 210 569 680 652 521 567 335 1 125 444 530 588 534 510 878 41 240 597 719 778 516 581 138 
0 2 14 72 99 151 255 119 0 0 2 22 57 74 148 409 0 0 29 84 138 164 203 94 
47 187 298 406 408 582 621 87 1 95 195 303 345 356 492 849 14 181 378 414 548 407 462 232 
52 270 393 283 281 361 469 181 0 151 330 327 219 227 310 726 155 552 491 355 293 430 14 0 
36 216 290 262 333 392 342 3 0 123 268 218 231 282 361 391 11 305 266 366 372 405 145 4 
5 33 125 199 278 346 481 42 0 20 97 149 186 269 367 421 7 101 249 370 386 355 41 0 
5 91 240 423 392 260 15 0 3 33 190 385 348 260 205 2 41 217 359 444 311 50 4 0 
0 1 105 311 312 369 333 7 0 3 77 194 251 301 284 328 0 40 331 316 345 345 59 2 
23 40 75 164 304 352 337 71 0 44 44 91 154 287 331 415 21 47 84 203 473 403 133 2 
0 23 44 223 336 315 498 86 0 10 31 103 237 255 362 527 0 21 235 441 387 307 133 1 
0 8 41 191 335 133 14 2 0 3 31 76 180 271 160 3 0 7 51 158 299 200 8 1 
1 14 92 345 423 682 877 21 0 8 23 140 324 459 661 840 0 18 305 394 659 596 453 30 
102 732 422 437 427 281 141 34 11 557 531 366 481 424 182 24 112 926 413 525 333 203 60 4 
0 0 26 68 167 256 101 0 0 0 3 32 81 137 251 114 0 0 21 54 148 320 75 0 
230 484 256 223 292 424 445 79 31 600 275 236 234 246 362 449 174 673 246 285 411 412 187 45 
7 127 271 490 724 726 676 21 1 110 162 386 562 523 548 750 10 162 326 744 868 817 108 7 
1 152 120 173 220 176 211 18 0 92 112 123 134 196 156 258 12 200 205 274 223 150 7 0 
22 71 213 139 156 178 142 44 1 49 158 144 113 142 205 153 15 166 212 145 158 152 116 1 
61 356 278 470 546 253 97 26 5 283 317 423 465 478 105 11 60 368 357 513 532 200 51 6 
0 63 263 576 732 984 904 108 0 39 89 451 681 658 753 959 12 118 410 767 1034 1012 267 10 
