0 0 4 37 1358 2092 296 71 37 34 30 16 4 0 0 0 0 0 6 26 190 811 1942 746 132 64 37 25 0 0 0 0 962 2330 396 112 71 44 40 21 3 0 0 0 0 0 0 0 
0 0 1 29 1684 1767 443 162 63 35 25 7 7 4 1 2 0 0 0 33 609 1361 1383 425 246 107 31 16 8 2 6 3 1839 1600 352 167 95 84 43 21 14 5 3 4 3 0 0 0 
0 3 20 86 2878 2562 445 163 74 28 31 13 41 37 11 1 0 5 22 29 188 1858 1818 1528 688 107 53 37 38 19 3 0 1908 2406 1073 546 302 73 34 37 11 3 0 0 0 0 0 0 
0 0 12 144 2428 1092 152 75 39 34 38 23 17 7 6 3 0 1 11 15 180 886 1163 1030 559 115 52 23 15 10 4 6 1368 1203 572 384 291 146 61 29 9 2 2 3 0 0 0 0 
0 0 20 1090 2427 570 95 45 29 22 12 7 3 2 4 0 0 0 2 55 737 1221 1157 844 253 28 15 7 1 3 3 0 1327 1638 557 460 184 119 37 4 0 0 0 0 0 0 0 0 
0 0 8 466 1781 571 187 64 34 15 12 8 7 6 7 9 0 0 0 0 142 548 986 802 458 149 35 19 9 8 7 12 488 808 569 526 385 212 88 39 26 15 3 4 4 5 3 0 
0 0 12 706 1120 607 140 41 14 6 7 6 5 0 0 0 0 0 0 0 293 522 545 760 399 106 25 14 0 0 0 0 513 708 536 432 246 142 62 19 6 0 0 0 0 0 0 0 
1 4 13 48 434 1669 1632 608 713 565 580 453 570 86 34 78 0 4 13 98 458 1192 1919 942 788 778 993 135 44 43 20 61 2993 1220 872 712 676 401 161 111 109 109 67 12 11 10 12 12 
0 1 20 271 761 1320 1227 1072 798 680 631 477 482 684 165 231 0 0 10 90 224 751 1122 1642 1358 1044 872 990 241 192 119 165 3258 1255 866 790 803 1074 245 144 93 72 83 60 32 27 13 5 
7584 7137 4901 3560 2894 2725 2345 2007 1615 1421 1188 1029 1339 1003 683 1030 19037 3162 2961 2905 3001 2604 1457 1334 1801 1061 783 509 379 354 271 842 19342 2632 2371 2355 3088 2417 2062 1550 1780 1188 829 568 408 381 394 1096 
9421 2307 3085 3493 4098 3959 3432 3580 2065 2149 2149 1762 1530 1236 1014 1894 11262 3259 3659 4649 3862 4846 3734 2944 2124 1576 1317 1254 1049 627 326 686 11425 2636 2408 2942 4013 3599 5158 4431 3165 2148 1706 991 614 585 420 933 
7367 4740 4965 4711 5235 4550 3244 2360 1639 1148 1044 1433 798 511 267 751 11046 5433 6687 6578 3722 3011 2040 1698 1415 810 460 405 311 271 185 691 11764 4012 4175 6008 5151 3025 2688 1841 1578 1418 960 432 343 324 271 773 
2 84 1573 2238 2847 4169 5800 7011 5818 3492 1627 774 554 336 434 355 0 1682 3031 2769 5101 6509 7821 4173 2116 1606 1117 470 251 146 81 241 1324 2212 1475 1996 2829 4159 3781 5220 6030 3149 2223 1623 525 180 89 299 
6690 3887 3013 3435 2650 2461 2611 2568 2668 1796 1797 1617 437 321 180 104 9096 2973 3846 4062 3660 2841 2553 1918 1565 1578 910 428 353 256 136 60 8194 3116 2676 2935 2468 3348 2629 2398 1993 1670 1492 1519 785 469 343 200 
4203 12201 9299 8280 3847 2486 1960 1818 1461 874 428 237 129 141 205 304 10055 8214 7117 8799 6065 2177 1593 1652 587 340 302 230 146 156 217 223 18031 7552 6620 4824 2404 2501 1980 1242 990 1169 331 151 55 15 8 0 
280 1459 1609 2393 1892 2523 3246 3451 2848 2115 2423 2869 2290 981 378 100 1628 1930 1537 1882 2383 3235 2843 4108 3468 3875 1957 1094 494 213 130 80 2627 1476 1717 1533 1372 1834 2112 1864 2159 4009 4581 3197 939 684 459 294 
12266 8050 7079 4783 1555 624 515 398 565 490 436 371 271 252 137 234 13027 7236 6577 5031 1854 623 493 429 384 591 458 508 411 120 95 189 19632 6215 6267 2197 738 514 447 520 542 468 158 75 92 100 50 11 
305 1248 3730 2730 1905 1339 1825 2111 1911 1649 1962 1947 2379 2818 3167 8284 1215 1664 4108 2371 1650 2138 2020 1946 1769 2018 2200 3300 3691 3366 1879 3975 6748 2643 1140 1370 2139 3574 4512 5236 4919 2205 1315 896 606 477 484 1046 
2901 1301 1691 4467 5526 5484 3840 2890 2407 1861 1073 851 590 257 164 588 2998 1236 2574 7190 7613 5429 3704 1665 1078 515 401 290 255 176 158 609 2870 878 1038 2747 6566 7692 5166 3859 1838 811 478 389 297 267 205 790 
4487 3505 2158 3757 4886 4231 3238 2711 2686 2354 1817 1711 1516 1218 661 969 6065 2632 2927 6162 6471 4005 3064 2446 1747 1505 1329 1161 808 536 441 606 5344 2520 1737 2797 5390 6619 4800 3293 1870 1746 1352 940 872 921 753 951 
0 147 462 1045 1356 1237 1226 829 573 315 24 3 0 0 0 0 0 0 31 203 365 531 978 1022 1388 1236 762 596 105 0 0 0 670 2364 1287 970 593 577 481 203 64 8 0 0 0 0 0 0 
1 11 200 1121 1045 840 1329 1810 1822 1704 1032 72 12 0 0 0 0 2 10 130 326 690 906 927 1198 1534 1781 1633 1377 485 0 0 235 2022 1854 1332 1524 1613 1282 761 283 78 12 2 1 0 0 0 
0 124 143 466 1227 1193 1666 2141 2574 2192 1378 369 70 0 0 0 0 10 99 151 128 302 979 1028 888 1519 2051 2531 2572 1142 143 0 166 1691 3108 2107 1814 1785 1507 807 275 228 55 0 0 0 0 0 
22 355 784 559 485 573 515 417 710 536 726 736 492 20 16 0 22 355 896 525 563 492 597 502 586 574 762 537 493 37 5 0 22 259 779 354 450 364 480 418 348 312 393 319 425 445 595 983 
4 502 522 605 770 792 709 629 842 851 968 733 344 111 128 193 4 502 606 597 877 700 738 678 768 647 965 742 389 175 205 110 4 401 651 470 581 761 1055 756 612 573 526 463 536 358 433 523 
91 1296 474 657 1170 1171 793 507 838 887 1382 954 291 242 103 104 91 1296 619 677 1128 1111 843 588 826 910 1384 763 468 108 85 63 91 1140 718 634 726 726 817 804 719 570 620 520 781 758 808 528 
0 1 311 537 610 887 1076 678 1499 892 739 400 2 0 0 0 0 1 389 563 748 860 1194 863 1086 927 775 225 1 0 0 0 0 0 245 303 436 465 599 640 676 537 495 966 810 737 500 223 
1331 2493 1710 872 542 406 320 254 159 111 73 56 12 0 0 0 1414 2660 1433 819 622 439 315 222 149 137 96 30 3 0 0 0 1390 2346 1431 775 523 408 353 260 284 227 195 94 48 5 0 0 
896 1753 902 719 468 516 512 530 370 179 101 80 38 4 1 0 1151 1690 885 683 506 547 563 429 292 147 103 50 22 1 0 0 941 1548 796 577 447 327 372 394 497 485 398 235 44 8 0 0 
721 1100 1259 388 158 93 66 52 44 37 9 1 0 0 0 0 763 1121 1119 405 174 99 68 55 55 30 32 7 0 0 0 0 677 842 1312 488 164 107 85 78 48 38 40 24 18 7 0 0 
826 693 559 1044 534 313 208 142 100 42 22 5 0 0 0 0 841 672 393 405 836 550 301 199 143 108 39 1 0 0 0 0 822 591 572 896 528 377 258 187 142 74 20 16 5 0 0 0 
192 1187 1144 430 260 93 43 31 15 0 0 0 0 0 0 0 312 624 619 1070 437 187 90 43 13 0 0 0 0 0 0 0 225 1190 942 401 338 172 66 29 15 13 4 0 0 0 0 0 
32 50 54 70 69 79 221 483 699 1058 1487 1946 3396 1741 732 283 14 54 43 58 75 82 114 194 254 323 330 544 925 1535 3131 4724 43 42 60 66 195 494 868 1108 1391 1964 2128 1432 1159 768 511 171 
201 153 96 112 140 203 445 714 1114 1468 1819 2150 1382 690 362 29 93 236 82 104 112 118 121 151 198 314 574 959 1631 2555 2810 1020 305 126 133 214 454 713 1121 1317 1161 1058 1136 1023 1071 956 247 43 
326 496 347 407 791 745 792 896 758 795 1053 1092 1690 1438 1081 536 324 667 719 799 661 683 688 524 412 461 497 690 684 994 1554 2886 497 566 496 705 1214 1177 1044 853 845 921 1174 1534 1052 510 427 228 
268 1997 1713 1372 1285 1151 1024 1094 960 835 436 286 310 325 256 12 1186 2219 1553 1350 1397 1112 961 831 656 534 341 208 247 264 287 178 546 2165 1430 1244 1153 1006 1037 808 701 706 593 509 389 254 239 544 
29 33 120 448 754 1145 2361 1505 1657 1389 1312 612 662 531 495 439 0 0 3 68 285 228 518 1283 1374 1732 1518 1794 2658 1008 588 435 2376 742 900 1180 1448 1171 807 994 939 627 461 478 589 418 233 129 
25 36 33 354 981 1241 2163 1658 1365 1246 1412 1717 1016 85 48 83 0 0 0 28 67 614 649 1214 1248 1433 1198 1330 1694 2249 1623 116 2450 840 748 840 651 631 777 836 707 794 881 1270 1417 592 29 0 
0 3 32 64 58 133 492 1684 2025 1430 909 1492 1253 209 13 2 0 0 0 4 28 80 70 188 471 698 1692 1406 1895 2115 1064 88 271 265 371 300 488 609 907 757 814 1094 1394 1384 731 384 25 5 
0 0 2 82 158 223 245 283 369 564 639 752 845 1048 979 659 0 0 0 0 1 233 304 288 353 500 991 1120 1264 942 716 136 1221 273 252 303 404 620 400 457 412 386 456 566 677 389 32 0 
0 19 64 82 129 175 194 436 691 786 1352 1758 1476 771 563 437 0 0 11 45 77 155 185 310 459 790 1330 2389 1874 827 248 233 1262 708 639 683 737 719 755 963 681 672 512 249 146 98 67 42 
38 43 283 1228 1796 1833 1206 1010 1123 999 714 138 6 0 0 0 47 79 908 1513 1995 1683 1145 1408 1151 358 56 62 12 0 0 0 124 714 1587 1979 1661 1095 988 1056 918 284 11 0 0 0 0 0 
58 266 1234 2337 2056 1433 911 1001 738 401 102 79 10 9 6 3 152 1016 2232 2205 1705 1098 994 600 323 150 78 55 20 5 8 3 907 2200 2491 1591 1080 867 880 442 143 15 7 5 5 4 7 0 
2 216 954 2722 1273 756 795 811 680 575 632 463 364 182 115 307 30 293 1097 2706 1248 775 941 681 704 445 645 431 296 152 88 315 137 1028 2659 1591 1125 970 940 650 580 355 184 136 84 64 64 280 
1400 1541 1246 832 920 1531 2184 1279 715 480 396 427 218 77 71 343 736 1723 2090 2359 2319 1456 837 566 481 389 201 67 45 112 216 63 2929 1326 812 779 1037 1243 1073 1163 965 686 557 492 330 244 24 0 
64 135 106 93 116 539 729 656 744 987 799 805 925 1187 1066 162 3 48 183 164 249 487 634 537 546 767 824 829 855 1202 1113 672 316 509 366 545 688 475 603 779 812 635 593 685 786 668 518 135 
26 274 382 270 674 891 872 813 818 721 847 730 369 21 18 65 75 165 471 398 701 784 815 636 546 642 654 829 744 274 28 29 845 916 707 724 596 469 478 531 544 781 649 369 124 34 22 2 
60 131 225 241 398 782 1466 1069 597 316 327 299 371 388 379 190 36 106 225 299 359 793 1192 975 695 458 286 306 314 463 414 318 469 397 1124 985 880 569 492 263 215 287 254 232 272 276 306 218 
372 413 439 483 751 681 695 748 955 1018 1116 2296 2436 3099 2600 446 203 297 323 389 496 608 639 686 703 800 1090 990 2083 2700 3792 2749 1007 1233 1382 1376 1693 1956 1969 1967 2209 1939 787 482 185 123 108 132 
94 565 614 797 757 781 850 809 989 1188 1407 2773 3266 3039 2123 396 33 329 435 602 664 621 696 812 789 863 1334 1440 2947 3347 2910 2626 879 2079 1630 1115 1192 1395 3019 3250 2598 1700 816 412 196 76 61 30 
0 17 1309 1900 1506 1697 1747 1660 1606 1575 1462 1807 1003 521 108 15 0 0 47 1315 1481 1439 1498 1494 1962 2114 1745 1394 2029 852 517 46 1614 3621 3282 1596 1517 1773 1449 1904 760 161 81 50 62 57 6 0 
0 0 9 132 259 1300 1216 812 819 736 1067 1482 2558 3935 4708 3657 0 0 2 67 152 263 1054 1156 875 827 751 912 1436 2226 4459 8510 141 1090 2181 1918 1676 2344 2698 3315 2772 1737 1192 549 298 283 258 238 
0 1 38 75 162 329 573 876 796 951 891 989 2172 2258 1848 510 0 0 20 42 151 172 316 579 757 966 902 978 2231 2408 1850 1097 38 489 1097 1123 1009 1392 1320 1914 2632 1181 207 8 11 42 6 0 
0 56 619 1479 1496 1169 1354 875 339 161 16 0 0 0 0 0 0 45 131 1101 1587 1167 1246 1203 826 241 17 0 0 0 0 0 705 1318 1579 2081 1010 458 205 82 55 50 21 0 0 0 0 0 
0 35 236 332 419 470 513 497 506 704 810 1115 2015 2402 3170 2092 0 5 81 302 374 515 465 424 413 485 580 801 993 1844 2920 5114 132 676 1019 1032 1267 1909 1757 1481 1275 1360 1393 925 473 436 132 49 
0 5 37 75 181 200 208 222 255 402 785 868 1560 2357 2471 378 0 0 21 33 117 143 197 182 214 289 401 744 909 1196 2587 2971 50 138 344 722 734 959 1307 1462 1673 1315 601 231 188 130 81 69 
0 11 126 89 129 125 164 216 265 1030 802 904 1379 3225 4198 649 0 11 72 96 91 113 118 136 212 277 384 1116 923 1452 3251 5060 29 293 425 608 650 1138 1429 2919 3046 1330 648 237 213 167 116 64 
0 2 216 209 242 119 157 166 218 259 378 520 1258 3873 4950 1214 0 0 82 257 185 184 99 147 155 197 232 336 491 1041 3189 7186 114 321 395 469 390 845 2287 2717 2314 1250 883 677 338 371 295 115 
0 0 0 26 94 90 177 359 373 445 605 855 446 148 35 0 0 0 0 14 77 104 138 214 345 381 460 684 843 342 47 4 0 0 6 73 219 504 916 559 559 228 161 127 111 133 57 0 
0 0 12 50 144 197 303 415 455 728 541 419 182 81 13 1 0 0 1 31 85 139 232 344 444 603 703 495 333 108 23 0 3 24 152 646 760 789 629 319 158 49 10 2 0 0 0 0 
15 27 43 42 234 1051 1039 702 462 318 276 301 504 860 1078 1161 26 34 39 131 614 982 644 567 483 348 342 345 566 793 1079 1120 60 143 1689 1539 438 253 317 355 429 518 523 622 759 415 51 2 
3 44 55 100 338 606 601 589 577 534 485 730 1009 1504 2657 4750 14 44 82 165 335 677 647 786 613 471 628 905 1326 2440 3817 1632 1398 1300 2864 1860 1007 794 718 707 1022 1492 723 407 144 77 51 18 
36 84 155 985 817 647 461 435 494 668 845 823 1030 1586 3032 2329 74 1688 1501 995 691 567 681 770 647 841 1432 1695 1806 927 95 17 179 774 2411 1965 1334 1061 1062 966 1199 1659 890 705 215 7 0 0 
232 405 1016 1222 1050 936 802 871 762 779 616 740 838 1040 1391 475 578 2526 2264 1348 850 546 542 618 703 759 728 784 735 187 7 0 509 1881 2449 1796 1106 649 675 747 785 716 564 757 488 53 0 0 
13 82 102 87 910 1395 627 412 390 394 418 513 759 1463 2406 1691 49 137 975 1930 688 460 545 691 832 958 1318 1363 1074 352 229 61 144 339 3365 1351 1056 1209 1019 885 695 670 475 291 122 35 6 0 
37 202 501 894 1656 2708 1897 1173 821 474 417 363 372 655 406 180 137 528 2105 2879 1960 1024 864 877 362 324 328 351 389 298 232 98 281 1516 6544 2248 667 479 379 148 142 112 72 57 51 49 8 3 
24 140 295 430 1056 683 427 460 531 403 402 549 850 1130 928 1535 74 259 771 1238 692 526 539 577 474 682 743 791 836 709 693 239 207 1030 3189 1185 838 769 468 338 499 505 402 216 118 66 13 0 
268 1248 731 1013 980 773 659 685 888 706 773 614 496 483 1023 2033 1486 3004 1997 725 489 295 386 608 354 277 233 311 377 780 1530 521 1134 2180 3375 1800 762 464 369 442 692 1084 481 298 93 69 81 49 
0 0 18 87 136 302 411 566 803 1187 1811 1590 750 319 152 118 0 0 12 65 68 174 253 323 449 629 938 1649 2145 1094 293 158 945 2091 1804 1288 798 438 270 199 144 77 66 58 35 32 5 0 
0 27 133 279 596 1891 1396 1021 721 766 685 233 30 0 0 0 0 6 91 200 260 540 1785 1150 1034 860 712 854 263 23 0 0 2526 2369 1360 710 326 194 172 92 26 1 2 0 0 0 0 0 
0 5 189 634 866 1036 580 111 39 16 8 0 0 0 0 0 32 213 572 950 837 524 217 76 33 19 10 1 0 0 0 0 1 114 343 583 873 610 448 320 117 41 18 14 2 0 0 0 
0 3 10 45 173 324 1217 1235 1227 730 60 43 39 0 0 0 0 0 5 52 161 218 799 1087 1112 873 669 51 64 15 0 0 8 44 317 735 1134 1135 643 453 275 143 98 31 31 45 13 1 
22 163 145 145 234 306 534 1596 2443 1075 562 368 108 1 0 0 8 130 90 132 199 248 400 1416 2473 1049 615 550 297 88 7 0 19 180 127 128 302 473 702 1796 1533 822 295 339 369 418 158 41 
203 898 617 111 60 23 20 26 124 69 36 25 2 0 0 0 248 889 585 110 63 16 22 32 136 55 37 19 2 0 0 0 155 739 531 363 76 47 27 108 79 32 35 19 3 0 0 0 
156 926 1379 620 231 114 67 50 29 18 19 6 2 0 0 0 146 990 1330 574 297 92 62 54 28 18 17 5 4 0 0 0 42 564 1231 875 414 238 129 38 37 18 23 7 1 0 0 0 
3 77 195 245 251 221 154 108 64 41 28 53 173 221 45 23 1 51 163 216 238 208 147 154 108 53 34 26 91 233 148 31 0 8 74 143 223 192 180 150 131 141 84 52 122 266 89 47 
1 223 390 318 407 424 420 213 113 96 89 51 28 31 51 19 1 214 368 252 254 411 533 313 129 100 104 63 21 33 38 40 10 107 321 365 329 333 319 341 311 195 63 35 25 14 25 81 
9 36 112 239 185 190 257 122 18 11 3 4 7 1 1 0 20 86 197 195 202 260 155 49 9 7 5 2 5 3 0 0 2 34 85 190 160 147 216 158 108 71 10 5 3 3 2 1 
0 209 244 224 263 236 169 127 85 42 8 3 2 0 0 0 0 112 266 138 231 290 212 159 122 58 12 6 6 0 0 0 5 25 142 185 125 188 347 296 180 66 14 15 13 8 3 0 
5 72 113 108 109 95 96 68 40 20 18 3 1 3 0 0 0 0 33 81 87 96 108 84 91 65 55 29 19 3 0 0 10 244 243 136 80 25 8 3 2 0 0 0 0 0 0 0 
12 132 243 275 231 262 210 331 390 222 173 156 165 140 139 135 0 0 6 114 260 258 274 235 295 301 386 257 195 182 177 276 16 405 659 596 367 267 204 151 86 97 111 97 81 43 31 5 
0 49 136 119 115 87 72 56 59 49 27 8 1 4 1 0 0 0 0 102 100 111 102 83 64 61 52 64 37 2 4 1 0 255 256 119 64 59 19 6 2 1 2 0 0 0 0 0 
124 269 200 107 96 115 61 85 60 40 24 13 1 0 0 0 0 23 203 238 148 89 113 102 58 65 69 45 37 5 0 0 79 676 183 117 69 40 17 11 2 1 0 0 0 0 0 0 
0 0 0 0 4 89 104 111 114 136 233 309 339 294 208 293 0 0 0 0 0 4 81 94 105 118 150 256 348 376 365 337 0 0 52 188 205 210 204 305 290 235 211 189 98 43 4 0 
0 0 0 0 4 87 110 140 300 374 313 344 421 427 472 256 0 0 0 0 0 3 78 94 132 239 422 358 378 546 486 512 0 0 47 221 283 430 297 281 344 368 338 247 195 193 4 0 
97 1066 712 287 258 287 389 303 211 216 270 396 292 11 0 0 3 286 985 563 276 214 300 413 288 228 209 245 451 327 7 0 904 1159 350 401 514 587 390 224 138 89 35 3 1 0 0 0 
124 123 702 226 189 173 179 224 241 393 512 793 915 571 107 16 89 56 197 606 215 186 161 180 204 247 381 573 825 1171 367 30 373 892 510 583 770 692 678 401 257 157 82 59 19 14 1 0 
15 154 736 619 245 238 304 279 318 399 529 760 587 156 15 2 0 42 125 549 772 281 231 308 286 292 467 577 677 633 114 2 526 865 675 585 623 454 441 529 339 118 130 61 8 2 0 0 
264 191 162 106 104 125 125 140 191 346 465 675 877 573 175 36 187 154 184 99 99 109 113 123 144 203 268 470 705 1024 625 48 504 309 273 367 496 520 613 399 317 254 213 207 71 12 0 0 
25 201 478 136 117 183 180 213 211 269 424 421 554 558 104 2 5 73 209 401 133 123 162 178 214 224 238 459 479 680 479 19 445 453 322 350 414 349 268 206 315 384 367 165 34 4 0 0 
117 1143 699 351 228 211 166 152 138 149 155 287 232 5 0 0 53 348 1052 552 330 219 206 182 129 142 151 197 331 141 0 0 1549 930 389 239 263 335 212 88 27 1 0 0 0 0 0 0 
0 0 248 315 355 175 175 146 168 264 388 368 576 54 0 0 0 0 0 285 249 325 241 180 154 266 275 254 342 646 15 0 167 426 422 243 200 208 176 325 479 478 108 0 0 0 0 0 
519 1166 3376 345 216 193 131 141 107 138 222 307 115 13 0 0 6 806 1338 2930 376 209 175 178 167 175 410 151 68 0 0 0 787 3611 1008 289 142 114 116 136 147 241 258 114 26 0 0 0 
78 1516 1248 747 567 448 349 376 295 257 75 14 0 0 0 0 994 1615 968 600 461 394 355 348 199 30 6 0 0 0 0 0 1573 1255 780 555 463 371 389 333 222 26 3 0 0 0 0 0 
221 1179 496 460 394 347 386 711 476 220 14 0 0 0 0 0 1070 746 487 434 386 410 780 434 146 11 0 0 0 0 0 0 1278 608 433 395 361 405 763 458 198 5 0 0 0 0 0 0 
646 914 779 687 580 651 670 774 687 539 119 17 12 14 11 10 1258 1033 779 650 649 710 794 721 412 51 17 10 11 11 3 1 1669 967 774 770 679 613 543 584 453 29 14 6 7 2 0 0 
709 1595 1446 792 631 463 663 704 271 219 127 33 12 14 9 13 1841 1848 931 640 526 640 689 304 173 55 24 12 7 5 4 2 2549 1675 750 520 584 687 538 265 101 17 8 3 3 1 0 0 
819 2112 1273 716 553 428 329 336 240 80 6 0 0 0 0 0 2155 1925 882 588 403 299 374 240 26 0 0 0 0 0 0 0 2764 1806 660 463 421 303 262 205 8 0 0 0 0 0 0 0 
0 3 41 106 161 195 226 219 206 182 207 179 292 314 387 125 1 291 447 230 156 191 184 204 168 161 205 239 196 102 48 20 4 234 500 335 172 196 179 209 182 148 133 122 149 147 101 32 
41 132 276 408 376 248 205 210 243 271 297 316 271 51 20 5 128 517 538 352 314 324 282 251 197 155 167 89 30 11 12 3 130 428 632 414 342 310 219 227 200 135 101 123 93 16 0 0 
0 19 153 312 343 402 313 200 171 142 190 225 203 288 546 356 15 142 224 238 281 278 306 299 235 210 178 179 164 172 279 663 22 190 611 544 440 434 397 279 184 193 113 138 165 75 57 21 
49 166 481 749 586 394 262 178 102 62 60 51 32 26 11 17 181 1111 710 300 227 172 152 94 65 60 37 32 25 29 23 8 189 967 762 438 325 130 104 82 64 50 38 28 14 17 16 2 
82 326 2736 3175 1045 28 0 0 0 0 0 0 0 0 0 0 16 60 230 924 3553 2447 162 0 0 0 0 0 0 0 0 0 6200 726 270 110 65 21 0 0 0 0 0 0 0 0 0 0 
91 54 66 1154 5270 4160 553 15 0 0 0 0 0 0 0 0 57 63 48 57 328 1979 3650 4166 978 37 0 0 0 0 0 0 2660 3242 2502 1793 848 288 30 0 0 0 0 0 0 0 0 0 
96 45 86 179 1265 2828 1561 413 89 22 1 0 0 0 0 0 54 43 40 58 92 583 1457 2137 1413 598 100 10 0 0 0 0 1903 1180 1213 1212 704 314 41 16 2 0 0 0 0 0 0 0 
180 146 252 556 2151 2686 2008 914 707 555 526 579 283 83 0 0 162 193 96 113 222 1489 1662 2248 1973 975 706 678 766 343 0 0 3151 1910 1533 1503 761 620 545 386 275 327 294 155 103 63 0 0 
8 524 1661 1793 1088 162 0 0 0 0 0 0 0 0 0 0 2 57 163 862 2273 1098 770 11 0 0 0 0 0 0 0 0 4029 769 355 83 0 0 0 0 0 0 0 0 0 0 0 0 
209 447 532 2209 3035 1784 73 0 0 0 0 0 0 0 0 0 122 346 394 410 967 2244 2382 1387 37 0 0 0 0 0 0 0 1647 2413 1375 2496 358 0 0 0 0 0 0 0 0 0 0 0 
169 85 161 1299 3050 3495 1911 322 23 5 0 0 0 0 0 0 116 85 263 324 904 2043 1911 2546 2030 295 3 0 0 0 0 0 3366 2430 1590 1559 796 458 253 44 16 8 0 0 0 0 0 0 
187 337 532 1183 2505 2556 1795 458 125 76 13 0 0 0 0 0 46 102 293 492 903 1756 1816 1715 1922 589 102 31 0 0 0 0 3417 1491 1276 1257 1168 589 401 77 70 21 0 0 0 0 0 0 
0 0 2 412 1251 3173 6132 3776 1092 458 209 151 123 147 147 367 0 0 0 0 53 171 345 1213 1826 2611 4733 5165 617 335 229 142 11162 2412 1342 860 610 348 280 234 92 84 16 0 0 0 0 0 
0 1 137 2136 4150 4468 1875 866 494 323 286 244 287 280 314 2110 0 0 0 0 5 225 911 2802 4317 4375 1669 579 840 1330 669 249 12466 678 497 541 554 664 1072 1105 211 74 44 44 17 4 0 0 
0 5 114 153 256 2370 3997 4681 2301 812 183 217 133 146 104 122 0 0 0 0 8 123 204 367 1317 3362 5540 3751 467 318 50 87 7182 6010 1205 351 322 200 100 90 35 16 14 19 30 18 2 0 
0 18 95 1632 3252 3946 3127 1157 380 257 188 108 259 187 89 118 0 0 9 128 263 308 1008 1554 2257 2599 3695 1370 484 405 418 315 11818 876 420 409 317 286 127 84 123 162 113 36 30 6 6 0 
0 18 93 1156 2829 3912 1909 1269 568 241 192 221 352 93 2 0 0 0 1 19 45 70 162 911 2258 3234 2611 1321 1003 565 329 326 8321 990 571 464 402 521 524 402 267 187 105 85 16 0 0 0 
2 378 432 369 933 2527 4746 3658 2337 724 445 471 335 174 112 7 0 0 231 326 216 450 457 416 1220 2810 2966 4288 2835 730 360 345 10613 2767 1135 855 660 525 413 281 196 161 44 0 0 0 0 0 
0 0 259 3806 5646 4443 619 200 170 167 119 86 23 6 5 6 0 0 0 1 395 3013 3554 4198 2736 1131 179 160 113 39 21 15 14677 283 200 182 96 35 32 26 7 7 5 4 1 0 0 0 
0 0 7 743 3795 6201 2747 1401 682 493 585 376 316 227 104 266 0 1 40 124 199 985 2628 3493 3822 2380 1496 1137 573 339 377 349 11874 2341 1115 693 533 357 270 261 202 155 111 23 6 2 0 0 
0 86 476 1424 2974 3055 1898 684 275 243 211 209 223 290 416 666 0 0 20 173 687 1199 2003 2209 2500 1745 499 220 182 220 240 1233 10207 478 239 183 226 202 185 178 185 167 139 124 141 159 140 177 
477 87 96 94 81 81 91 92 69 40 28 17 14 15 8 19 398 106 66 70 98 75 68 76 81 80 59 50 21 22 18 21 578 163 171 107 60 61 40 36 24 22 9 9 14 8 5 2 
565 224 312 296 334 299 375 347 245 178 142 149 100 63 43 119 374 229 229 194 293 271 266 325 370 260 267 194 159 128 79 153 535 210 427 388 380 354 398 332 224 143 111 70 63 60 46 50 
316 150 263 367 291 337 452 347 385 301 235 188 129 86 98 213 218 145 146 205 434 290 334 391 395 430 331 242 159 110 121 207 314 263 383 381 452 390 399 388 343 234 174 86 75 72 70 134 
0 0 1 43 135 114 54 35 32 48 48 61 94 108 116 15 0 0 0 14 73 118 102 40 35 42 53 62 81 123 154 7 170 61 80 99 109 157 110 36 12 33 27 7 3 0 0 0 
0 0 22 44 100 108 59 64 74 50 51 66 95 141 168 14 0 0 10 32 66 83 92 46 59 65 80 66 87 126 219 25 230 90 101 133 130 127 95 35 16 18 24 22 15 19 1 0 
0 0 5 19 17 65 43 27 36 50 63 81 95 94 79 27 0 0 1 15 11 55 42 32 25 38 55 68 114 101 121 23 243 59 75 100 76 59 23 10 6 8 11 10 9 7 5 0 
0 0 0 12 283 171 60 22 8 4 1 0 0 0 0 0 0 0 0 1 15 344 146 27 15 11 1 1 0 0 0 0 32 88 222 125 59 19 3 5 2 3 1 2 0 0 0 0 
0 2 39 229 401 324 258 114 123 132 97 97 99 114 101 3 0 3 43 135 276 465 192 171 110 106 139 134 134 124 99 2 415 319 391 246 110 110 105 71 88 77 70 42 26 56 7 0 
0 2 51 179 611 333 83 46 32 45 23 14 22 64 135 16 0 0 37 132 392 460 178 65 48 42 36 22 19 59 155 11 138 416 446 215 109 90 44 15 29 18 13 34 78 10 1 0 
0 0 0 0 0 9 14 18 30 33 59 81 124 121 90 27 0 0 0 0 0 2 11 12 23 28 45 66 111 138 142 28 77 68 100 137 110 41 18 12 11 5 2 5 9 9 2 0 
0 22 91 208 548 252 53 30 39 41 58 106 198 83 0 0 0 0 86 114 302 484 173 37 49 44 65 104 271 0 0 0 16 231 382 291 166 45 37 27 30 39 48 51 115 251 0 0 
0 0 3 32 193 144 3 4 3 3 2 0 0 0 0 0 0 0 1 13 84 153 121 7 3 2 3 0 0 0 0 0 3 103 118 105 41 5 4 3 0 4 1 0 0 0 0 0 
0 0 176 606 500 235 62 39 30 29 70 73 65 47 0 0 0 0 106 403 597 306 156 42 33 30 35 106 83 35 0 0 12 392 590 274 224 70 19 14 29 19 29 35 39 183 3 0 
0 59 191 224 259 397 572 563 404 285 354 394 175 14 0 0 0 48 161 183 229 295 531 624 522 387 308 280 278 44 1 0 1000 768 867 369 288 197 109 136 54 36 19 18 17 11 2 0 
254 705 663 1020 241 10 7 7 5 1 4 2 3 0 0 0 1380 883 551 59 15 10 4 6 3 2 4 3 2 0 0 0 1300 843 678 60 12 6 6 2 3 3 3 2 3 1 0 0 
0 222 438 358 379 268 169 154 151 166 174 66 2 1 0 0 380 501 530 390 268 235 188 49 2 2 1 2 0 0 0 0 512 395 454 392 280 220 227 59 9 0 0 0 0 0 0 0 
459 784 1249 713 385 187 121 78 46 48 22 3 0 0 0 0 2204 971 308 163 141 91 44 53 43 45 26 6 0 0 0 0 1929 1205 438 174 112 73 49 38 26 27 18 6 0 0 0 0 
137 249 370 397 452 459 436 369 327 424 451 339 184 26 1 0 718 493 466 519 572 526 540 384 193 172 31 7 0 0 0 0 718 477 455 490 515 460 495 506 274 192 32 7 0 0 0 0 
1345 1717 520 431 245 134 64 14 6 3 0 0 0 0 0 0 2909 541 272 205 324 134 69 13 8 4 0 0 0 0 0 0 3119 698 366 152 94 37 5 4 3 1 0 0 0 0 0 0 
225 946 1794 1109 553 269 222 264 201 95 78 18 7 3 0 0 269 875 1834 1108 529 255 221 259 211 129 73 13 5 3 0 0 258 1339 1437 1025 545 254 231 268 203 123 85 10 6 0 0 0 
272 937 1258 462 275 202 184 134 101 96 51 14 9 6 5 2 274 1031 1176 417 279 202 192 133 95 56 78 51 12 5 7 0 355 1154 1018 374 270 254 147 133 80 65 46 38 54 20 0 0 
140 2249 2652 905 425 322 311 320 319 591 196 49 35 32 17 15 140 2281 2670 863 423 314 312 313 274 240 471 192 42 21 16 6 310 2793 2149 763 419 301 329 308 246 203 137 241 358 21 0 0 
128 902 1190 1469 682 226 208 160 805 766 320 29 0 0 0 0 143 894 1389 1585 359 203 206 149 162 587 971 227 10 0 0 0 208 1513 1925 555 228 189 178 145 159 263 217 845 437 22 1 0 
102 330 758 575 536 275 235 273 338 351 133 71 47 22 1 1 110 328 733 578 532 293 216 263 306 292 230 101 46 17 2 1 130 356 832 648 464 247 219 257 259 243 186 161 43 2 1 0 
23 1190 806 218 118 136 150 251 382 223 165 72 31 24 13 14 28 1212 776 224 123 126 144 165 190 443 239 74 36 17 13 6 86 1206 744 231 137 132 143 165 161 190 259 312 40 10 0 0 
163 297 285 279 336 418 473 404 401 441 486 600 745 827 543 37 113 423 465 392 334 351 429 424 502 426 339 494 635 860 505 43 263 394 463 536 469 787 985 848 664 568 419 211 116 12 0 0 
1103 1079 591 531 608 721 901 958 756 671 469 511 470 785 531 63 822 946 951 760 839 926 857 766 714 472 306 350 464 822 691 62 1139 1091 780 761 955 1055 1025 1017 852 659 536 453 253 124 45 3 
750 904 570 515 649 846 697 619 588 608 685 796 750 781 354 47 452 766 899 746 615 722 904 757 756 642 587 529 612 729 403 40 685 805 916 791 1021 1251 931 916 826 834 644 318 128 74 16 3 
112 326 188 164 231 210 219 249 289 324 349 440 667 1077 670 92 62 246 263 228 181 232 311 279 273 261 284 324 583 1190 801 89 166 293 245 313 333 481 552 585 677 679 701 367 98 71 45 1 
1408 746 603 564 513 510 398 324 261 267 270 256 405 908 232 22 1408 804 850 635 439 334 390 357 304 214 202 213 276 907 323 31 1583 814 804 794 680 522 451 452 553 611 309 69 31 12 2 0 
988 905 707 494 435 453 486 531 417 381 416 498 406 559 287 89 979 826 782 712 633 719 697 596 403 224 205 197 287 453 236 103 1107 916 813 659 655 779 905 720 444 419 240 122 78 127 62 6 
439 518 456 382 287 336 471 401 410 422 457 471 567 796 1004 114 615 737 601 636 438 389 363 331 297 282 297 351 521 990 614 69 723 684 591 798 807 789 832 963 640 187 89 56 81 166 112 13 
274 373 513 494 685 521 485 543 492 497 421 502 417 497 461 24 384 963 975 747 550 464 419 368 284 242 248 303 398 603 247 4 486 754 1018 965 915 973 674 496 364 247 266 34 7 0 0 0 
66 158 302 341 575 383 337 459 555 628 561 650 539 806 1207 99 86 379 708 715 573 542 471 408 380 428 453 342 466 965 693 57 130 290 708 806 886 1188 990 771 573 550 546 77 42 84 24 1 
21 250 358 355 414 464 415 340 488 554 566 544 398 130 70 20 80 524 719 851 701 711 553 411 235 171 105 82 82 74 68 20 109 465 667 803 1053 1193 546 238 83 40 49 46 37 32 26 0 
48 131 244 334 282 332 300 391 424 383 410 369 323 415 466 109 76 251 427 474 529 474 369 350 254 220 236 234 247 386 348 86 92 258 452 546 715 726 671 464 236 155 138 127 136 121 99 25 
11 81 120 262 324 367 282 325 2009 3598 4782 6858 4300 2005 1056 1747 20 123 69 56 373 375 345 353 482 4277 5437 7635 4172 1925 946 1539 11542 2376 2047 1802 1966 1445 1103 932 779 749 737 597 358 326 436 932 
105 389 226 51 52 940 2587 4611 7127 6203 6978 4571 4171 2901 1846 2386 166 445 124 38 46 596 1573 5009 6937 6058 8312 5340 4045 2864 1734 1857 18930 4865 3511 2859 2478 1898 1583 1405 1572 1399 1172 872 697 647 583 673 
236 14011 3677 2438 4969 3205 1134 504 460 444 420 189 113 103 42 0 3180 13066 3565 1835 1615 2594 3738 653 339 408 304 320 169 140 19 0 142 19104 2769 4144 1529 975 926 682 400 366 537 173 135 63 0 0 
72 4977 1619 1448 1792 2414 1912 2395 2372 1901 2019 1811 1961 1358 592 438 307 7307 2311 2767 2847 2610 1739 1643 1704 1769 1183 1196 796 456 330 116 136 8774 2803 2536 1969 1814 1606 1461 1619 1811 1399 1058 1190 583 297 25 
97 1841 987 1194 1279 1163 1644 2557 2614 1860 1238 1161 678 355 168 60 321 3478 1522 1233 2087 1541 1457 1238 1646 1766 1300 672 367 172 70 26 341 4571 1122 985 1574 1398 1353 1060 1063 1153 1541 1441 868 350 71 5 
373 4402 2407 1268 1286 1609 2227 1578 1203 1154 861 811 614 192 156 171 1296 6361 1293 955 990 923 1263 1697 1168 931 1296 897 654 435 149 4 284 7939 1024 797 883 1339 1622 1185 922 752 904 878 756 499 513 15 
282 893 525 349 381 587 581 590 534 547 113 50 26 12 13 32 1456 877 809 604 473 553 403 119 44 53 54 14 11 11 6 28 2402 1041 806 599 318 154 69 31 16 14 9 9 9 7 8 23 
2990 898 528 225 112 78 31 39 33 27 58 33 6 0 0 0 3572 738 289 133 81 51 34 42 23 53 39 3 0 0 0 0 3890 536 284 157 85 57 33 12 2 2 0 0 0 0 0 0 
50 173 376 321 282 354 463 566 599 432 456 489 245 82 5 10 214 615 621 680 614 394 190 149 139 272 524 355 116 9 6 5 874 883 1012 496 231 191 267 421 354 125 29 6 4 4 4 2 
0 102 113 100 89 119 178 247 447 992 1122 1299 45 16 17 25 6 116 99 113 93 145 204 333 673 1206 1761 85 30 14 12 21 1170 1313 1598 617 69 39 21 17 20 6 8 12 8 8 5 0 
8 133 101 111 215 566 330 346 415 890 940 531 79 61 13 5 75 96 106 151 473 472 351 431 761 957 702 91 54 18 5 1 1267 1052 1036 778 240 106 124 82 19 16 15 5 3 1 0 0 
4 17 66 99 89 102 187 190 157 112 64 32 20 23 30 248 0 2 16 94 58 70 93 95 88 96 122 114 172 94 47 279 108 201 189 149 152 108 94 65 33 19 12 15 25 26 54 190 
12 70 253 203 185 111 81 75 30 20 3 3 7 8 6 29 6 111 267 320 137 81 56 30 19 14 3 6 3 11 4 28 72 275 342 159 100 46 29 9 11 0 7 2 9 5 6 24 
0 0 0 1 33 522 717 1291 2946 3290 1944 79 9 8 4 1 0 0 0 1 1 130 538 634 1244 2625 3181 2227 249 9 6 0 200 929 1931 5286 1932 455 77 15 4 6 6 2 2 0 0 0 
0 0 0 0 0 49 237 381 765 1578 1796 2911 4279 2994 1312 193 0 0 0 0 0 0 56 243 420 671 1440 1430 2443 3691 3816 2285 20 266 506 1575 3417 5288 3114 1345 640 273 40 11 0 0 0 0 
0 0 0 0 4 3 96 494 1373 1499 1959 3237 4515 1861 562 20 0 0 0 0 4 0 26 78 426 1356 1309 1614 2951 4148 2774 937 15 189 1246 1757 2467 5636 2292 1122 484 224 38 69 84 0 0 0 
0 0 0 0 4 37 166 425 963 1790 2985 3984 4498 1896 743 47 0 0 0 0 1 3 23 127 361 901 1516 2484 3659 4511 2661 1291 37 364 954 2471 4898 4995 1889 1306 552 72 0 0 0 0 0 0 
0 0 8 106 186 173 252 527 583 669 904 245 90 67 95 401 0 1 66 194 168 211 379 510 459 617 853 246 90 102 133 277 1 82 848 1226 716 353 249 124 81 59 61 55 63 80 85 223 
0 0 10 27 40 76 407 896 1027 381 92 18 23 12 19 19 0 2 32 39 56 251 472 535 971 427 174 17 25 12 20 14 0 57 1074 925 593 201 52 21 15 16 12 20 19 7 18 17 
0 0 564 301 121 177 514 804 983 886 870 252 19 8 16 91 0 20 740 165 104 266 419 582 805 866 1050 455 20 8 27 79 173 779 2201 1056 520 422 198 64 31 15 14 9 12 9 10 93 
0 0 2 42 67 97 275 372 560 785 1232 194 8 0 0 0 0 0 18 50 75 178 219 260 385 505 840 1062 42 0 0 0 2140 507 508 211 115 75 49 21 1 2 2 2 1 0 0 0 
0 0 95 191 364 293 272 365 510 706 1169 1121 231 131 62 19 0 4 219 315 282 248 242 309 434 645 858 1061 719 111 71 11 1923 342 754 767 415 305 336 174 99 48 57 46 39 57 54 113 
0 0 3 5 53 160 341 568 604 550 746 300 24 15 21 27 0 0 7 31 97 179 299 434 498 518 775 492 31 12 24 20 51 304 811 892 520 387 199 102 45 26 9 10 9 11 11 30 
3351 1171 1189 1650 975 551 374 283 137 94 60 42 9 0 0 0 3564 1020 1149 1398 1334 570 383 187 120 85 46 25 5 0 0 0 3174 715 745 758 902 1154 1267 401 234 225 126 89 57 39 0 0 
1265 605 737 1730 1917 1503 993 616 439 445 426 487 329 105 69 329 2280 1514 1867 1545 890 641 513 479 447 481 440 399 101 81 108 209 1706 1184 1341 1348 1757 1150 608 666 568 486 414 300 124 101 82 160 
24 24 72 352 555 732 512 524 488 520 520 472 525 602 911 5536 21 25 63 269 322 788 811 603 441 407 403 495 640 943 1444 4694 1026 807 784 901 736 723 783 973 1531 1450 1473 905 237 38 2 0 
0 0 200 602 780 992 1279 1135 1194 1191 1255 951 765 721 738 2330 0 0 106 573 756 876 1224 1263 1213 1208 1063 781 805 772 894 2599 1901 2068 1978 1469 1279 1122 919 697 723 867 458 175 123 85 78 191 
2856 1351 1376 1123 965 876 834 506 429 316 235 182 156 109 66 185 4627 1547 1479 1069 661 406 294 218 209 217 259 189 100 74 72 144 4498 1408 1083 979 904 688 536 387 287 197 132 106 79 63 32 186 
716 627 839 888 767 404 342 302 132 54 19 16 13 9 9 41 549 644 810 1064 696 442 472 270 121 34 13 12 11 10 10 20 177 255 445 692 626 680 877 560 377 272 148 53 10 6 0 0 
1140 771 550 535 560 501 430 418 265 103 19 0 0 0 0 0 789 800 606 522 561 589 534 485 314 91 1 0 0 0 0 0 148 408 514 497 514 442 470 552 438 521 454 309 25 0 0 0 
548 750 596 652 804 592 418 378 297 315 425 228 51 30 7 0 413 730 677 604 831 653 484 401 347 392 408 117 27 7 0 0 171 237 348 550 503 486 551 699 533 454 379 354 388 353 81 4 
1391 1048 1406 1432 1230 1129 791 247 68 64 58 46 45 26 32 50 1071 2033 1662 1258 1187 917 526 164 58 39 39 13 30 30 25 11 1586 1120 960 965 777 973 854 940 618 185 44 38 3 0 0 0 
2312 595 430 334 327 471 449 496 305 105 38 36 23 13 8 26 2033 815 491 374 380 534 463 453 274 76 22 18 6 5 3 21 347 528 1133 714 597 434 460 589 421 318 246 132 47 2 0 0 
1336 728 725 892 811 620 668 411 475 246 126 108 73 46 19 5 1101 556 971 1025 841 654 721 422 507 257 107 66 45 14 2 0 199 874 658 495 697 718 876 758 528 571 397 353 94 37 21 13 
1534 1078 1146 1190 1039 949 945 791 484 152 106 76 61 45 20 24 1121 977 1285 1536 1479 900 773 770 418 137 86 71 47 14 13 13 241 702 740 943 1113 1316 1203 1339 811 600 360 114 84 54 20 0 
1282 492 351 248 460 717 653 495 616 415 199 128 75 78 76 299 978 534 489 419 419 734 724 503 627 430 192 108 82 61 81 203 107 522 501 472 469 496 487 582 814 624 678 463 233 128 8 0 
357 441 330 546 393 351 385 392 454 406 120 47 52 44 51 218 425 405 579 425 330 400 367 407 483 313 44 30 56 54 53 216 342 526 317 249 297 328 295 286 299 294 307 447 281 44 53 222 
196 2063 1593 1656 1737 1615 1533 1419 2198 2868 947 48 0 0 0 0 63 1636 1947 1772 1950 1659 1589 1324 2161 2734 989 47 2 0 0 0 5326 3783 1644 1785 2438 1898 722 182 76 19 0 0 0 0 0 0 
919 2317 1958 1813 1479 1965 1717 1550 1564 1345 1499 193 0 0 0 0 596 2295 2075 1939 1533 2027 1557 1551 1797 1630 1234 83 2 0 0 0 5032 3142 3185 2597 2173 1309 188 83 59 71 71 117 142 38 59 53 
0 0 57 653 859 515 309 357 636 468 283 343 229 98 26 63 0 0 0 143 1277 537 366 314 411 403 493 476 262 112 44 58 171 785 742 508 343 364 337 315 289 232 177 158 154 247 74 0 
0 0 3 695 636 245 44 27 20 4 2 0 0 0 0 0 0 0 0 103 984 412 82 42 27 19 5 2 0 0 0 0 1 562 835 156 40 32 21 12 9 7 1 0 0 0 0 0 
0 6 314 771 425 408 111 53 56 47 15 9 0 0 0 0 0 0 10 489 788 533 156 69 60 36 43 24 7 0 0 0 49 1070 518 233 93 70 71 47 7 24 13 8 7 4 1 0 
0 37 437 451 430 1035 545 341 366 1043 276 138 109 69 102 57 0 1 133 585 469 1004 710 315 269 235 344 998 123 89 85 76 74 870 963 593 525 315 214 205 173 151 153 182 164 378 458 18 
0 0 116 564 434 64 54 73 50 10 0 0 0 0 0 0 0 0 7 254 684 209 96 45 27 26 17 0 0 0 0 0 107 690 250 87 79 46 19 13 25 13 17 14 5 0 0 0 
3 105 995 1061 564 265 267 416 453 195 39 6 0 0 0 0 0 7 327 1140 945 501 308 349 209 245 199 134 5 0 0 0 474 1634 509 243 297 226 91 101 127 118 147 136 107 87 60 12 
0 0 36 215 128 50 63 69 85 143 215 295 215 145 170 148 0 0 0 114 231 54 48 70 81 115 134 242 318 184 198 188 55 310 78 70 83 94 173 252 281 196 184 145 48 8 0 0 
11 62 457 1072 1001 1569 377 281 242 535 258 288 314 191 198 182 2 40 389 1192 901 1596 487 177 154 188 309 649 349 208 201 196 144 1364 2268 670 247 193 187 280 343 264 195 228 172 311 161 11 
13 189 544 885 1050 1837 374 214 196 176 172 183 209 180 127 78 1 40 601 901 1623 988 612 226 205 153 214 200 197 216 156 94 218 1442 2088 967 261 170 159 248 235 228 154 123 85 38 11 0 
2 57 134 178 402 975 168 161 215 346 282 264 326 257 166 205 0 12 124 281 486 753 249 148 177 212 285 312 323 302 234 240 42 432 1037 333 144 172 179 279 358 419 260 184 178 112 9 0 
325 682 531 877 968 939 1745 2123 1440 279 5 0 0 0 0 0 735 661 631 1116 1691 1913 1729 1088 347 3 0 0 0 0 0 0 798 623 1111 1730 1626 1081 1196 901 681 166 1 0 0 0 0 0 
363 712 696 651 912 914 1242 1548 1069 343 23 4 1 0 0 0 958 813 667 602 679 1009 1183 1554 987 23 3 0 0 0 0 0 1404 998 1258 1990 1428 669 415 260 46 8 2 0 0 0 0 0 
0 11 267 422 391 574 776 1008 1087 1409 1240 376 0 0 0 0 0 6 193 382 430 613 832 1063 1352 1677 995 18 0 0 0 0 217 602 1366 2387 1331 573 468 467 150 0 0 0 0 0 0 0 
18 87 563 671 699 641 823 824 908 1137 1121 1328 1487 290 0 0 26 86 436 597 714 525 710 866 819 918 1068 1051 1254 1389 138 0 467 962 1325 1730 869 644 934 1241 1374 998 53 0 0 0 0 0 
649 543 488 781 722 850 1094 970 1101 1436 1121 292 73 4 0 0 682 499 519 798 895 1032 1094 1386 1830 813 190 111 156 114 5 0 726 495 591 680 780 884 1055 1153 1625 1645 480 10 0 0 0 0 
1037 1193 924 968 895 1053 893 827 801 488 147 57 60 5 0 0 2003 1281 1017 830 935 988 888 750 313 214 101 20 8 0 0 0 1808 1300 1167 877 762 937 969 716 670 134 8 0 0 0 0 0 
318 6046 22802 61620 61283 28555 30317 25717 2386 23 0 0 0 0 0 0 112 2021 6503 17037 44473 55358 49375 35758 27278 1151 1 0 0 0 0 0 10445 105940 61881 41609 10530 6983 1250 350 79 0 0 0 0 0 0 0 
300 3285 12085 63576 103153 44573 23150 2027 604 515 374 356 216 158 145 39 109 1534 4894 6743 27896 92836 77394 38131 2819 599 496 326 330 198 166 85 10933 118567 80163 30625 6658 4783 886 394 435 333 243 206 158 118 51 3 
0 144 986 18548 40930 67848 49946 11956 5038 2734 2291 2782 2635 2633 2696 924 0 23 439 722 11673 27469 44688 81834 20936 6281 3177 2379 2917 3146 3576 2831 5224 50800 69087 42020 17731 8137 6399 4823 1816 1642 1815 1042 600 392 282 281 
4933 18928 78266 36448 14956 5321 1603 841 997 382 211 249 686 933 2352 4527 3778 7304 45543 54842 28148 13771 6590 1277 1074 436 213 215 449 1800 2769 3424 6242 58835 63898 24874 4327 1996 1046 860 745 538 1316 2082 1349 963 1956 606 
0 1035 16444 54570 33100 14627 10833 8867 1197 35 10 0 0 0 0 0 0 3 2800 11005 34114 39114 30644 14599 8011 406 21 1 0 0 0 0 132 43970 61043 26542 8236 716 59 20 0 0 0 0 0 0 0 0 
0 1511 23031 30523 17472 24797 30781 13733 1444 287 145 71 80 65 75 2681 0 45 8394 23437 22119 15801 26790 35860 10583 605 126 83 66 65 75 2647 463 37682 38587 33609 26814 4802 1319 335 112 74 56 56 69 50 105 2563 
84 3047 54097 49370 4954 2151 1616 1341 423 187 53 38 31 27 30 107 2 977 8748 37244 40183 23885 3743 1659 660 169 47 39 34 26 33 107 539 58839 45838 8058 1995 1537 379 93 45 47 25 25 26 52 53 5 
0 570 43230 50807 24265 7471 2607 1082 651 128 77 98 52 0 0 0 0 14 7929 38081 35196 28782 14299 5053 1151 358 159 16 0 0 0 0 76 39786 57313 20856 6006 4024 2429 411 127 10 0 0 0 0 0 0 
0 144 36850 51452 58761 38406 12038 853 264 58 7 0 0 0 0 0 0 0 4584 32143 32561 37431 56576 30809 4542 169 18 0 0 0 0 0 1740 92207 52858 27726 15313 6288 2334 360 7 0 0 0 0 0 0 0 
15 4014 31467 34317 29061 27560 13144 2824 340 82 64 62 73 24 6 0 0 929 10329 25499 19492 22850 24522 29702 9183 253 88 63 73 49 21 0 4123 59178 35533 16561 11385 7233 5537 2873 386 87 84 49 18 6 0 0 
0 99 3765 31249 72405 33868 12097 1194 22 0 0 0 0 0 0 0 0 0 639 1945 13314 46497 61335 29253 1704 12 0 0 0 0 0 0 29 19362 76427 34629 16189 6282 1320 454 7 0 0 0 0 0 0 0 
155 1920 3674 16591 33060 7865 5416 5320 4553 4025 3940 4427 6035 6636 4885 3195 230 1407 1773 2791 8205 28457 19632 6014 4336 4005 3907 3927 4406 5913 8403 8291 12797 49913 10729 6271 7256 4960 4303 4210 3892 2380 1277 902 542 319 312 1634 
0 3697 23199 27656 6910 6647 7830 1651 447 364 327 341 1013 1243 655 303 0 1639 8233 17086 25446 9649 7878 6338 1541 479 452 400 911 1256 900 75 21 8768 26001 24590 11884 2976 1265 1725 1803 1433 915 768 78 55 1 0 
0 27 41 351 2574 2312 1928 583 188 170 118 55 46 28 13 3 0 15 33 163 760 2332 1577 1642 1061 359 168 121 80 75 45 6 536 1271 1703 1269 1594 1127 427 209 121 79 50 26 17 5 3 0 
0 0 0 14 649 2126 1560 796 373 315 272 230 327 318 137 23 0 0 7 6 27 889 1552 925 913 663 418 314 301 396 455 274 270 906 1036 1322 1394 868 425 273 223 147 119 66 29 21 27 14 
0 0 6 136 3089 3851 944 262 80 17 12 8 11 3 0 0 0 1 5 22 248 2063 3949 1518 396 152 36 8 12 9 0 0 279 2077 3372 1664 520 246 86 51 30 26 33 11 16 8 0 0 
0 0 0 25 958 1176 482 551 429 363 346 349 420 538 540 26 0 0 0 12 293 947 870 369 310 391 371 364 358 544 580 794 119 467 1129 630 510 619 398 412 355 363 292 242 187 198 156 126 
0 2 14 394 491 611 688 1113 1117 1036 839 300 167 116 128 298 6 3 5 28 263 476 547 397 586 910 1117 1461 1094 348 69 4 260 602 650 474 704 990 1197 884 681 420 292 135 24 1 0 0 
1 10 119 256 357 325 229 230 220 221 269 425 475 525 371 299 3 7 5 32 190 229 428 250 200 234 225 242 317 414 555 1001 130 448 438 251 187 247 236 288 414 551 530 264 159 141 44 4 
431 4010 3696 5488 5985 6608 6802 6028 4100 1923 967 155 18 0 0 0 28 1808 2709 1749 2252 3901 4431 5125 6853 7490 6111 2965 767 22 0 0 18442 7668 5399 3832 3141 2673 2429 1723 762 139 3 0 0 0 0 0 
282 752 3633 4227 5178 8461 6638 3652 1638 1226 612 444 223 70 12 2 228 129 1351 1601 1866 2932 3181 4390 7303 6625 3890 2101 1008 359 75 11 16167 7094 4844 2984 2042 1228 912 813 378 266 197 95 22 6 2 0 
700 1262 3675 5625 6789 6356 8453 6032 3040 1217 624 580 319 174 94 10 357 693 1270 1562 2835 4079 4022 4624 5266 7522 7340 3666 1095 354 208 57 16038 10667 7411 4164 2353 1359 1083 865 388 179 128 124 117 67 7 0 
552 224 244 110 76 36 18 20 12 13 7 2 0 0 0 0 574 224 242 113 63 29 26 14 12 9 8 0 0 0 0 0 476 171 178 192 143 66 37 15 15 15 2 4 0 0 0 0 
235 242 316 199 100 51 32 21 17 11 14 8 14 6 8 21 499 304 167 97 79 28 23 15 15 11 7 13 8 7 12 10 395 235 262 143 70 48 31 20 19 9 18 6 12 6 3 18 
0 5 60 110 111 127 115 123 126 133 108 92 91 89 92 274 0 0 43 105 93 133 121 125 141 108 98 91 91 90 118 299 303 229 232 173 126 114 94 89 97 87 33 26 15 14 13 11 
492 272 186 161 87 45 44 23 18 12 16 15 9 7 6 16 776 246 115 65 38 36 21 21 22 7 19 8 10 11 5 9 725 197 173 87 58 48 26 13 17 14 11 11 3 6 5 15 
0 0 0 9 14 16 16 20 24 34 37 59 62 67 91 669 0 0 0 3 9 17 21 20 18 29 36 55 60 108 187 555 16 33 42 44 54 74 85 104 173 222 187 77 7 0 0 0 
3 167 198 84 65 83 54 64 65 68 89 71 88 93 78 69 117 229 87 57 67 67 70 76 85 87 99 79 70 77 33 39 72 206 148 98 72 52 61 56 80 65 66 75 94 84 80 30 
0 1 45 82 81 109 145 180 215 268 347 409 194 61 34 34 0 0 0 22 86 97 148 185 211 305 353 434 261 55 43 5 1671 271 109 72 36 26 16 4 0 0 0 0 0 0 0 0 
115 909 487 247 308 315 341 427 272 327 449 613 432 201 101 52 24 154 759 573 319 392 376 377 332 372 491 665 495 189 59 19 4278 678 259 204 74 45 24 4 8 5 14 3 0 0 0 0 
34 754 424 548 280 265 345 369 281 278 276 177 99 32 9 0 0 63 815 592 380 278 351 401 306 313 345 201 109 17 0 0 3876 227 40 20 8 0 0 0 0 0 0 0 0 0 0 0 
9 743 502 637 315 277 278 308 302 296 249 238 175 174 150 127 3 157 818 684 465 306 291 309 324 363 318 263 217 149 84 29 3407 444 194 163 147 121 127 106 43 21 6 1 0 0 0 0 
0 513 1172 1144 628 398 183 178 155 180 148 10 0 0 0 0 0 5 912 951 784 910 360 211 203 205 162 6 0 0 0 0 4551 158 0 0 0 0 0 0 0 0 0 0 0 0 0 0 
0 0 930 3463 2566 3004 2585 1661 1182 1019 791 452 325 204 108 235 0 433 2013 2493 3347 3328 2005 1156 1096 996 677 443 185 104 83 166 0 153 1489 2536 1981 2690 2253 2627 2055 889 567 330 336 267 125 227 
0 9835 10126 4814 2780 1356 908 531 343 322 125 46 44 28 29 3 13 15269 7608 3480 1814 1004 828 445 277 247 198 44 29 30 4 0 0 7012 9217 5339 3209 2726 1590 806 690 418 118 51 54 34 26 0 
0 0 91 4185 4253 3438 3232 4248 3540 1367 875 353 275 281 253 451 0 54 2438 4538 3280 4324 3848 3759 1614 1096 653 267 298 314 209 150 7 61 2671 6302 3891 2883 2073 2105 2211 1823 1266 383 263 280 299 324 
0 55 7316 7608 3549 1736 1814 1369 700 215 63 31 27 21 31 11 0 6224 8163 3561 1739 1313 1652 1175 470 122 40 28 23 30 6 0 0 1447 7208 5563 3582 2274 1645 954 808 751 165 69 29 25 26 0 
0 7417 5903 2906 1611 1188 705 414 369 430 240 124 78 42 16 15 166 10310 4232 2283 1399 1051 503 372 334 383 237 89 49 33 8 9 0 7111 3784 2814 2400 1822 987 584 620 489 304 283 132 79 33 16 
0 654 6566 3583 2651 3300 2029 1300 1037 646 388 223 183 195 219 444 6 4899 4918 3082 2833 1957 1696 1194 832 712 282 180 198 215 161 253 0 1589 5250 4012 2475 1861 1659 1665 1467 1169 642 380 254 234 258 503 
0 79 433 489 573 473 465 335 349 566 565 396 453 153 33 10 0 64 438 467 469 491 456 465 353 519 646 466 442 73 21 2 6 177 856 832 733 521 370 258 296 325 346 249 312 86 5 0 
6 73 990 365 384 406 206 174 160 237 287 225 239 100 10 5 5 173 861 325 359 443 301 167 168 249 286 205 242 72 9 2 7 421 787 492 342 232 172 155 150 198 300 235 242 129 5 0 
0 33 141 97 73 68 91 102 143 180 225 255 183 68 2 0 2 71 159 81 87 99 139 173 150 196 234 174 87 9 0 0 16 69 136 79 80 83 125 155 172 183 197 223 122 21 0 0 
345 1085 594 131 141 138 161 119 125 102 80 64 31 9 4 0 529 895 560 284 202 140 115 91 91 74 64 54 20 8 2 0 722 739 398 330 234 157 114 102 89 76 70 60 26 8 4 0 
172 970 940 371 323 339 214 197 287 141 122 102 73 56 50 27 281 1181 834 313 254 359 339 206 160 127 86 103 68 40 29 4 309 1067 772 577 292 296 364 243 107 80 91 119 52 11 4 0 
0 389 1802 709 210 218 198 80 39 42 78 53 33 31 18 0 69 513 1929 614 206 85 72 69 97 74 85 34 22 30 1 0 154 966 1330 683 190 83 72 57 57 61 132 58 25 29 3 0 
0 322 1455 390 79 51 16 5 3 7 3 3 5 13 2 0 62 414 1481 281 34 23 17 16 4 4 8 9 1 0 0 0 154 888 902 315 23 14 8 20 5 8 7 10 0 0 0 0 
0 91 902 1620 4145 4691 3879 3708 3906 5292 7208 9751 8941 6995 2749 776 30 5021 9567 5374 4789 6421 7130 6904 5829 4321 3485 2775 1941 702 213 152 623 4426 10854 9551 7401 8011 8838 7037 3991 1740 852 480 327 231 148 144 
0 0 14 220 464 465 625 1048 1506 2654 6826 8961 5941 2500 772 512 0 12 322 1643 2748 4433 6508 7054 5101 2286 1120 535 301 143 164 138 292 834 1127 2097 3355 4922 6154 5587 4407 2172 752 392 263 116 33 5 
0 0 4 468 1020 734 969 1333 1527 1490 1753 2542 3773 4849 6406 9315 0 0 91 737 1000 1923 1313 1046 1357 1616 1896 2822 3871 3823 6500 8188 51 559 2703 5560 7618 8395 4780 2298 1297 878 623 434 319 239 168 261 
0 0 2 88 894 1319 1202 1593 2157 2516 2475 3160 3940 5296 8386 6306 0 0 0 19 162 1389 1419 1841 2200 2403 2647 3165 4009 5644 8727 5709 822 3087 4655 5826 7232 6745 4495 2560 1465 655 437 494 373 277 167 44 
1 24 75 373 819 1297 1753 2147 2058 3203 3528 3591 2736 120 92 176 0 8 117 393 935 1273 1476 2093 1415 1804 2038 3046 3321 3226 670 178 511 3017 4637 2275 1901 1790 1678 1984 1607 1099 874 299 16 41 48 216 
0 0 5 303 1089 962 792 871 931 1294 1114 576 219 59 5 0 0 181 414 486 520 875 1157 1132 940 1026 947 394 134 11 3 0 29 196 516 787 1061 1171 1224 1027 952 816 240 156 39 6 0 0 
0 12 90 126 206 108 386 860 956 1876 2554 2032 1802 1359 1092 523 4 19 63 161 204 152 333 678 782 847 1421 2166 2006 2488 2166 492 21 231 1379 1450 1380 1086 894 1113 1127 1119 1069 1037 1023 501 242 310 
0 1 21 140 388 418 702 1106 1416 1869 2871 3593 2978 1587 389 28 4 52 165 323 504 810 1077 1319 1203 1407 1976 2182 1945 2325 2041 174 31 875 1889 2478 2544 1852 1619 1191 1204 958 873 754 878 307 35 19 
0 2 109 85 97 305 736 640 1116 1221 1070 1282 2683 1448 24 0 0 0 12 258 576 595 673 647 692 736 719 893 1233 2084 1700 0 2 112 1012 1623 1026 691 586 552 704 960 1217 1328 696 305 4 0 
0 0 1 94 302 321 306 277 318 445 469 606 538 136 14 8 0 0 0 117 295 282 252 291 272 324 404 429 486 610 71 2 87 620 513 349 293 214 208 211 232 245 323 310 202 8 10 10 
13 260 1835 3748 2787 1098 886 1014 878 611 264 292 153 36 14 2 21 869 4057 3012 1426 729 832 921 786 521 360 222 96 26 12 1 35 387 2634 2983 1953 1223 695 716 869 1063 897 326 87 20 3 0 
56 848 2697 3246 2425 1071 799 590 529 369 245 93 30 60 13 0 75 1964 4846 2305 929 693 609 505 454 304 207 88 33 56 3 0 112 1151 3007 3205 1895 991 733 622 473 346 201 165 140 30 0 0 
0 0 5 673 1714 365 1028 1337 590 150 87 26 1 0 0 0 0 5 1675 893 142 97 329 1266 925 501 134 9 0 0 0 0 0 2 368 2007 357 573 1701 733 127 93 15 0 0 0 0 0 
0 570 3416 1608 667 489 345 294 189 153 180 860 126 0 0 0 1 1157 3504 1176 526 435 328 266 167 135 181 844 177 0 0 0 0 567 2706 1872 845 426 344 310 311 287 592 603 34 0 0 0 
0 0 3 107 237 1077 1350 2003 2765 2781 3063 813 116 15 0 0 0 21 244 1446 2173 2063 2156 1603 1844 1796 721 207 49 7 0 0 1 38 440 2258 2096 2603 2727 1588 1146 726 413 216 76 2 0 0 
0 0 10 815 1072 1568 1886 1638 704 72 11 1 0 0 0 0 0 468 2728 2476 1257 380 240 153 70 5 0 0 0 0 0 0 0 50 2129 2605 2181 515 138 88 68 3 0 0 0 0 0 0 
2 15 129 377 484 525 628 615 550 636 711 592 376 320 300 587 1 100 461 1060 848 683 715 612 531 624 387 215 197 80 80 253 133 619 868 949 859 718 684 510 383 324 220 130 62 54 60 274 
19 78 171 340 451 465 477 641 932 1337 1261 650 397 317 342 610 44 92 199 336 459 504 685 784 953 1456 1184 627 356 270 183 356 335 481 866 1007 2054 1328 678 442 357 330 263 144 121 81 1 0 
56 162 957 1096 1417 1596 1040 482 309 201 191 138 127 193 245 724 168 1212 1894 1502 993 731 342 251 188 171 130 130 143 181 240 658 487 1517 1706 1101 834 763 670 447 269 255 192 160 150 117 70 196 
4 22 59 155 296 195 190 197 203 212 254 310 356 435 472 2573 3 24 59 113 248 253 174 134 157 187 209 244 275 433 540 2880 57 426 550 519 484 558 660 845 617 519 184 117 97 83 82 135 
76 104 268 638 891 1001 995 689 636 472 271 246 190 158 146 446 111 262 820 1122 1020 900 645 467 415 273 193 217 146 137 117 382 191 302 813 994 893 807 748 625 515 468 230 209 184 102 74 72 
84 557 1467 980 701 522 413 316 309 236 271 272 200 104 55 43 139 1382 1743 753 650 433 244 149 139 158 154 169 153 169 76 19 563 2099 1453 817 612 431 201 121 91 56 38 30 14 4 0 0 
156 490 1404 1494 1085 799 689 606 527 460 374 278 213 184 170 672 212 923 2028 1486 1076 696 505 385 384 330 331 165 157 162 163 598 748 1411 1829 1236 924 680 533 438 333 268 195 184 172 159 157 334 
37 65 161 262 345 308 478 528 526 431 335 383 411 480 575 2731 75 160 347 407 530 671 605 433 374 300 276 303 357 410 632 2176 223 342 573 662 622 634 782 895 663 680 479 404 300 283 312 202 
75 99 198 279 494 678 508 376 278 224 247 214 159 125 124 709 134 180 596 888 580 348 263 203 214 214 149 125 94 79 119 601 216 209 453 802 637 359 282 240 211 194 180 167 150 154 231 302 
293 3662 3042 952 494 506 493 320 343 422 691 245 146 78 71 315 308 4759 3036 1125 429 214 127 91 87 164 298 570 343 127 82 313 1154 4874 2113 1168 400 443 742 357 226 111 70 69 58 63 82 143 
14 317 1113 896 872 873 902 725 760 707 619 596 594 477 458 885 15 1477 1993 1205 931 945 680 592 513 450 470 433 309 211 249 335 220 1520 1640 1524 1087 771 881 945 840 414 146 158 109 111 132 310 
37 203 1212 1515 1101 803 698 608 387 242 258 186 138 108 64 215 60 315 1371 1660 1103 803 600 365 341 283 228 181 131 88 80 166 190 762 1473 1272 1085 682 695 607 282 160 154 158 121 58 25 51 
31 161 346 402 657 940 947 795 631 526 541 557 794 531 240 329 56 266 433 753 839 842 1042 869 843 730 491 382 351 212 48 271 99 384 329 564 743 644 807 1163 1002 736 520 515 413 400 109 0 
0 26 76 90 89 113 73 94 94 68 117 137 154 217 216 481 0 0 68 99 55 66 126 118 145 187 236 216 203 170 181 175 30 119 140 125 170 112 155 189 205 121 179 241 123 86 36 14 
356 1121 323 355 388 215 182 198 201 158 98 57 62 49 50 277 360 1114 274 203 242 315 263 171 186 222 192 145 79 37 25 262 161 823 857 463 352 204 224 204 184 159 74 87 34 17 30 217 
182 272 332 204 177 154 169 158 141 159 181 229 272 418 301 206 198 99 453 368 224 180 235 266 321 368 314 201 73 62 62 131 983 680 432 347 257 127 151 150 109 72 50 42 35 31 25 64 
344 488 376 250 211 157 183 172 198 176 188 221 245 291 260 452 486 506 529 501 238 191 193 184 171 183 200 167 133 156 132 242 960 1088 582 345 357 295 164 107 77 59 32 29 31 21 15 50 
403 255 211 204 166 150 131 103 140 167 134 103 30 22 24 68 567 409 279 158 152 147 110 84 79 67 75 47 24 24 20 69 404 481 280 192 134 124 124 126 88 78 60 43 37 26 30 84 
218 153 127 142 142 188 186 139 154 143 119 112 86 91 105 95 347 305 367 297 155 120 131 70 62 62 61 65 46 32 22 58 250 301 329 255 213 140 120 90 86 72 62 59 50 45 40 88 
277 259 281 234 266 242 190 137 99 75 75 82 78 124 65 83 640 573 425 215 154 104 96 77 63 47 44 30 27 12 14 46 482 578 383 268 215 157 147 72 55 46 31 26 16 16 13 62 
107 214 149 200 161 190 192 154 163 238 161 127 112 119 137 352 174 276 234 241 178 168 180 145 159 107 156 205 136 73 92 252 71 185 212 289 314 263 219 212 154 104 111 185 133 78 67 179 
168 738 526 208 146 118 140 184 270 294 241 144 131 94 116 262 173 580 383 318 172 133 113 128 159 214 289 258 219 173 157 311 54 557 493 358 219 229 229 230 248 262 192 149 152 153 92 163 
2 6 21 42 84 132 370 438 392 353 592 437 248 278 88 64 3 4 15 29 44 91 108 206 454 397 381 686 501 293 266 69 38 180 1126 788 265 220 197 154 159 158 109 46 38 11 18 40 
20 64 164 232 367 341 385 361 324 276 266 321 192 136 266 30 390 478 392 341 287 242 232 245 264 239 180 151 179 101 23 1 583 659 478 405 360 245 186 170 149 126 116 121 93 25 28 1 
5 20 40 77 117 155 271 311 358 416 627 565 310 241 39 24 7 15 18 46 86 100 121 220 318 302 427 663 665 361 196 31 89 325 1021 753 281 235 208 182 145 148 76 42 22 27 20 2 
1 256 389 406 361 387 379 243 139 66 31 15 18 16 20 4 0 32 321 402 396 339 392 415 205 120 37 16 16 17 19 4 0 132 237 299 354 336 238 277 285 306 149 60 14 15 14 15 
43 409 493 532 478 476 314 103 59 58 33 41 52 0 0 0 3 143 423 567 470 415 459 326 125 52 32 57 19 0 0 0 14 254 368 449 313 292 258 321 382 264 154 22 0 0 0 0 
6 322 179 291 303 443 450 241 167 247 319 236 276 235 56 2 0 143 237 250 282 346 433 382 258 177 396 269 341 222 37 0 0 213 201 256 176 215 282 389 592 507 395 272 200 75 0 0 
0 3 35 29 39 66 136 137 118 127 160 192 37 16 16 0 0 0 9 29 30 36 42 125 142 80 126 164 228 69 22 9 0 23 40 42 56 311 332 198 57 21 11 12 5 3 0 0 
22 101 266 317 269 265 246 165 135 105 83 83 53 79 83 9 0 64 367 393 315 284 286 135 65 56 74 67 70 88 17 0 3 69 246 415 300 180 214 268 244 101 61 113 49 5 7 6 
7 160 238 218 284 331 143 61 42 24 12 8 8 4 1 3 0 139 399 360 304 144 70 60 26 16 11 4 5 2 3 1 2 110 324 255 315 224 108 75 55 29 18 12 5 3 4 5 
0 4 32 135 136 192 375 478 163 157 228 299 288 236 132 5 0 0 21 82 157 158 323 374 477 272 249 220 284 175 65 3 2 9 40 135 288 432 270 185 286 488 325 160 140 94 5 1 
24 154 167 220 334 453 658 406 131 36 27 19 18 24 30 41 2 95 113 188 306 428 520 494 377 73 22 12 20 28 40 24 11 112 77 152 273 358 308 339 307 238 268 193 43 20 25 18 
2 106 305 448 492 452 455 404 347 267 76 53 22 11 1 0 0 11 191 438 588 575 488 416 375 232 68 34 16 8 1 0 0 22 170 286 490 500 514 430 309 252 200 223 44 1 0 0 
0 12 121 318 431 485 504 490 243 226 189 112 91 131 248 248 0 0 42 254 431 555 506 604 443 171 100 74 109 159 274 127 0 0 28 191 445 478 545 490 370 336 235 183 129 137 210 72 
0 135 585 419 287 260 264 234 212 137 47 8 11 1 0 0 0 7 313 616 326 262 273 254 333 170 27 9 9 1 0 0 2 50 422 529 505 402 170 102 75 87 77 112 62 5 0 0 
244 1090 1775 1136 457 223 96 71 38 30 35 28 12 5 2 4 750 1992 1208 623 311 138 48 34 38 22 28 30 18 1 1 4 244 1744 1477 791 483 211 95 47 30 28 19 13 22 24 14 4 
193 481 1166 1272 568 479 216 84 40 37 26 9 12 3 4 3 358 1005 1465 886 458 197 85 48 40 20 11 9 3 4 2 2 154 679 1075 1249 672 413 167 73 38 31 15 16 4 2 3 2 
429 1891 663 498 501 488 403 302 159 79 132 316 99 10 2 1 1249 1394 649 677 430 325 334 203 113 147 275 157 17 3 0 0 572 1731 646 617 538 476 461 530 249 65 23 27 29 7 2 0 
0 40 558 1245 1100 1126 611 204 89 110 49 16 15 3 4 3 12 391 1230 1307 1082 599 213 114 122 47 30 14 4 4 2 2 0 56 609 1294 1269 978 497 164 107 73 37 32 35 17 3 2 
0 0 2 140 766 1281 1371 1207 697 448 514 458 526 467 695 1481 0 0 0 13 136 370 1521 1361 1355 757 611 473 507 511 635 1803 183 1322 2949 1664 528 846 955 654 238 176 130 129 118 97 60 4 
0 0 3 260 291 234 666 808 409 383 495 623 785 827 839 4111 0 0 0 0 158 368 279 651 867 376 402 489 703 835 917 4689 153 778 1343 828 1096 1283 689 791 928 977 660 333 229 183 188 275 
0 5 820 2667 1623 927 650 716 505 328 313 302 403 138 44 31 0 22 2854 1850 1156 892 794 733 483 268 175 90 66 39 27 23 33 1648 2738 1382 911 719 682 527 393 174 91 66 38 31 22 17 
0 0 236 650 1032 631 402 282 232 289 345 357 457 577 729 1406 0 0 2 256 225 1231 653 437 325 232 260 291 397 494 735 2087 251 1858 1030 890 757 549 582 576 400 228 176 145 64 76 42 1 
0 10 247 374 870 1274 839 664 573 445 455 485 515 571 654 920 0 2 55 1018 1622 806 874 597 400 363 399 427 426 557 740 610 27 697 1060 2068 1347 818 488 451 391 326 258 251 289 286 139 0 
0 0 0 0 0 1 36 213 269 338 247 156 215 320 703 1449 0 0 0 0 0 0 1 10 34 202 473 320 222 267 380 2038 5 16 19 145 640 1023 732 570 421 213 89 37 17 15 5 0 
0 0 217 400 515 1439 1570 968 455 393 342 326 310 410 612 1983 0 0 0 245 261 433 1070 1535 1321 612 429 370 344 362 498 2460 111 2868 2096 953 703 625 466 455 291 384 280 180 135 110 95 188 
0 7 546 1136 5114 1692 1232 717 322 204 240 265 164 68 35 80 0 0 46 488 722 2980 3715 1447 928 370 200 248 236 220 124 98 219 6738 2050 766 933 720 225 62 23 8 12 13 24 18 11 0 
0 4 254 516 874 3338 1988 405 284 365 345 344 463 397 625 1030 0 0 48 186 416 517 2175 3347 568 305 378 301 302 440 455 1794 86 4295 2859 656 499 427 445 539 405 256 176 162 141 89 89 108 
0 0 441 539 192 230 433 518 372 422 431 572 1003 1263 1700 2184 0 0 7 450 457 169 273 296 538 403 368 393 497 745 1345 4359 145 1199 845 561 866 1416 1346 1236 722 405 209 193 180 219 363 395 
0 0 77 234 479 754 993 372 565 536 522 602 552 451 436 605 0 0 4 73 224 440 848 849 399 390 744 611 507 497 692 900 31 542 524 945 1048 626 766 766 457 325 154 146 147 212 248 241 
17 747 4700 1588 888 720 750 946 741 181 137 159 170 271 582 1181 1 338 4214 2327 885 668 660 662 712 641 163 185 162 278 571 1311 478 3661 3189 1244 1212 784 626 474 305 201 153 278 338 294 316 225 
0 0 95 655 1304 1676 1405 1004 708 459 265 242 302 196 0 0 0 0 0 44 500 876 1941 1195 1089 800 571 402 332 349 212 0 396 3205 1400 906 718 1036 363 247 27 8 5 0 0 0 0 0 
168 1144 1022 800 901 649 521 486 417 252 56 0 0 0 0 0 242 1545 1415 1224 690 473 505 251 50 15 2 4 0 0 0 0 499 1655 1357 1256 797 480 345 21 5 1 0 0 0 0 0 0 
34 1010 1504 1691 1399 1180 1748 1561 1227 587 392 249 347 90 62 52 47 997 1307 1519 1371 1160 1428 1670 1189 868 646 329 372 153 50 27 389 1677 1748 1946 1710 1159 1249 1270 949 521 303 198 14 0 0 0 
33 1972 1589 1366 1302 1219 1281 894 352 48 11 3 0 0 0 0 94 1781 1468 1206 1071 1072 1300 1270 593 171 35 9 0 0 0 0 565 2067 1137 1127 1012 976 1157 1344 495 166 21 3 0 0 0 0 
245 1125 1123 1000 1112 1146 916 474 283 185 107 61 42 41 37 1 275 1087 1080 922 1080 1111 866 557 330 243 132 76 45 46 40 8 578 1133 877 846 930 1192 889 641 422 216 89 33 29 17 5 1 
8 643 1336 1004 772 489 237 188 86 21 4 0 0 0 0 0 155 1181 1103 865 514 420 254 195 78 21 2 0 0 0 0 0 422 1259 941 811 437 403 268 180 54 12 1 0 0 0 0 0 
756 1507 1400 1060 917 898 799 339 91 31 1 0 0 0 0 0 1047 1448 1274 1041 839 862 769 374 108 34 3 0 0 0 0 0 1495 1297 1141 1038 756 815 726 414 105 12 0 0 0 0 0 0 
0 0 41 544 1339 1632 2269 1758 837 609 303 59 43 24 0 0 0 0 0 2 137 901 1695 1870 2224 1426 682 437 84 0 0 0 3607 1797 1191 767 627 515 507 180 107 66 48 33 13 0 0 0 
4 10 13 46 628 1066 1352 1667 2351 2413 2527 1029 241 18 14 3 0 10 12 18 27 415 993 1174 1090 1439 2237 2111 1917 1723 216 0 2297 1500 1905 1450 1209 1101 1230 835 674 690 370 104 16 1 0 0 
701 383 298 432 660 1136 1927 2660 2010 1077 617 453 96 22 6 0 334 224 315 303 381 581 958 1599 2771 2449 1590 848 125 0 0 0 4027 2049 1882 2012 1196 710 307 125 21 33 51 37 26 2 0 0 
777 1031 694 1274 2732 3434 1341 601 242 148 157 107 93 45 6 1 205 312 799 870 860 1395 2461 3331 1559 575 249 54 9 2 2 0 5565 2594 1875 1159 745 537 155 36 5 2 3 1 3 1 1 1 
945 452 253 264 918 1405 1552 2768 1686 1774 917 251 48 44 1 0 270 426 440 348 238 568 1325 1436 1924 2547 1444 1775 503 34 0 0 4020 2761 2347 1480 1186 762 284 156 59 38 71 33 45 35 1 0 
80 56 89 112 352 1120 1144 1314 1735 2901 2183 398 21 3 0 0 12 47 40 47 76 100 659 1193 1028 1179 2267 3047 1692 121 0 0 1402 1296 1199 1577 1750 1569 969 981 559 155 34 17 0 0 0 0 
700 589 758 804 834 1578 2288 1823 1240 1042 976 789 565 182 103 1 198 530 428 617 783 791 856 1522 2459 1522 1366 1080 997 738 383 2 1520 789 1099 1691 2027 1719 1021 901 875 895 550 345 292 289 200 59 
1 33 34 83 230 281 328 546 517 657 848 919 1044 1267 295 54 1 39 121 235 498 546 558 731 812 897 1267 989 359 82 2 0 35 159 673 1607 1037 788 856 715 490 296 226 157 83 15 0 0 
1 43 38 61 207 126 96 108 122 160 334 631 1062 2352 498 3 1 14 42 48 52 197 152 97 107 161 363 873 2215 1401 117 2 23 77 325 1187 1680 1175 622 280 183 81 67 52 43 41 6 0 
28 387 671 757 463 460 420 436 464 651 696 851 860 1383 551 24 32 650 801 611 648 670 583 693 638 665 534 696 916 872 93 0 162 1158 1505 1016 839 692 862 1142 770 438 332 155 27 4 0 0 
38 654 823 774 659 480 443 439 503 568 560 718 856 1081 166 15 107 1881 1239 675 548 511 472 458 425 433 553 775 587 99 14 0 230 1824 1454 1145 1268 1059 779 461 267 123 81 36 31 18 1 0 
120 1143 842 667 491 511 445 391 392 409 402 430 592 792 299 15 157 1852 1536 863 417 317 288 342 380 383 411 366 449 160 20 0 347 1927 1307 762 493 515 595 710 652 305 155 76 74 22 1 0 
299 1668 1815 957 665 632 455 325 283 278 337 555 819 939 334 16 302 2057 1555 1316 640 420 499 350 278 358 469 693 1055 350 35 0 878 3032 2029 1263 650 414 371 348 490 449 250 105 68 28 2 0 
0 5 11 10 50 92 151 242 370 618 639 942 2184 1369 91 1 0 0 8 12 11 20 72 147 246 461 758 1363 3231 394 52 0 10 22 1395 3166 1218 522 221 87 30 25 23 22 12 13 9 0 
0 2 176 480 294 263 155 56 48 35 23 6 2 0 0 0 0 0 10 255 367 322 246 162 75 56 31 13 3 0 0 0 725 300 197 108 70 47 40 32 13 5 3 0 0 0 0 0 
0 4 526 1197 877 336 82 29 27 9 9 2 0 0 0 0 0 0 16 357 778 929 639 253 45 39 30 7 5 0 0 0 1290 924 404 254 112 40 33 12 11 8 6 4 0 0 0 0 
0 7 573 1126 1083 745 635 330 180 85 59 48 50 30 21 7 0 0 18 367 892 999 1067 744 341 193 119 56 57 62 40 24 1267 1330 629 383 267 312 317 143 74 43 37 32 42 59 24 20 
5 198 108 49 28 21 12 9 10 9 16 18 11 11 7 2 0 90 144 34 36 38 37 14 10 15 18 20 29 15 11 3 12 100 97 34 23 20 25 25 34 19 16 21 19 19 28 22 
119 285 67 43 15 15 9 4 6 4 7 2 5 5 4 7 52 295 89 40 33 20 9 10 4 10 7 9 4 4 4 7 192 113 89 48 35 31 18 14 7 3 6 12 7 9 9 4 
1 92 88 93 45 37 24 34 24 13 8 17 14 13 9 12 70 186 56 30 26 20 18 22 24 17 11 13 12 8 4 7 167 76 51 33 21 26 14 19 25 23 12 10 10 10 11 16 
20 221 93 35 18 33 11 27 10 16 19 11 6 5 10 8 135 219 46 29 25 14 14 8 13 6 8 2 5 7 5 7 260 92 50 24 21 10 14 13 11 17 3 7 4 7 2 8 
0 18 401 268 314 352 442 344 299 246 198 117 63 60 28 42 0 3 296 366 357 450 428 453 305 163 128 96 61 45 13 28 0 3 255 346 346 413 453 325 356 265 156 97 71 47 24 35 
0 22 473 251 303 258 288 222 187 168 110 88 58 44 30 37 0 3 381 303 353 296 312 271 251 130 75 53 54 21 10 26 0 11 328 317 247 285 273 232 230 232 151 85 50 44 22 32 
1 79 374 447 177 53 24 23 15 4 3 3 0 0 0 0 0 90 368 369 233 43 45 19 19 10 3 3 1 0 0 0 0 99 289 335 190 177 62 28 8 3 7 3 1 1 0 0 
0 0 68 563 381 262 280 278 356 386 226 114 79 47 29 8 0 0 149 579 470 412 449 354 258 158 106 79 30 25 8 0 0 1 219 595 290 246 337 427 334 279 154 78 54 40 15 8 
0 16 329 854 457 227 302 258 243 198 101 65 44 27 21 17 1 14 425 823 558 434 284 253 134 95 46 29 34 8 13 8 0 14 475 837 391 382 374 262 184 103 58 38 24 16 1 0 
96 3326 1051 441 315 271 335 269 277 282 392 458 628 951 961 503 235 2929 1413 578 343 260 356 274 367 499 743 797 820 636 233 73 5115 542 330 416 501 570 929 895 586 245 211 135 61 20 0 0 
1993 1677 1156 986 597 683 619 515 283 109 58 37 33 35 15 6 2089 2270 1093 733 384 228 584 547 514 185 62 39 40 25 6 3 2956 1908 1413 1167 559 249 135 111 93 63 37 35 31 30 12 3 
31 121 209 1327 720 402 342 240 235 265 375 492 806 741 749 433 20 119 188 1375 727 428 396 380 392 450 682 758 683 595 276 19 2163 910 678 939 686 600 595 417 199 146 121 32 2 0 0 0 
2 1537 1060 603 251 121 101 90 83 81 151 454 498 953 427 184 2 202 1782 967 460 162 107 99 80 85 124 505 741 974 216 90 3723 71 182 578 673 665 297 113 77 58 96 47 16 0 0 0 
2384 1954 1631 1063 693 454 314 195 113 71 42 42 22 46 18 5 3190 2624 1120 699 477 328 214 128 74 46 47 23 34 32 10 1 3922 1928 1038 666 497 350 213 153 85 57 36 23 25 42 10 2 
116 1460 728 442 545 483 551 518 525 568 619 719 558 645 732 542 96 1204 1009 509 443 668 629 530 560 690 849 588 582 811 410 173 3779 1031 967 932 737 628 653 453 209 162 97 77 21 5 0 0 
531 394 217 213 289 177 199 216 199 193 167 155 106 35 20 9 164 540 327 192 300 180 182 205 196 181 183 165 156 97 29 23 1271 355 212 179 192 217 196 169 124 99 49 21 24 10 2 0 
321 275 180 172 176 163 154 158 147 144 141 113 142 66 28 17 99 314 272 190 179 189 151 143 127 152 149 124 107 138 41 22 982 262 196 166 148 119 105 102 119 103 53 20 13 8 1 0 
157 299 212 155 94 62 58 43 48 36 29 63 136 86 34 9 139 219 216 189 95 95 65 53 50 32 34 45 105 129 46 9 269 366 149 120 63 56 45 40 40 34 40 59 61 54 73 52 
0 584 18424 13816 6868 3441 2422 1482 808 347 196 77 53 51 53 244 0 12049 24645 5014 2376 1610 1327 684 368 221 146 58 48 47 41 232 0 8441 26145 5091 2778 1705 1561 1398 681 353 192 86 56 49 69 261 
0 1222 13757 17330 6861 3581 4042 5017 3540 914 161 58 37 28 30 48 0 14105 16080 9636 2891 2756 4866 4011 1291 696 155 30 23 25 31 30 0 12388 18175 8911 3988 3382 3201 3888 2098 224 82 60 63 58 39 69 
0 7124 18770 11630 6690 4075 4012 3912 2168 1038 646 170 17 2 0 2 2 28535 11681 4374 3934 3569 3515 2485 920 711 441 79 7 1 1 1 11 27142 11503 4750 3354 3298 3300 3395 1704 853 596 303 37 6 2 2 
0 2763 19986 6551 4540 4097 3712 3337 3629 1387 718 330 104 74 78 177 3 20726 11134 5300 3883 2734 3283 1702 998 782 360 243 71 54 79 131 14 20624 9464 5317 3680 2639 2413 3349 1362 1093 539 437 183 73 88 208 
2 6538 28483 13285 4866 4283 4869 4640 1247 872 350 178 89 85 73 303 27 38104 9862 4875 4081 4127 4245 2414 835 719 261 103 83 73 75 279 118 37356 9590 4894 3591 3670 3829 3758 1463 792 423 94 79 85 89 332 
0 13411 32273 7623 4684 4484 4542 3087 3711 2912 1901 1887 550 379 698 2135 4 32742 16840 6711 4233 4266 4460 3829 2843 1930 2104 737 384 388 734 2072 1029 35258 15299 6520 5731 5356 4668 2890 1622 901 595 623 414 383 585 2403 
6 48 60 1728 7203 2788 1538 1085 726 319 105 18 10 6 0 0 0 0 41 46 239 2383 4482 3112 1691 1167 1076 640 451 213 97 2 1202 3746 3471 2788 1370 735 727 606 258 217 209 174 87 50 0 0 
7 106 566 3234 4340 1859 1101 673 558 306 146 35 9 4 0 0 0 6 77 295 1876 3581 2519 1239 879 549 525 481 421 350 140 6 1590 2817 3026 1857 809 587 498 392 356 295 198 195 207 111 6 0 
0 10 279 5133 3478 2486 2157 1287 447 159 122 3 6 0 0 0 0 0 10 148 3330 3148 1971 1735 1473 1372 953 818 347 189 73 0 2508 3909 2162 1191 1580 1456 877 848 439 190 170 110 98 29 0 0 
1 80 1026 4798 7295 2358 913 271 113 65 60 58 52 29 8 0 0 7 84 368 2920 4791 5372 2387 492 211 172 122 78 76 40 7 1900 4530 4251 2785 1956 766 375 239 123 88 72 39 3 0 0 0 
0 5 56 127 168 335 416 340 491 262 145 133 80 84 77 64 7 140 158 294 458 464 338 215 204 95 65 72 74 78 64 57 97 268 522 523 404 292 192 125 75 85 72 86 42 0 0 0 
31 196 260 165 179 177 111 92 102 68 11 0 0 0 0 0 61 136 399 302 147 116 120 60 19 14 17 1 0 0 0 0 77 153 232 216 189 131 145 94 93 54 8 0 0 0 0 0 
37 203 223 149 139 80 69 100 42 3 0 0 0 0 0 0 67 100 162 222 168 171 93 48 14 0 0 0 0 0 0 0 35 63 178 124 118 91 89 159 84 63 19 22 0 0 0 0 
126 463 186 21 11 15 5 4 9 3 0 0 0 0 0 0 83 199 408 85 21 12 15 4 8 7 1 0 0 0 0 0 127 277 309 98 10 10 5 7 0 0 0 0 0 0 0 0 
23 245 357 210 182 262 258 254 82 56 25 24 16 10 1 0 6 91 421 259 250 302 356 139 72 48 18 20 10 11 2 0 29 130 235 365 222 195 180 221 204 110 59 28 16 10 1 0 
5 47 141 205 149 325 321 172 84 76 37 34 44 57 41 60 32 95 200 194 199 343 237 116 69 77 49 47 52 28 23 37 253 254 261 328 239 96 53 46 35 35 51 59 35 29 24 0 
0 13 61 196 300 335 169 36 31 34 24 23 24 40 9 32 23 40 107 282 359 245 62 41 30 28 23 37 14 7 5 24 150 194 247 283 206 88 27 28 32 21 13 8 6 5 14 5 
92 288 229 189 286 328 310 281 189 132 70 42 34 27 19 62 44 143 304 332 288 330 308 267 202 139 56 44 42 13 17 49 93 228 332 314 283 183 149 140 146 194 171 122 119 52 34 18 
553 259 207 118 92 120 86 91 19 16 13 11 9 7 2 0 616 301 168 90 102 106 89 54 20 16 14 11 7 7 2 0 710 218 132 91 89 88 79 77 52 14 15 9 11 12 6 0 
153 266 95 108 121 106 178 201 122 53 33 25 33 48 24 1 143 312 131 100 140 136 184 160 78 44 23 36 41 38 1 0 184 266 109 100 113 212 243 119 54 37 30 36 45 19 0 0 
289 636 372 421 326 277 279 204 176 138 71 33 21 39 47 57 206 728 476 334 298 245 281 215 172 135 77 55 23 29 46 66 221 625 484 506 369 315 211 182 144 90 56 26 19 33 48 57 
198 571 255 176 80 44 21 11 11 6 5 11 2 0 4 0 110 660 268 175 69 44 17 15 9 4 7 11 2 0 4 0 140 555 250 176 127 51 39 17 8 8 5 12 2 1 3 1 
89 408 345 230 129 143 134 87 39 19 18 2 1 0 0 0 89 411 403 226 124 137 128 62 28 21 12 2 1 0 0 0 114 277 388 225 206 138 129 90 45 19 13 0 0 0 0 0 
180 561 407 235 217 246 249 442 442 351 176 105 50 16 8 6 252 692 339 206 179 161 190 384 477 391 232 112 51 17 6 2 329 577 326 230 261 326 425 439 327 205 126 62 37 9 7 5 
285 647 310 240 228 327 343 267 334 452 279 204 159 75 53 41 343 709 306 225 213 194 266 320 333 427 296 249 206 73 48 36 397 576 320 226 301 355 388 372 387 237 199 163 154 82 41 46 
412 411 192 148 120 110 128 126 57 28 40 45 25 33 31 31 572 368 151 117 123 112 115 106 30 27 38 54 28 31 33 32 674 231 148 132 104 93 105 98 102 27 35 47 35 25 36 45 
6 15 12 19 59 74 133 142 171 245 258 294 163 226 125 26 0 14 14 73 69 123 119 189 291 339 271 227 161 78 0 0 102 58 73 95 187 213 247 245 328 245 103 65 7 0 0 0 
443 150 94 69 48 41 38 19 19 4 1 1 0 0 0 0 409 142 103 89 57 47 33 25 14 7 1 0 0 0 0 0 474 145 82 51 46 43 44 21 13 4 2 2 0 0 0 0 
285 167 67 23 28 22 8 3 5 18 27 55 7 0 0 0 312 130 71 29 30 22 4 3 3 4 8 32 62 5 0 0 298 143 68 57 29 23 20 34 26 15 2 0 0 0 0 0 
21 109 187 90 78 68 79 68 84 83 64 59 46 18 15 20 316 187 84 67 62 128 117 41 29 10 11 9 8 8 6 6 177 214 118 92 88 82 112 87 38 20 12 11 10 10 9 9 
31 176 214 160 121 108 138 109 136 126 136 114 133 118 38 28 132 312 205 189 176 178 220 167 149 48 30 23 22 26 7 2 360 250 137 179 215 180 166 122 115 91 36 17 10 3 4 1 
1 117 190 127 95 102 175 124 188 175 259 198 180 115 39 22 68 278 199 152 160 189 279 200 208 185 104 36 16 18 13 2 263 174 126 140 211 231 228 213 249 153 65 22 18 9 4 1 
0 6 88 93 82 109 56 34 22 24 19 29 23 26 21 30 6 91 103 75 160 49 21 21 28 24 25 25 21 8 4 1 223 102 49 59 50 23 25 29 17 22 35 24 4 0 0 0 
0 1 305 398 480 380 468 329 215 150 194 45 32 1 0 0 0 0 107 384 395 487 433 359 238 205 190 164 33 3 0 0 1242 493 461 297 147 192 99 38 24 5 0 0 0 0 0 0 
0 0 114 461 414 400 476 368 295 367 471 260 108 41 21 15 0 0 3 334 368 352 447 421 362 356 450 482 173 34 18 11 1155 633 402 328 450 406 192 96 68 37 21 10 13 0 0 0 
0 0 13 292 431 365 307 282 389 321 312 311 402 417 229 49 0 0 0 136 306 383 322 297 315 348 343 416 408 434 412 0 1049 391 376 385 320 273 214 267 294 250 240 61 0 0 0 0 
0 0 128 316 406 349 222 277 262 242 224 252 191 101 41 3 0 0 7 221 315 470 309 269 253 264 288 209 206 143 55 5 982 401 369 269 213 226 205 175 75 58 34 7 0 0 0 0 
0 0 1 169 177 168 211 245 345 179 168 144 118 119 163 33 0 0 0 56 168 181 174 289 355 232 144 152 139 126 188 36 509 217 187 258 344 172 100 80 95 102 97 58 5 10 6 0 
61 254 1470 2096 2126 1588 1349 1298 1648 1215 505 306 192 75 6 5 66 839 1745 2460 2283 1601 1885 1463 822 498 378 131 13 2 5 3 412 1790 2386 2131 1699 1406 1602 1438 668 316 197 112 31 4 2 0 
251 860 3383 3408 2504 1392 915 781 483 151 77 40 17 1 0 0 462 3134 3415 2935 1693 998 504 557 248 158 110 32 11 6 0 0 2377 3786 2908 2062 1417 919 451 234 60 18 7 10 9 5 0 0 
84 664 3448 2990 1082 762 829 968 855 632 534 533 403 176 108 94 210 811 3802 2569 1183 807 689 1200 678 550 585 455 263 110 78 172 363 2522 3784 1863 1317 1006 837 689 478 343 241 222 125 98 83 191 
0 91 746 597 502 324 265 203 216 231 259 272 165 119 126 146 8 796 688 406 301 262 200 196 174 221 255 253 149 102 110 141 18 825 595 389 301 230 208 187 197 225 195 204 202 163 122 201 
2 210 444 343 266 267 237 196 199 138 157 137 126 90 51 17 10 447 423 293 251 237 198 193 180 106 149 123 106 97 44 23 60 395 373 325 219 225 207 170 133 129 92 133 145 155 79 40 
0 0 24 83 363 295 339 401 442 614 626 731 1148 503 0 0 0 0 12 56 233 328 302 377 445 535 687 714 1046 834 0 0 33 258 578 661 575 456 496 646 489 506 620 249 2 0 0 0 
0 302 1413 1047 663 1014 947 840 696 664 593 894 317 0 0 0 0 261 760 1312 816 745 1019 909 705 739 715 748 661 0 0 0 1222 2099 1435 813 1052 730 529 441 764 304 1 0 0 0 0 0 
0 51 105 308 1417 662 654 854 787 728 894 1019 1233 7 0 0 0 61 97 213 1185 758 583 667 853 758 882 1117 1523 22 0 0 248 1405 1464 886 809 987 997 1033 878 12 0 0 0 0 0 0 
0 44 565 1227 1879 1559 1143 948 949 973 1232 771 997 185 123 118 0 51 505 1016 1733 1261 1360 947 937 1038 1340 945 1123 208 139 110 565 3140 2052 1598 1361 990 813 621 674 180 123 107 77 111 125 176 
0 0 0 69 617 852 700 672 765 1016 868 1116 1220 406 71 157 0 0 0 38 453 741 679 652 682 1010 1111 1235 1231 464 68 165 2 259 1080 1036 932 1134 1279 1120 789 414 123 66 44 45 58 148 
0 0 29 376 1066 1726 2101 1340 895 335 146 140 166 239 298 61 0 0 22 274 938 1530 1970 1611 909 634 133 146 159 254 276 62 0 112 1516 2106 1686 1483 550 193 148 118 112 116 152 151 329 146 
0 0 213 279 1244 1433 1778 1553 1510 694 501 479 541 699 362 0 0 0 218 251 955 1355 1665 1592 1752 888 504 496 552 706 352 0 1 416 1418 1750 1903 1306 614 508 479 444 375 440 439 584 587 22 
0 0 551 1192 1151 1682 3242 2170 954 490 414 124 35 1 0 0 0 5 458 1158 1121 1289 1964 2943 1541 817 463 208 37 2 0 0 57 1610 2658 2780 3050 1049 450 167 38 32 34 28 33 20 0 0 
0 0 34 110 1274 1123 1430 1023 1627 487 75 59 49 26 0 0 0 0 31 124 1016 986 1149 1302 1161 1323 80 63 45 37 0 0 0 852 1297 1243 1207 1905 319 140 94 66 50 52 50 40 2 0 
0 0 285 643 1027 1088 1033 1197 1198 1412 1444 2039 1149 21 0 0 0 0 226 622 989 891 899 1060 1171 1327 1707 2246 1380 16 2 0 164 1734 1782 1534 1773 1303 2180 1013 832 156 25 21 11 7 1 0 
0 0 284 418 836 692 712 968 912 1248 1350 1827 1216 27 0 0 0 0 162 557 895 472 569 871 763 1180 1515 1839 1619 48 0 0 82 1227 1956 1076 1315 1652 1740 965 384 92 1 0 0 0 0 0 
0 0 31 440 1164 2335 296 194 216 179 191 136 139 157 318 129 0 0 9 329 883 2638 374 210 182 212 205 126 141 162 287 167 110 496 1893 1400 284 189 147 160 128 136 111 91 102 146 246 286 
0 5 240 504 1207 1240 1636 1917 2632 2117 1331 72 0 0 0 0 0 1 192 481 1217 945 1372 1702 2259 2334 2121 277 0 0 0 0 84 1739 2701 2135 1882 2155 1519 536 90 33 27 0 0 0 0 0 
0 0 13 201 1150 1172 1074 1013 757 798 751 771 837 1300 436 5 0 0 11 100 992 1028 917 1061 804 836 890 865 995 1521 254 4 816 1620 1546 1177 934 864 650 559 730 890 479 11 2 0 0 0 
0 448 1336 1284 1971 1606 1430 1311 1506 1401 356 75 89 21 19 5 0 376 1356 1163 1759 1486 1343 1280 1288 1633 950 64 97 36 22 5 1121 2999 3121 2481 1913 901 67 69 71 29 17 16 10 14 16 13 
0 5 138 259 805 1141 1031 945 719 599 754 904 723 19 0 0 0 0 145 245 530 1141 1025 885 797 681 790 962 819 22 0 0 123 802 1636 1358 810 1007 688 657 698 253 10 0 0 0 0 0 
